Instance: CBPP
Bin radius: 14.14
Rotate enable: false
Bin num: 35
Lower bound: 30
Opt: false
Gap: 0.14285714285714285
Bin id,X coordinate of lower left corner,Y coordinate of lower left corner,Item's width,Item's height
1,-2.48,-13.920818941427262,4.96,9.83
1,-7.300000000000001,-12.109896779081149,4.82,9.94
1,-12.14,-7.249827584156743,4.84,9.79
1,-13.39,-4.543952024394625,1.25,9.01
1,2.4800000000000004,-12.055185606202835,4.91,9.54
1,7.390000000000001,-6.95726239263692,4.92,9.52
1,12.309999999999999,-4.42433045782071,1.12,8.75
1,-2.4800000000000004,-4.090818941427262,4.96,8.91
1,2.4799999999999995,-2.515185606202836,4.91,6.04
1,-7.24,-2.1698967790811494,4.76,9.31
1,-11.74,2.540172415843256,4.5,5.05
1,7.39,2.562737607363079,4.31,5.3
1,2.5999999999999996,3.524814393797164,4.79,8.49
1,-2.380000000000001,4.819181058572738,4.98,8.85
1,-7.090000000000001,7.140103220918851,4.71,5.04
2,-2.305,-13.950862876539214,4.61,9.98
2,-7.194999999999999,-12.17257470710285,4.89,9.39
2,-11.765,-7.843747509959764,4.57,9.99
2,-13.235000000000001,-4.977386362339174,1.47,9.87
2,2.3049999999999997,-12.311278365791264,4.65,9.78
2,6.955,-8.164102828847762,4.59,9.89
2,11.545,-4.674459861845001,1.8,9.29
2,-2.3049999999999997,-3.970862876539213,4.61,8.76
2,-7.195,-2.7825747071028495,4.89,8.88
2,2.3050000000000006,-2.5312783657912643,4.65,9.44
2,6.955000000000001,1.7258971711522388,4.59,5.23
2,-11.765,2.1462524900402364,4.57,5.26
2,-2.3050000000000006,4.789137123460787,4.61,7.64
2,-7.065,6.097425292897151,4.76,6.09
2,2.3049999999999997,6.908721634208735,4.27,5.03
3,-2.28,-13.954970440670952,4.56,9.69
3,-7.06,-12.251367270635551,4.78,9.15
3,-12.05,-7.398452540903402,4.99,8.73
3,-13.5,-4.205900616990374,1.45,8.34
3,2.2800000000000002,-12.139897034159722,4.97,8.74
3,7.25,-7.760618532050136,4.57,9.37
3,11.82,-4.393859351413059,1.62,8.72
3,-2.2799999999999994,-4.264970440670952,4.56,7.89
3,2.2800000000000002,-3.3998970341597214,4.88,8.58
3,-7.0600000000000005,-3.101367270635551,4.78,7.75
3,-11.95,1.3315474590965986,4.89,6.16
3,7.16,1.6093814679498628,4.53,6.23
3,-2.2399999999999984,3.6250295593290476,4.52,9.1
3,-6.969999999999999,4.648632729364449,4.73,7.58
3,2.280000000000001,5.180102965840279,4.88,7.01
4,-2.37,-13.939967718757458,4.74,8.99
4,-6.970000000000001,-12.302792365963104,4.6,9.21
4,-11.950000000000001,-7.558908651386123,4.98,8.47
4,-13.270000000000001,-4.88330830482778,1.32,9.75
4,2.37,-12.204917041913886,4.77,8.84
4,7.139999999999999,-7.668454863921418,4.74,8.89
4,11.879999999999999,-4.660160941426811,1.47,9.29
4,-2.370000000000001,-4.949967718757458,4.71,8.92
4,2.339999999999999,-3.364917041913886,4.8,8.74
4,-6.820000000000001,-3.0927923659631027,4.45,9.0
4,-11.82,0.9110913486138781,5.0,5.07
4,7.139999999999999,1.221545136078583,4.63,6.56
4,-2.370000000000001,3.970032281242542,4.71,7.3
4,2.339999999999999,5.375082958086114,4.78,6.82
4,-6.690000000000001,5.907207634036897,4.32,6.31
4,-8.72,5.981091348613878,2.03,5.1
5,-2.16,-13.974047373613702,4.32,9.57
5,-6.36,-12.628935030318273,4.2,9.74
5,-10.45,-9.5256023431592,4.09,9.96
5,-13.26,-4.910397132615652,2.81,9.75
5,2.16,-12.330985362086844,4.76,8.5
5,6.92,-8.45994680834342,4.41,9.13
5,11.33,-4.688709843869634,2.01,9.34
5,-2.16,-4.404047373613702,4.32,8.56
5,2.16,-3.830985362086844,4.76,8.22
5,-6.359999999999999,-2.8889350303182724,4.2,7.57
5,-10.45,0.434397656840801,4.09,6.83
5,6.92,0.6700531916565815,4.41,6.92
5,-2.1599999999999993,4.1559526263862985,4.32,7.91
5,2.160000000000001,4.3890146379131565,4.72,7.81
5,-6.359999999999999,4.681064969681728,4.2,6.92
6,-2.33,-13.946709289291148,4.66,8.63
6,-7.14,-12.204917041913886,4.81,8.35
6,-11.370000000000001,-8.406110872454633,4.23,9.48
6,-13.23,-4.990661278828688,1.86,9.95
6,2.33,-12.489303423329902,4.3,9.32
6,6.629999999999999,-9.055385138137419,4.23,9.4
6,10.86,-5.14691169537617,2.31,9.98
6,-2.33,-5.316709289291147,4.66,6.69
6,-7.140000000000001,-3.854917041913886,4.81,7.4
6,2.33,-3.169303423329902,4.3,7.2
6,6.72,0.3446148618625813,4.14,8.62
6,-11.370000000000001,1.0738891275453675,4.16,7.2
6,-2.2,1.3732907107088534,4.53,8.73
6,-7.140000000000001,3.5450829580861143,4.94,7.91
6,2.33,4.030696576670098,4.39,8.11
7,-2.045,-13.991339285429397,4.09,9.69
7,-6.205,-12.705808710979401,4.16,9.51
7,-10.535,-9.431509688273666,4.33,9.12
7,-13.175,-5.134099239399253,2.64,9.98
7,2.045,-12.497254698532794,4.57,8.61
7,6.615000000000001,-8.479998525943268,4.7,8.34
7,11.315000000000001,-4.616965995109772,2.05,8.91
7,-2.045,-4.301339285429398,4.09,5.88
7,2.045,-3.8872546985327947,4.57,7.3
7,-6.205,-3.195808710979401,4.16,8.44
7,-10.535,-0.31150968827366654,4.33,7.24
7,6.695000000000001,-0.1399985259432679,4.62,8.16
7,-2.045,1.578660714570602,4.07,9.59
7,2.0250000000000004,3.412745301467205,4.67,7.59
7,-6.205,5.244191289020598,4.16,6.46
8,-2.125,-13.97941254130516,4.25,9.22
8,-6.575,-12.518345537649934,4.45,8.79
8,-11.504999999999999,-8.220375599691296,4.93,7.89
8,-13.264999999999999,-4.896874002871631,1.76,9.73
8,2.125,-12.254247222901945,4.93,7.89
8,7.054999999999999,-7.471249895432494,4.95,7.85
8,12.004999999999999,-4.439479136114961,1.42,8.86
8,-2.125,-4.75941254130516,4.23,9.11
8,2.1050000000000004,-4.3642472229019456,4.95,5.34
8,-6.475,-3.7283455376499344,4.35,8.75
8,-11.405,-0.3303755996912967,4.93,7.81
8,7.134999999999999,0.3787501045675059,4.87,6.77
8,2.1549999999999985,0.9757527770980543,4.98,7.71
8,-2.115000000000001,4.350587458694839,4.27,8.31
8,-6.405000000000001,5.021654462350066,4.29,7.25
9,-2.05,-13.990607563647835,4.1,9.42
9,-6.090000000000001,-12.761328300768694,4.04,9.54
9,-10.59,-9.369711841887135,4.5,8.52
9,-13.18,-5.121249847449352,2.59,9.91
9,2.05,-12.780340371054287,4.0,9.58
9,6.049999999999999,-9.936599015759871,4.01,9.42
9,10.059999999999999,-5.095439137110762,3.13,9.85
9,-2.0500000000000007,-4.570607563647835,4.1,5.94
9,-6.09,-3.221328300768695,4.04,8.85
9,2.049999999999999,-3.2003403710542866,4.0,8.17
9,-10.59,-0.8497118418871352,4.5,7.68
9,6.049999999999999,-0.516599015759871,4.01,7.35
9,-2.05,1.3693924363521655,4.07,9.09
9,2.0200000000000005,4.969659628945713,4.03,5.9
9,-6.09,5.628671699231305,4.04,5.83
9,-7.49,6.8302881581128645,1.4,5.04
9,6.050000000000001,6.833400984240129,1.35,5.03
10,-1.91,-14.010406846341045,3.82,9.81
10,-5.67,-12.953404957770756,3.76,9.95
10,-10.44,-9.536561225095765,4.77,7.8
10,-13.309999999999999,-4.773206469450076,2.87,9.3
10,1.9100000000000001,-12.789788895834052,4.12,8.98
10,6.03,-9.019284894047864,4.86,7.61
10,10.89,-4.543952024394625,2.5,8.95
10,-1.9100000000000001,-4.200406846341044,3.82,8.99
10,1.9099999999999997,-3.8097888958340516,4.12,6.37
10,-5.65,-3.0034049577707567,3.74,9.81
10,-10.439999999999998,-1.7365612250957652,4.79,5.99
10,6.140000000000001,-1.4092848940478637,4.75,7.25
10,1.9900000000000002,2.5602111041659485,4.15,8.43
10,-10.33,4.253438774904235,4.68,5.31
10,-1.8199999999999998,4.789593153658956,3.81,9.08
10,6.140000000000001,5.840715105952136,2.42,5.33
10,-5.54,6.806595042229244,3.72,5.83
11,-1.965,-14.002798827377333,3.93,9.34
11,-5.955,-12.824881091066693,3.99,9.19
11,-9.865,-10.13022087617047,3.91,9.37
11,-13.125,-5.260605953690127,3.26,9.96
11,1.9649999999999999,-12.626415762202669,4.4,8.29
11,6.365000000000001,-8.5726060798336,4.88,7.45
11,11.245000000000001,-5.003895982132319,1.98,9.99
11,-1.9649999999999999,-4.662798827377333,3.93,7.37
11,1.9650000000000003,-4.3364157622026696,4.4,7.16
11,-5.955,-3.6348810910666938,3.99,7.1
11,6.525000000000003,-1.1226060798335995,4.72,6.65
11,-9.865,-0.7602208761704716,3.91,7.9
11,-1.9649999999999999,2.707201172622667,3.93,6.5
11,1.9650000000000003,2.8235842377973306,4.55,7.97
11,-5.915,3.465118908933306,3.95,8.92
11,6.515000000000001,5.527393920166401,2.42,5.3
12,-2.32,-13.94837624958547,4.64,7.79
12,-7.21,-12.163695984362649,4.89,7.37
12,-11.74,-7.881116672147418,4.53,7.92
12,-13.27,-4.8833083048277866,1.53,9.64
12,2.3199999999999994,-12.419420276325301,4.44,8.0
12,6.759999999999999,-9.138681524158725,4.03,8.77
12,10.79,-4.688709843869634,2.55,9.03
12,-2.3200000000000003,-6.15837624958547,4.64,7.07
12,-7.16,-4.793695984362649,4.84,5.98
12,2.3199999999999994,-4.419420276325301,4.36,7.83
12,6.68,-0.3686815241587258,4.11,6.76
12,-11.74,0.03888332785258175,4.49,7.76
12,-2.3200000000000003,0.9116237504145301,4.64,5.7
12,-7.25,1.1863040156373517,4.78,5.97
12,2.3199999999999994,3.410579723674699,4.27,8.21
12,6.589999999999999,6.391318475841274,1.3,5.26
12,-2.3900000000000006,6.61162375041453,4.71,6.27
12,-6.45,7.156304015637351,4.06,5.42
13,-1.985,-13.999977678553634,3.97,8.86
13,-6.2749999999999995,-12.671384099615954,4.29,8.16
13,-10.465,-9.50912062180305,4.19,8.3
13,-13.225,-5.003895982132325,2.76,9.51
13,1.9849999999999999,-12.951215193949949,3.69,9.4
13,5.675,-10.716294835436361,3.55,9.74
13,9.225,-4.787125964501041,4.08,8.46
13,-1.9849999999999994,-5.139977678553635,3.97,8.2
13,-6.164999999999999,-4.511384099615954,4.18,8.18
13,1.9850000000000008,-3.5512151939499486,3.69,9.24
13,-10.465,-1.2091206218030486,4.17,8.05
13,5.675000000000001,-0.9762948354363612,3.55,7.85
13,-1.8649999999999993,3.0600223214463647,3.85,8.83
13,-6.254999999999999,3.6686159003840455,4.39,7.66
13,9.225000000000001,3.6728740354989595,1.86,5.08
13,1.9850000000000008,5.688784806050052,3.69,6.35
13,-7.494999999999999,6.840879378196952,1.24,5.13
13,5.675000000000001,6.8737051645636384,1.78,5.13
14,-2.245,-13.960643788880224,4.49,7.68
14,-6.0550000000000015,-12.777972256974108,3.81,9.04
14,-9.505000000000003,-10.468742761191525,3.45,9.96
14,-13.315000000000003,-4.759241010917596,3.81,9.0
14,2.245,-12.344981773984115,4.65,7.35
14,6.895,-9.420327754383072,3.65,9.31
14,10.545,-4.587916193654807,2.83,9.15
14,-2.2450000000000014,-6.280643788880225,4.48,7.51
14,2.234999999999999,-4.994981773984115,4.55,6.84
14,-6.055000000000002,-3.7379722569741087,3.81,7.94
14,-9.505000000000003,-0.5087427611915238,3.45,8.22
14,6.8050000000000015,-0.11032775438307141,3.74,8.96
14,-2.2450000000000023,1.229356211119775,4.48,7.28
14,2.3350000000000017,1.8450182260158847,4.47,7.04
14,-6.055000000000002,4.202027743025892,3.81,5.16
14,-2.2450000000000023,8.509356211119776,4.16,5.25
15,-1.93,-14.007665758433845,3.86,8.68
15,-5.91,-12.84568020775856,3.98,8.37
15,-9.59,-10.390933548050436,3.68,9.03
15,-13.219999999999999,-5.017090790488055,3.63,9.15
15,1.9299999999999997,-12.92697567105315,3.8,8.72
15,5.7299999999999995,-10.598584811190598,3.63,9.1
15,9.36,-4.514377033434407,4.04,8.03
15,-1.9000000000000004,-5.327665758433845,3.83,8.46
15,-5.91,-4.475680207758561,4.01,5.58
15,1.9299999999999997,-4.206975671053149,3.8,8.28
15,5.7299999999999995,-1.4985848111905984,3.62,8.89
15,-9.59,-1.3609335480504363,3.68,8.78
15,-5.91,1.104319792241439,3.94,7.87
15,-1.9700000000000002,3.1323342415661557,3.84,8.42
15,9.35,3.5156229665655925,1.74,5.21
15,1.8699999999999997,4.07302432894685,3.82,8.46
16,-1.63,-14.045736007771184,3.26,9.93
16,-4.909999999999998,-13.26014705800807,3.28,9.85
16,-8.689999999999998,-11.154528228481922,3.78,8.52
16,-12.399999999999999,-6.795557372283752,3.71,8.64
16,-13.629999999999999,-3.7633362857974877,1.23,7.46
16,1.6299999999999994,-13.248999962261303,3.31,9.67
16,4.9399999999999995,-11.476584857874752,3.32,9.61
16,8.26,-7.299828765114975,3.85,8.23
16,12.11,-4.269566722748339,1.37,8.52
16,-1.6299999999999986,-4.115736007771185,3.19,9.9
16,1.5600000000000014,-3.578999962261303,3.38,7.68
16,-4.909999999999998,-3.4101470580080697,3.28,7.75
16,-8.689999999999998,-2.6345282284819227,3.78,6.77
16,4.940000000000001,-1.8665848578747521,3.32,8.99
16,8.260000000000002,0.9301712348850257,3.83,6.4
16,-12.269999999999998,1.8444426277162487,3.58,5.17
16,1.5600000000000014,4.101000037738697,3.38,6.83
16,-8.689999999999998,4.135471771518077,3.78,5.5
16,-4.909999999999998,4.33985294199193,3.28,7.56
16,-1.6299999999999986,5.784263992228816,3.19,7.44
16,4.940000000000001,7.123415142125248,2.19,5.05
17,-1.84,-14.019771752778288,3.68,8.61
17,-5.54,-13.009534964786406,3.7,8.56
17,-9.719999999999999,-10.269430363949114,4.18,7.55
17,-13.459999999999999,-4.332204981299942,3.74,8.43
17,1.8399999999999999,-13.088815836430735,3.51,8.97
17,5.35,-11.003872045784613,3.53,8.89
17,8.879999999999999,-6.27779419860193,3.79,8.27
17,12.669999999999998,-3.380340219563711,1.06,6.45
17,-1.8399999999999999,-5.409771752778289,3.68,6.98
17,-5.539999999999999,-4.449534964786405,3.7,7.35
17,1.8400000000000003,-4.118815836430734,3.51,7.71
17,-9.719999999999999,-2.7194303639491144,4.18,7.49
17,5.35,-2.1138720457846123,3.53,8.77
17,-1.839999999999999,1.5702282472217117,3.68,6.86
17,8.879999999999999,1.99220580139807,3.06,5.58
17,-5.429999999999999,2.9004650352135943,3.59,8.28
17,1.8400000000000012,3.591184163569266,3.51,6.67
17,-9.51,4.770569636050886,4.08,5.64
17,5.350000000000001,6.656127954215387,2.27,5.06
17,-1.839999999999999,8.430228247221713,3.68,5.32
18,-1.67,-14.041036286542386,3.34,9.38
18,-4.91,-13.260147058008068,3.24,9.66
18,-8.620000000000001,-11.20871089822554,3.71,8.34
18,-13.120000000000001,-5.273063625635479,4.5,6.86
18,1.67,-13.30396557421884,3.12,9.85
18,4.789999999999999,-11.52664304990833,3.4,9.02
18,8.19,-8.085765269904885,3.41,8.97
18,11.6,-4.6024667299177775,1.77,9.16
18,-1.67,-4.6610362865423856,3.34,6.96
18,-4.910000000000001,-3.6001470580080674,3.24,9.09
18,1.67,-3.4539655742188398,3.12,8.35
18,-8.620000000000001,-2.8687108982255403,3.71,7.9
18,4.79,-2.5066430499083303,3.4,8.5
18,8.19,0.8842347300951161,3.41,5.39
18,-12.13,1.5869363743645213,3.51,5.64
18,-1.6700000000000008,2.2989637134576144,3.34,5.59
18,1.669999999999999,4.89603442578116,3.12,8.3
18,-8.5,5.03128910177446,3.59,6.22
18,-4.91,5.489852941991932,3.16,7.54
18,4.789999999999999,5.99335695009167,3.12,5.58
18,-1.75,7.888963713457614,3.42,5.29
19,-1.705,-14.03682923597776,3.41,8.96
19,-6.055,-12.77797225697411,4.35,7.01
19,-9.584999999999999,-10.395545921210681,3.53,8.57
19,-12.604999999999999,-6.407306376317591,3.02,9.99
19,-13.655,-3.6715902549168042,1.05,7.31
19,1.705,-12.829519671445226,4.24,7.12
19,5.945,-9.981952464322799,4.07,7.41
19,10.015,-5.431995489688852,3.04,9.86
19,-6.055,-5.76797225697411,4.35,6.62
19,1.705,-5.709519671445226,4.24,5.95
19,-1.705,-5.07682923597776,3.33,8.99
19,5.945,-2.5719524643227984,4.07,7.0
19,-9.584999999999999,-1.825545921210681,3.53,8.32
19,1.755,0.2404803285547743,4.19,6.55
19,-6.055,0.8520277430258902,4.35,5.96
19,-10.875,3.5826936236824096,1.29,5.42
19,-1.705,3.91317076402224,3.46,6.94
19,5.945,4.4280475356772016,4.12,5.43
19,-8.025,6.494454078789319,1.97,5.06
19,1.755,6.790480328554774,4.19,5.85
19,-6.055000000000001,6.81202774302589,4.12,5.9
20,-1.865,-14.01646799304304,3.73,8.08
20,-6.375,-12.621369775107613,4.51,6.64
20,-10.765,-9.168117309458905,4.39,6.78
20,-13.225000000000001,-5.003895982132319,2.46,9.97
20,1.8649999999999998,-13.287677562313137,2.97,10.0
20,4.834999999999999,-11.67642817817161,3.14,9.38
20,7.975,-8.220375599691296,3.53,8.31
20,11.504999999999999,-4.70291133235574,1.83,9.3
20,-6.375000000000001,-5.981369775107614,4.39,6.65
20,-1.9850000000000012,-5.93646799304304,3.85,6.41
20,1.8649999999999989,-3.287677562313137,2.97,8.72
20,-10.765,-2.388117309458905,4.39,6.58
20,4.834999999999999,-2.2964281781716096,3.14,8.21
20,7.975,0.08962440030870411,3.53,7.8
20,-1.9050000000000011,0.47353200695695996,3.77,7.5
20,-6.315000000000001,0.6686302248923868,4.41,6.1
20,-10.455000000000002,4.191882690541095,4.14,5.23
20,1.8649999999999989,5.432322437686864,2.97,6.88
20,4.834999999999999,5.913571821828391,3.05,5.22
20,-6.315000000000002,6.768630224892386,4.41,5.59
20,-1.905000000000002,7.97353200695696,3.74,5.71
21,-1.675,-14.04044069821172,3.35,8.73
21,-5.275,-13.119221585139876,3.6,8.11
21,-9.415,-10.549757106208656,4.14,7.0
21,-12.944999999999999,-5.689162943702706,3.53,8.2
21,1.6749999999999998,-12.888963301988257,4.14,6.97
21,5.8149999999999995,-10.72489510438214,3.4,8.47
21,9.215,-5.134099239399253,3.96,7.22
21,1.7049999999999992,-5.918963301988257,4.11,6.71
21,-1.6550000000000007,-5.310440698211719,3.36,8.48
21,-5.2749999999999995,-5.009221585139876,3.62,6.82
21,-9.415,-3.5497571062086557,4.06,6.51
21,5.8149999999999995,-2.2548951043821397,3.4,5.62
21,1.7049999999999992,0.7910366980117427,4.11,6.3
21,-5.265000000000001,1.810778414860124,3.61,7.82
21,9.215,2.0859007606007465,2.76,5.28
21,-11.864999999999998,2.5108370562972935,2.45,5.17
21,-9.415,2.960242893791344,4.15,6.45
21,-1.6550000000000007,3.169559301788281,3.36,7.65
21,5.855,3.3651048956178604,3.36,6.75
21,1.7049999999999992,7.0910366980117425,4.04,5.63
22,-1.97,-14.002096271630188,3.94,7.24
22,-5.930000000000001,-12.83645979232592,3.96,7.17
22,-8.78,-11.083826054210704,2.85,9.96
22,-11.739999999999998,-7.881116672147422,2.96,9.5
22,-13.489999999999998,-4.237865028525572,1.75,8.35
22,1.9699999999999998,-12.81790544511856,4.0,7.03
22,5.97,-10.889407697391077,3.05,9.21
22,9.02,-6.666235819411135,3.45,8.12
22,12.469999999999999,-3.6529440181858868,1.19,7.09
22,-1.9700000000000006,-6.762096271630188,3.94,5.7
22,1.9699999999999993,-5.78790544511856,3.88,6.99
22,-5.93,-5.66645979232592,3.96,6.75
22,5.85,-1.6794076973910759,3.17,7.84
22,-8.779999999999998,-1.1238260542107028,2.85,5.65
22,-1.950000000000001,-1.062096271630188,3.92,6.41
22,-5.929999999999998,1.0835402076740799,3.98,5.9
22,2.3499999999999996,1.2020945548814401,3.5,7.97
22,9.02,1.4537641805888644,3.15,5.03
22,-11.689999999999998,1.6188833278525783,2.91,6.32
22,-8.779999999999998,4.5261739457892975,2.83,6.22
22,-1.8200000000000007,5.347903728369812,4.17,6.13
22,5.85,6.160592302608924,2.45,5.21
22,-5.710000000000001,6.98354020767408,3.89,5.91
23,-1.58,-14.051448323927325,3.16,8.75
23,-6.36,-12.628935030318273,4.78,5.74
23,-9.42,-10.545292788728059,3.06,8.96
23,-12.79,-6.029552222180353,3.37,8.13
23,1.5800000000000005,-13.203635862897766,3.48,7.82
23,5.060000000000001,-10.316525577925932,4.61,5.89
23,9.670000000000002,-6.397460433640835,2.94,9.23
23,12.610000000000001,-3.8350358538089293,1.0,7.66
23,-6.359999999999999,-6.888935030318272,4.72,5.17
23,1.58,-5.383635862897766,3.48,7.6
23,-1.63,-5.301448323927325,3.21,8.04
23,5.150000000000002,-4.426525577925932,4.52,5.9
23,-6.25,-1.7189350303182724,4.62,5.49
23,-9.32,-1.585292788728058,3.07,8.56
23,5.170000000000002,1.4734744220740685,4.5,5.76
23,-12.01,2.1004477778196478,2.69,5.3
23,1.58,2.216364137102234,3.59,7.41
23,-1.58,2.7385516760726745,3.16,8.13
23,9.670000000000002,2.8325395663591655,1.7,5.28
23,-6.2,3.7710649696817278,4.62,5.47
23,5.17,7.233474422074068,1.72,5.07
24,-2.415,-13.932242281843939,4.83,5.61
24,-5.454999999999999,-13.045404363223088,3.04,8.9
24,-8.944999999999999,-10.951099259891677,3.49,7.74
24,-11.874999999999998,-7.67619534665449,2.93,9.06
24,-13.304999999999998,-4.787125964501047,1.43,9.57
24,2.415,-12.523592735313617,4.15,6.39
24,6.5649999999999995,-10.576453800778408,2.82,9.27
24,9.385,-6.061268431607365,3.39,7.67
24,-2.414999999999999,-8.322242281843938,4.18,5.78
24,2.3949999999999996,-6.133592735313617,4.17,5.11
24,-5.364999999999999,-4.145404363223088,2.95,8.76
24,-8.944999999999999,-3.211099259891677,3.58,7.0
24,-2.414999999999999,-2.5422422818439374,3.89,6.2
24,6.5649999999999995,-1.3064538007784083,2.82,7.96
24,2.6349999999999993,-1.023592735313617,3.93,5.53
24,1.475000000000001,-1.023592735313617,1.16,8.26
24,-11.874999999999998,1.3838046533455106,2.89,6.23
24,9.385,1.6087315683926349,2.82,5.53
24,-2.084999999999999,3.6577577181560628,3.56,7.25
24,-8.984999999999998,3.788900740108323,3.62,6.78
24,2.6350000000000007,4.506407264686383,3.91,5.44
24,-5.324999999999999,4.614595636776912,3.24,7.95
24,1.475000000000001,7.236407264686383,1.13,6.45
25,-1.65,-14.043400585328328,3.3,7.77
25,-4.790000000000001,-13.30396557421884,3.14,8.16
25,-7.950000000000001,-11.693463986347245,3.16,8.08
25,-10.73,-9.209055326145023,2.78,9.15
25,-13.350000000000001,-4.660160941426807,2.62,9.14
25,1.65,-13.096972932704718,3.68,6.84
25,5.33,-11.352299326568165,3.1,8.09
25,8.43,-8.128634571685456,3.14,7.98
25,11.57,-5.017090790488049,1.65,9.96
25,-1.6500000000000008,-6.273400585328329,3.29,6.64
25,1.6399999999999992,-6.256972932704718,3.57,6.95
25,-4.750000000000001,-5.143965574218839,3.1,7.34
25,-7.910000000000001,-3.613463986347245,3.16,7.8
25,5.209999999999999,-3.262299326568165,3.16,7.05
25,8.390000000000002,-0.1486345716854558,3.18,5.72
25,-10.73,-0.059055326145022846,2.76,9.01
25,-1.6500000000000008,0.3665994146716711,3.23,5.74
25,1.5799999999999992,0.6930270672952821,3.58,6.6
25,-4.65,2.1960344257811606,3.0,8.21
25,5.159999999999999,3.787700673431835,2.99,7.42
25,-7.970000000000001,4.186536013652755,3.32,6.05
25,-1.6500000000000004,6.106599414671671,2.92,7.92
25,1.2699999999999996,7.293027067295282,3.55,5.84
26,-1.305,-14.079651096529346,2.61,9.52
26,-4.1049999999999995,-13.531022688621878,2.8,8.79
26,-7.045,-12.259998980424102,2.94,8.32
26,-9.785,-10.20751561350753,2.74,8.88
26,-12.505,-6.60034658180917,2.72,8.94
26,-13.745000000000001,-3.31882132691713,1.24,6.58
26,1.3049999999999997,-13.468725812043246,3.0,8.09
26,4.305,-11.830239853866026,3.44,7.03
26,7.744999999999999,-8.426361907727442,3.61,6.51
26,11.354999999999999,-4.896874002871631,1.91,9.56
26,1.305,-5.378725812043246,3.0,7.37
26,4.305,-4.800239853866025,3.33,6.46
26,-4.105,-4.741022688621879,2.8,7.98
26,-1.3050000000000006,-4.559651096529347,2.61,6.41
26,-7.045,-3.939998980424102,2.94,7.16
26,7.635,-1.9163619077274419,3.72,5.11
26,-9.785,-1.3275156135075292,2.74,7.85
26,4.605,1.6597601461339746,3.03,6.67
26,-1.3050000000000006,1.8503489034706533,2.56,8.51
26,1.2549999999999994,1.991274187956754,3.05,6.44
26,-11.735,2.3396534181908297,1.95,5.41
26,7.635,3.1936380922725585,3.61,5.31
26,-7.045,3.220001019575898,2.91,7.45
26,-4.135,3.2389773113781217,2.83,7.27
26,1.2549999999999994,8.431274187956754,2.42,5.22
27,-1.475,-14.062857995443174,2.95,7.95
27,-4.254999999999999,-13.484605111014561,2.78,8.41
27,-7.774999999999999,-11.810545076329037,3.52,6.62
27,-10.534999999999998,-9.431509688273668,2.76,8.38
27,-13.044999999999998,-5.455966917055129,2.51,9.11
27,1.475,-13.209374512065287,3.57,6.36
27,5.044999999999999,-11.296219500346124,3.46,6.53
27,8.504999999999999,-8.727770333825244,2.62,8.58
27,11.125,-4.84235221767273,2.16,9.67
27,1.5749999999999988,-6.849374512065286,3.47,6.47
27,-1.4749999999999992,-6.112857995443174,3.05,6.14
27,-7.774999999999999,-5.190545076329037,3.52,5.42
27,-4.254999999999999,-5.074605111014561,2.77,7.83
27,5.044999999999999,-4.766219500346124,3.46,6.0
27,-10.534999999999998,-1.0515096882736668,2.71,7.98
27,1.5750000000000006,-0.3793745120652865,3.47,5.51
27,8.524999999999999,-0.1477703338252443,2.6,8.03
27,-1.484999999999999,0.027142004556825583,3.06,5.11
27,-7.824999999999998,0.22945492367096332,3.55,5.84
27,5.524999999999999,1.233780499653876,3.0,6.4
27,-4.274999999999999,2.755394888985439,2.79,7.49
27,1.8449999999999984,5.130625487934713,3.68,6.06
27,-1.2350000000000017,5.137142004556826,3.08,6.23
27,-7.324999999999998,6.069454923670963,3.05,5.13
28,-1.125,-14.09517559308858,2.25,9.92
28,-3.645,-13.662121906936711,2.52,8.85
28,-6.015,-12.796850198388666,2.37,9.38
28,-8.455,-11.333692028637447,2.44,9.04
28,-10.715,-9.226503942447541,2.26,9.65
28,-13.094999999999999,-5.334845358583511,2.38,9.11
28,1.125,-13.32008164389393,3.62,6.01
28,4.745,-12.196129508987678,2.41,8.88
28,7.154999999999999,-10.404757325377657,2.42,8.84
28,9.575,-6.894967367580506,2.77,7.6
28,12.344999999999999,-4.058642014270299,1.2,8.04
28,1.855,-7.3100816438939304,2.89,7.25
28,-3.6449999999999996,-4.812121906936712,2.52,7.3
28,-1.1249999999999996,-4.17517559308858,2.89,6.58
28,-5.994999999999999,-3.4168501983886657,2.35,8.34
28,4.745,-3.316129508987677,2.33,8.02
28,-8.455,-2.293692028637448,2.46,8.55
28,7.075,-1.5647573253776574,2.5,5.84
28,1.7850000000000001,-0.06008164389393045,2.96,6.32
28,-10.705,0.4234960575524589,2.25,7.49
28,9.575,0.7050326324194938,2.73,6.05
28,-1.0549999999999997,2.4048244069114197,2.84,7.19
28,-3.644999999999999,2.487878093063288,2.59,6.93
28,7.135,4.275242674622342,2.44,5.86
28,4.745,4.703870491012323,2.39,6.25
28,-5.995,4.923149801611334,2.35,7.18
28,-7.9350000000000005,6.256307971362553,1.94,5.3
28,1.8250000000000002,6.25991835610607,2.92,6.1
29,-1.255,-14.08419593019069,2.51,8.36
29,-3.394999999999999,-13.726382444038196,2.14,9.75
29,-6.045,-12.782706090652324,2.65,7.85
29,-8.205,-11.515970432403863,2.16,9.62
29,-10.754999999999999,-9.179846131608091,2.55,8.1
29,-13.264999999999999,-4.896874002871631,2.51,8.19
29,1.255,-13.688410243706171,2.29,8.92
29,3.5449999999999995,-12.815575484542238,2.43,8.4
29,5.975,-11.204863899218054,2.65,7.68
29,8.625,-9.061378206431955,2.23,9.11
29,10.855,-5.666354648272556,2.1,9.65
29,-1.254999999999999,-5.724195930190691,2.47,7.4
29,-6.045,-4.932706090652324,2.65,5.26
29,1.2150000000000012,-4.768410243706171,2.28,8.86
29,3.495000000000001,-4.415575484542238,2.47,6.85
29,-3.354999999999999,-3.9763824440381956,2.1,9.62
29,5.965000000000002,-3.5248638992180545,2.66,6.95
29,-8.204999999999998,-1.895970432403864,2.16,8.59
29,-10.734999999999998,-1.0798461316080914,2.53,7.17
29,8.695,0.04862179356804397,2.16,8.39
29,-6.044999999999998,0.32729390934767544,2.69,6.81
29,-1.254999999999999,1.6758040698093097,2.43,6.54
29,3.495000000000001,2.4344245154577617,2.39,6.17
29,5.885000000000002,3.4251361007819456,2.81,6.94
29,1.1750000000000012,4.091589756293828,2.32,8.09
29,-3.354999999999998,5.643617555961804,2.1,5.86
29,-7.324999999999998,6.694029567596136,1.28,5.21
29,-6.044999999999998,7.137293909347675,2.69,5.3
29,-1.2549999999999981,8.215804069809309,2.43,5.48
30,-1.02,-14.10316276584795,2.04,9.92
30,-3.0599999999999996,-13.804926656813503,2.04,9.91
30,-5.339999999999998,-13.092898838683512,2.28,8.81
30,-7.369999999999997,-12.067423088629985,2.03,9.83
30,-9.659999999999997,-10.325889792168038,2.29,8.7
30,-12.299999999999997,-6.97492652291048,2.64,7.41
30,-13.589999999999996,-3.9053168885508005,1.29,7.79
30,1.02,-13.795999420121762,2.08,9.33
30,3.1,-12.864007929102035,2.77,6.99
30,5.870000000000001,-11.3224864760352,2.6,7.32
30,8.47,-8.486666012045013,2.84,6.7
30,11.31,-4.800999895855029,1.99,9.12
30,3.160000000000001,-5.874007929102035,2.71,5.54
30,1.040000000000001,-4.465999420121761,2.12,8.39
30,-5.339999999999998,-4.282898838683511,2.28,7.49
30,-0.9799999999999991,-4.18316276584795,2.02,8.8
30,5.870000000000001,-4.0024864760352,2.58,7.15
30,-3.029999999999999,-3.894926656813503,2.05,8.58
30,-7.3699999999999966,-2.237423088629985,2.03,6.58
30,8.499999999999998,-1.7866660120450133,2.81,5.94
30,-9.639999999999997,-1.6258897921680386,2.27,7.34
30,3.160000000000001,-0.33400792910203503,2.66,6.06
30,-12.219999999999997,0.43507347708951993,2.58,6.47
30,5.820000000000001,3.1475135239648004,2.64,5.82
30,-5.329999999999999,3.207101161316489,2.3,8.13
30,1.040000000000001,3.924000579878239,2.12,7.21
30,8.46,4.153333987954987,1.9,5.32
30,-7.309999999999999,4.342576911370015,1.98,6.16
30,-0.9799999999999991,4.616837234152051,2.02,8.39
30,-2.969999999999999,4.685073343186497,1.99,8.93
30,-8.79,5.714110207831961,1.48,5.35
30,3.160000000000001,5.725992070897965,2.58,5.59
31,-1.175,-14.091095592607411,2.35,7.89
31,-3.4950000000000006,-13.701261803206302,2.32,7.94
31,-5.985000000000001,-12.810908437733836,2.49,7.27
31,-7.815000000000001,-11.784115367731259,1.83,9.83
31,-9.775000000000002,-10.217092296734917,1.96,9.15
31,-11.765000000000002,-7.843747509959762,1.99,8.85
31,-13.245000000000003,-4.95071459488425,1.48,9.72
31,1.1749999999999998,-13.546090764497336,2.88,6.1
31,4.055,-12.888963301988257,1.76,9.94
31,5.8149999999999995,-11.385577499626446,2.57,6.8
31,8.385,-8.989014128368028,2.53,6.9
31,10.915,-5.823776695581658,1.97,8.79
31,1.1849999999999996,-7.446090764497336,2.87,5.71
31,-1.1750000000000007,-6.201095592607412,2.36,6.01
31,-3.4750000000000005,-5.761261803206302,2.3,7.39
31,-5.825000000000001,-5.540908437733837,2.35,7.16
31,5.8149999999999995,-4.585577499626447,2.57,6.17
31,4.055,-2.9489633019882575,1.76,7.91
31,8.534999999999997,-2.089014128368028,2.38,5.95
31,-7.815000000000002,-1.9541153677312586,1.99,8.39
31,1.2249999999999996,-1.7360907644973365,2.83,5.79
31,-9.775000000000002,-1.0670922967349163,1.96,7.59
31,-1.1150000000000002,-0.19109559260741182,2.34,5.87
31,-11.765000000000002,1.0062524900402376,1.99,5.91
31,5.8149999999999995,1.5844225003735533,2.56,5.85
31,-5.825000000000002,1.6190915622661635,2.34,5.57
31,-3.485000000000002,1.628738196793698,2.19,7.65
31,8.375,3.8609858716319723,1.95,5.67
31,1.2249999999999996,4.053909235502664,2.83,5.53
31,4.055,4.961036698011743,1.72,7.2
31,-1.0450000000000004,5.678904407392588,2.27,6.22
31,-7.325000000000002,6.435884632268742,1.5,5.49
31,-5.505000000000003,7.189091562266164,2.02,5.75
32,-0.915,-14.110364098775056,1.83,9.44
32,-2.684999999999999,-13.88273658181268,1.77,9.74
32,-4.784999999999998,-13.305764728116909,2.1,8.2
32,-6.624999999999998,-12.491956412027703,1.84,9.23
32,-9.524999999999999,-10.450549028639598,2.9,5.85
32,-11.374999999999998,-8.399343724363234,1.85,9.07
32,-13.144999999999998,-5.21042944487305,1.77,9.44
32,0.9150000000000003,-13.872972824885084,1.82,9.16
32,2.735,-13.298555372671125,2.07,8.01
32,4.805,-12.54447986167621,1.72,9.52
32,6.524999999999999,-11.16619787573192,2.15,7.56
32,8.674999999999999,-9.34137971608049,1.94,8.26
32,10.614999999999998,-6.948408091066621,1.7,9.41
32,12.314999999999998,-4.025118010692367,1.24,7.62
32,2.7350000000000003,-5.288555372671125,2.07,7.09
32,-4.784999999999998,-5.10576472811691,2.07,6.02
32,0.915,-4.7129728248850835,1.82,7.98
32,-0.9149999999999991,-4.670364098775057,1.83,6.25
32,-9.524999999999999,-4.600549028639598,2.8,5.57
32,-2.7149999999999985,-4.142736581812679,1.8,8.32
32,6.5649999999999995,-3.6061978757319197,2.11,6.87
32,-6.724999999999999,-3.2619564120277023,1.9,8.27
32,4.834999999999999,-3.0244798616762107,1.73,8.81
32,8.674999999999999,-1.081379716080491,1.92,7.83
32,-11.374999999999998,0.670656275636766,1.85,5.83
32,-4.824999999999999,0.91423527188309,2.02,7.84
32,-9.524999999999999,0.969450971360402,2.54,5.81
32,-0.9149999999999985,1.5796359012249432,1.79,8.8
32,2.924999999999999,1.8014446273288751,1.91,7.53
32,10.594999999999999,2.4615919089333795,1.19,5.3
32,6.744999999999999,3.2638021242680804,1.93,7.26
32,0.8750000000000016,3.267027175114917,2.01,5.93
32,-2.8049999999999993,4.177263418187321,1.89,7.48
32,-6.9849999999999985,5.008043587972297,2.16,6.94
32,4.834999999999999,5.78552013832379,1.91,6.41
33,-0.89,-14.111963010155604,1.78,8.81
33,-2.4700000000000006,-13.922596740550953,1.58,9.69
33,-4.120000000000001,-13.526462952302055,1.65,9.25
33,-5.960000000000001,-12.822558247089384,1.84,8.08
33,-7.830000000000001,-11.774153897414454,1.87,7.8
33,-10.4,-9.580167013157965,2.57,5.66
33,-12.940000000000001,-5.700526291492741,2.54,5.65
33,0.8900000000000001,-13.786950351691269,2.25,6.37
33,3.1399999999999997,-13.226473452889852,1.86,7.68
33,5.0,-12.45726695547623,1.69,8.43
33,6.6899999999999995,-10.979594710188533,2.22,6.38
33,8.91,-8.797425759845888,2.16,6.54
33,11.07,-6.609810889881799,1.43,9.76
33,12.5,-3.380340219563707,1.23,6.75
33,0.89,-7.416950351691269,2.19,5.9
33,3.08,-5.5464734528898525,1.87,7.33
33,-0.8900000000000006,-5.301963010155603,1.78,7.23
33,-5.960000000000001,-4.742558247089384,1.84,5.58
33,6.78,-4.599594710188533,2.13,6.48
33,-4.120000000000001,-4.2764629523020545,1.65,7.54
33,-2.470000000000001,-4.232596740550953,1.56,8.07
33,4.970000000000001,-4.027266955476231,1.81,7.7
33,-7.83,-3.974153897414454,1.87,6.94
33,-9.95,-3.9201670131579647,2.12,6.2
33,9.1,-2.257425759845888,1.97,6.95
33,0.8899999999999995,-1.5169503516912686,2.01,5.85
33,-11.85,-0.05052629149274068,1.9,7.1
33,-13.059999999999999,-0.05052629149274068,1.21,5.45
33,-5.920000000000001,0.8374417529106157,1.8,6.32
33,2.8999999999999995,1.7835265471101476,1.91,6.82
33,7.14,1.8804052898114678,1.96,5.98
33,-0.910000000000001,1.9280369898443972,1.8,5.93
33,-9.95,2.2798329868420355,1.93,6.62
33,-8.02,2.9658461025855463,1.89,6.36
33,-4.120000000000001,3.2635370476979455,1.65,7.32
33,4.81,3.6727330445237696,1.9,6.24
33,-2.470000000000001,3.8374032594490473,1.56,6.54
33,1.0399999999999994,4.333049648308731,1.86,6.13
33,-5.9300000000000015,7.157441752910616,1.81,5.57
33,-0.8500000000000005,7.858036989844397,1.89,5.97
34,-0.715,-14.121911166694117,1.43,9.71
34,-2.3549999999999995,-13.94250963779477,1.64,8.46
34,-3.745,-13.635049504860627,1.39,9.94
34,-5.1850000000000005,-13.155051311188414,1.44,9.56
34,-6.905,-12.339391192437333,1.72,7.95
34,-8.545,-11.265991966977431,1.64,8.25
34,-10.155,-9.83949058640741,1.61,8.33
34,-11.815,-7.768228562548866,1.66,8.02
34,-13.504999999999999,-4.189818015140995,1.69,7.78
34,0.7149999999999999,-13.919927262740995,1.77,7.23
34,2.485,-13.601521054646794,1.38,9.27
34,3.8649999999999993,-13.119221585139876,1.41,9.07
34,5.274999999999999,-12.513088148015262,1.31,9.66
34,6.584999999999999,-11.4076103983262,1.77,7.11
34,8.354999999999999,-9.971909295616364,1.67,7.5
34,10.024999999999999,-7.918230547287699,1.69,7.33
34,11.714999999999996,-5.359325983740874,1.37,9.01
34,0.715,-6.689927262740994,1.77,5.66
34,-2.3550000000000004,-5.482509637794768,1.64,6.71
34,-0.7150000000000005,-4.411911166694116,1.43,7.3
34,-6.905,-4.389391192437333,1.72,6.61
34,2.485,-4.331521054646794,1.38,5.48
34,6.7349999999999985,-4.2976103983262,1.62,7.56
34,3.8649999999999998,-4.049221585139875,1.4,7.6
34,-3.7450000000000006,-3.695049504860627,1.39,7.47
34,-5.165000000000001,-3.5950513111884135,1.42,6.92
34,-8.545,-3.015991966977431,1.64,6.37
34,5.265,-2.853088148015262,1.47,7.93
34,8.354999999999999,-2.4719092956163635,1.67,6.22
34,-10.155,-1.5094905864074093,1.61,5.94
34,0.7149999999999994,-1.029927262740994,1.6,7.54
34,10.024999999999999,-0.588230547287699,1.66,6.82
34,-11.774999999999999,0.25177143745113373,1.62,7.21
34,2.3149999999999995,1.1484789453532063,1.55,6.93
34,-2.3550000000000004,1.2274903622052316,1.59,6.96
34,-6.905,2.2206088075626678,1.68,6.42
34,-0.7650000000000003,2.8880888333058836,1.48,8.27
34,6.734999999999999,3.2623896016737994,1.48,8.04
34,-5.2250000000000005,3.3249486888115865,1.46,7.95
34,-8.415000000000001,3.354008033022569,1.51,6.74
34,3.8649999999999993,3.5507784148601242,1.36,7.78
34,8.215,3.7480907043836362,1.53,6.38
34,-3.7650000000000006,3.7749504951393726,1.37,6.41
34,-9.935,4.430509413592591,1.52,5.4
34,5.225,5.076911851984738,1.46,7.09
34,0.7149999999999996,6.510072737259006,1.45,7.26
34,2.1649999999999996,8.078478945353206,1.25,5.6
34,-2.1950000000000003,8.187490362205232,1.43,5.77
35,-0.62,-14.126400815494371,1.24,9.95
35,-1.8799999999999992,-14.014463956926786,1.26,9.4
35,-3.1999999999999993,-13.773147788359784,1.32,8.53
35,-5.02,-13.218895566574387,1.82,6.15
35,-6.3,-12.658973102112194,1.28,8.68
35,-7.6,-11.92390875510208,1.3,8.4
35,-9.53,-10.445989661109186,1.93,5.63
35,-10.77,-9.1622431751182,1.24,8.74
35,-12.01,-7.463209765241764,1.24,8.73
35,-13.32,-4.745229183084838,1.31,8.04
35,0.6200000000000001,-13.91363360161536,1.9,5.68
35,2.5199999999999996,-13.444523048438722,1.86,5.74
35,4.379999999999999,-13.05166656025199,1.06,9.75
35,5.4399999999999995,-12.424858148083624,1.31,7.86
35,6.75,-11.747455043540281,1.12,9.17
35,7.870000000000001,-11.003872045784611,1.01,9.93
35,8.880000000000003,-10.07636839342429,1.04,9.52
35,9.920000000000002,-8.3380573276993,1.5,6.39
35,11.420000000000002,-6.552762776112072,1.11,8.51
35,12.530000000000001,-4.0419178616097575,1.02,7.94
35,0.62,-8.23363360161536,1.49,6.01
35,2.11,-7.7045230484387215,1.14,8.28
35,3.25,-7.7045230484387215,1.13,8.11
35,-5.02,-7.068895566574387,1.16,7.69
35,-3.8599999999999994,-5.243147788359785,1.26,7.01
35,-9.53,-4.815989661109186,1.27,6.95
35,-2.5999999999999996,-4.614463956926786,1.22,7.29
35,5.53,-4.564858148083624,1.22,6.65
35,-1.3799999999999997,-4.176400815494372,1.15,7.67
35,-6.27,-3.978973102112194,1.25,6.48
35,-7.449999999999999,-3.523908755102079,1.18,6.69
35,4.38,-3.3016665602519897,1.15,5.64
35,6.75,-2.577455043540281,1.11,8.25
35,-0.22999999999999976,-2.2236336016153597,1.2,6.45
35,0.9700000000000002,-2.2236336016153597,1.04,8.77
35,10.240000000000002,-1.9480573276993,1.18,6.26
35,7.86,-1.0738720457846114,1.02,7.94
35,8.88,-0.5563683934242896,1.22,5.84
35,-10.75,-0.422243175118199,1.22,5.63
35,3.28,0.40547695156127794,1.1,5.81
35,2.0100000000000002,0.5754769515612779,1.17,5.52
35,-5.02,0.6211044334256135,1.05,8.5
35,-11.81,1.2667902347582363,1.06,6.23
35,-3.9699999999999998,1.7668522116402148,1.08,8.26
35,5.65,2.0851418519163767,1.1,5.51
35,-9.53,2.134010338890814,1.08,7.08
35,-8.45,2.134010338890814,1.0,8.66
35,4.58,2.33833343974801,1.07,6.79
35,-6.1,2.5010268978878063,1.08,6.09
35,-2.8899999999999997,2.6755360430732145,1.08,5.86
35,-7.449999999999999,3.1660912448979213,1.08,5.83
35,-1.8099999999999996,3.4935991845056282,1.01,8.67
35,-0.7999999999999996,4.2263663983846405,1.0,9.4
