Instance: CBPP
Bin radius: 14.14
Rotate enable: false
Bin num: 17
Lower bound: 15
Opt: false
Gap: 0.11764705882352941
Bin id,X coordinate of lower left corner,Y coordinate of lower left corner,Item's width,Item's height
1,-4.435,-13.426480365307954,8.87,4.57
1,-10.854999999999999,-9.061378206431957,6.42,1.89
1,-9.444999999999999,-10.131378206431958,5.01,1.07
1,4.434999999999999,-9.364057614090168,6.16,1.81
1,-4.434999999999999,-8.856480365307954,8.87,2.92
1,4.4350000000000005,-7.554057614090167,7.45,2.97
1,-11.965,-7.171378206431958,7.53,2.02
1,-4.435,-5.936480365307954,8.87,3.95
1,-12.554999999999998,-5.151378206431957,8.12,1.91
1,4.435,-4.584057614090167,8.86,3.37
1,-13.415,-3.241378206431957,8.98,2.71
1,-4.434999999999999,-1.986480365307954,8.58,2.17
1,4.145000000000001,-1.2140576140901667,9.87,2.98
1,-13.905,-0.531378206431957,9.47,2.13
1,-4.434999999999999,0.18351963469204602,8.58,1.84
1,-13.764999999999999,1.598621793568043,9.33,1.62
1,4.145000000000001,1.7659423859098333,9.07,3.14
1,-4.354999999999999,2.023519634692046,8.5,2.47
1,-12.604999999999999,3.218621793568043,8.25,2.67
1,-4.354999999999999,4.493519634692046,8.28,2.26
1,3.9250000000000007,4.9059423859098334,8.7,1.33
1,-12.024999999999999,5.888621793568043,7.67,1.49
1,3.9250000000000007,6.2359423859098335,7.89,1.27
1,-4.354999999999999,6.753519634692045,8.28,3.2
1,-10.645,7.378621793568043,6.29,1.04
1,3.9250000000000007,7.505942385909833,6.7,1.46
1,-10.215,8.418621793568043,5.86,1.23
1,3.9250000000000007,8.965942385909834,5.35,1.33
1,-5.404999999999999,9.953519634692046,9.33,3.03
2,-3.485,-13.703808777124701,6.97,2.92
2,-9.524999999999999,-10.450549028639598,6.04,4.87
2,3.4849999999999994,-5.597264957101819,9.5,4.8
2,3.485,-6.987264957101819,8.18,1.39
2,3.485,-7.997264957101819,8.04,1.01
2,3.485,-9.137264957101818,7.29,1.14
2,3.485,-10.297264957101818,6.12,1.16
2,-3.3050000000000006,-10.783808777124701,6.79,3.0
2,-3.4450000000000003,-7.783808777124701,6.93,4.67
2,-12.815,-5.580549028639598,9.37,4.53
2,-3.245000000000001,-3.113808777124701,6.73,2.32
2,-13.145000000000001,-1.0505490286395975,9.9,1.11
2,3.4849999999999994,-0.7972649571018193,9.9,1.98
2,-3.075,-0.7938087771247013,6.56,2.9
2,-13.055,0.05945097136040256,9.98,2.1
2,3.4849999999999994,1.1827350428981807,9.87,3.02
2,-3.0749999999999993,2.1061912228752986,6.56,2.85
2,-13.035,2.1594509713604024,9.96,1.82
2,-12.674999999999999,3.9794509713604027,9.6,1.68
2,3.4850000000000003,4.202735042898181,9.03,1.97
2,-2.9749999999999996,4.956191222875299,6.46,4.46
2,-12.084999999999999,5.659450971360402,9.11,1.18
2,3.4850000000000003,6.17273504289818,8.17,1.73
2,-10.965,6.839450971360402,7.99,1.67
2,3.4850000000000003,7.902735042898181,7.02,1.09
2,-9.385,8.509450971360401,6.41,1.29
2,3.4850000000000003,8.99273504289818,6.04,1.32
2,-2.795,9.416191222875298,6.28,2.3
2,-9.094999999999999,9.7994509713604,6.3,1.01
2,-4.783813869735774,11.716191222875299,9.41,1.59
3,-3.5,-13.699985401452077,7.0,3.22
3,-9.77,-10.221873605166522,6.27,4.51
3,3.5,-10.76339630414118,5.67,3.42
3,-3.5,-10.479985401452076,6.98,4.39
3,3.4800000000000004,-7.34339630414118,8.2,4.94
3,-3.329999999999999,-6.0899854014520765,6.81,3.38
3,-12.619999999999997,-5.711873605166522,9.29,4.26
3,-3.3299999999999983,-2.7099854014520766,6.69,3.56
3,3.360000000000002,-2.4033963041411797,9.83,4.46
3,-13.169999999999998,-1.4518736051665222,9.84,3.03
3,-3.1099999999999968,0.8500145985479235,6.47,4.21
3,-13.039999999999996,1.5781263948334776,9.93,2.38
3,3.360000000000003,2.0566036958588203,9.9,1.21
3,3.360000000000003,3.2666036958588203,9.78,1.92
3,-12.629999999999995,3.9581263948334775,9.52,1.66
3,-3.109999999999996,5.060014598547923,6.47,4.38
3,3.360000000000004,5.18660369585882,9.22,1.16
3,-12.329999999999997,5.618126394833477,9.22,1.15
3,3.360000000000004,6.34660369585882,8.34,1.01
3,-11.639999999999995,6.768126394833477,8.53,1.2
3,3.360000000000004,7.35660369585882,7.68,1.03
3,-10.129999999999995,7.968126394833477,7.02,1.59
3,3.360000000000004,8.38660369585882,6.29,1.59
3,-2.9099999999999957,9.440014598547922,6.27,1.69
3,-8.909999999999997,9.558126394833478,6.0,1.41
3,3.360000000000004,9.97660369585882,5.04,1.38
3,-6.109999999999998,11.130014598547922,9.47,1.07
3,-4.9103577106251635,12.200014598547922,9.14,1.06
4,-2.85,-13.849805052779624,5.7,4.34
4,-10.879999999999999,-9.031345414720889,8.03,4.14
4,-9.51,-10.15134541472089,6.66,1.12
4,-7.949999999999999,-11.59134541472089,5.1,1.44
4,2.8499999999999996,-10.125349376688195,7.02,4.91
4,-2.8499999999999996,-9.509805052779624,5.52,4.04
4,-2.8499999999999996,-5.469805052779624,5.56,3.94
4,2.71,-5.215349376688195,9.89,4.03
4,-12.31,-4.891345414720889,9.46,3.5
4,-2.6999999999999993,-1.5298050527796243,5.41,3.37
4,-12.389999999999999,-1.391345414720889,9.69,2.25
4,2.710000000000001,-1.1853493766881948,9.56,2.61
4,-12.459999999999999,0.858654585279111,9.76,3.44
4,2.710000000000001,1.424650623311805,9.72,4.86
4,-2.6999999999999993,1.8401949472203758,5.41,3.59
4,-12.34,4.298654585279111,9.64,2.49
4,-2.6999999999999993,5.430194947220375,5.41,2.32
4,2.710000000000001,6.284650623311805,8.62,1.8
4,-10.75,6.788654585279112,8.05,2.27
4,-2.6999999999999993,7.7501949472203755,5.24,2.45
4,2.540000000000001,8.084650623311806,7.83,1.39
4,-9.2,9.058654585279111,6.5,1.51
4,2.540000000000001,9.474650623311806,5.8,1.83
4,-2.6999999999999993,10.200194947220375,5.24,1.98
4,-4.659602437033826,12.180194947220375,8.3,1.17
5,-4.24,-13.4893291160087,8.48,2.89
5,-12.21,-7.131304228540525,7.97,3.9
5,-10.79,-9.001304228540526,6.55,1.87
5,-9.370000000000001,-10.571304228540527,5.13,1.57
5,4.24,-9.996979543842231,5.76,2.82
5,-4.240000000000001,-10.599329116008699,8.36,4.16
5,4.119999999999998,-7.176979543842231,7.74,4.77
5,-3.9700000000000015,-6.4393291160086985,8.09,4.44
5,-13.220000000000002,-3.2313042285405253,9.25,3.73
5,4.119999999999998,-2.4069795438422315,9.76,3.39
5,-3.9700000000000024,-1.9993291160086981,8.09,3.11
5,-13.880000000000003,0.49869577145947463,9.91,1.39
5,4.119999999999997,0.9830204561577687,9.04,4.12
5,-3.9700000000000024,1.1106708839913018,8.09,4.36
5,-13.350000000000003,1.8886957714594745,9.38,1.93
5,-12.560000000000002,3.8186957714594745,8.59,2.48
5,4.119999999999997,5.103020456157768,7.91,1.72
5,-3.9300000000000033,5.470670883991302,8.05,3.76
5,-11.190000000000003,6.2986957714594745,7.26,2.16
5,4.119999999999997,6.823020456157768,7.23,1.51
5,4.119999999999997,8.333020456157769,6.0,1.38
5,-9.220000000000002,8.458695771459475,5.29,2.17
5,-3.9300000000000024,9.230670883991301,7.9,4.09
6,-3.79,-13.62260988210409,7.58,3.84
6,-9.75,-10.24095210417469,5.96,4.3
6,3.79,-8.65720509171407,7.39,2.29
6,3.79,-10.24720509171407,5.36,1.59
6,-3.79,-9.78260988210409,7.4,2.81
6,-3.79,-6.97260988210409,7.33,4.85
6,3.54,-6.36720509171407,9.0,3.38
6,-12.43,-5.94095210417469,8.64,3.08
6,3.54,-2.9872050917140704,9.93,4.41
6,-13.18,-2.8609521041746904,9.39,3.11
6,-3.789999999999999,-2.12260988210409,7.33,3.9
6,-13.43,0.2490478958253095,9.64,2.05
6,3.540000000000001,1.4227949082859297,9.78,3.0
6,-3.629999999999999,1.77739011789591,7.17,3.19
6,-13.129999999999999,2.2990478958253093,9.5,1.31
6,-13.11,3.6090478958253094,9.48,1.59
6,3.540000000000001,4.42279490828593,8.84,2.34
6,-3.619999999999999,4.96739011789591,7.16,4.8
6,-11.69,5.199047895825309,8.07,2.39
6,3.540000000000001,6.7627949082859296,7.74,1.61
6,-10.36,7.58904789582531,6.74,1.92
6,3.540000000000001,8.372794908285929,6.48,1.56
6,-8.629999999999999,9.50904789582531,5.01,1.63
6,-3.619999999999999,9.76739011789591,7.12,3.19
7,-3.7,-13.647329409082204,7.4,3.0
7,-9.62,-10.363165539544374,5.92,3.5
7,3.7,-10.464200877276774,5.81,4.06
7,-3.6999999999999993,-10.647329409082204,7.4,2.03
7,-3.6499999999999995,-8.617329409082204,7.35,2.42
7,-12.179999999999998,-6.863165539544374,8.53,3.65
7,3.7,-6.404200877276774,8.75,3.4
7,-3.5599999999999996,-6.197329409082204,7.26,3.97
7,-13.459999999999999,-3.213165539544374,9.9,3.56
7,3.7,-3.0042008772767743,9.62,4.69
7,-3.5599999999999987,-2.2273294090822042,7.26,2.27
7,-3.45,0.04267059091779579,7.15,3.85
7,-13.239999999999998,0.34683446045562594,9.79,4.21
7,3.7,1.685799122723226,9.64,2.76
7,-3.4499999999999993,3.892670590917796,7.15,3.06
7,3.700000000000001,4.445799122723226,8.75,1.42
7,-12.459999999999999,4.556834460455626,9.01,2.11
7,3.700000000000001,5.865799122723226,8.02,1.67
7,-11.329999999999998,6.666834460455625,7.88,1.62
7,-3.4499999999999984,6.952670590917796,7.13,1.9
7,3.6800000000000015,7.535799122723226,6.96,1.64
7,-9.53,8.286834460455626,6.08,2.13
7,-3.4499999999999993,8.852670590917796,7.13,1.5
7,3.6800000000000006,9.175799122723227,5.26,1.52
7,-3.4099999999999993,10.352670590917796,7.09,2.92
8,-2.925,-13.834159714272495,5.85,3.91
8,-11.595,-8.092933646089037,8.67,2.67
8,-10.605,-9.222933646089036,7.68,1.13
8,-8.535,-11.102933646089035,5.61,1.88
8,2.924999999999999,-8.989014128368028,7.99,4.43
8,2.925,-10.969014128368029,5.84,1.98
8,-2.9250000000000007,-9.924159714272495,5.85,3.62
8,-2.865000000000001,-6.304159714272495,5.79,3.05
8,-12.485000000000001,-5.422933646089037,9.62,3.36
8,2.924999999999999,-4.5590141283680286,9.4,4.76
8,-2.6750000000000007,-3.254159714272495,5.6,4.51
8,-12.475000000000001,-2.062933646089037,9.8,2.01
8,-12.565000000000001,-0.05293364608903728,9.89,3.29
8,2.924999999999999,0.20098587163197124,9.53,2.69
8,-2.6750000000000007,1.2558402857275048,5.6,3.62
8,2.924999999999999,2.890985871631971,9.78,2.63
8,-12.525,3.2370663539109628,9.85,3.12
8,-2.6750000000000007,4.875840285727505,5.55,3.34
8,2.874999999999999,5.5209858716319715,8.76,1.43
8,-10.815000000000001,6.357066353910962,8.14,2.45
8,2.874999999999999,6.950985871631971,8.29,1.69
8,-2.6750000000000007,8.215840285727506,5.55,4.59
8,2.874999999999999,8.64098587163197,6.86,1.42
8,-9.545000000000002,8.807066353910962,6.87,1.39
9,-4.0,-13.562433409974775,8.0,4.31
9,-11.7,-7.9403778247637575,7.7,2.93
9,-9.89,-10.090377824763758,5.89,2.15
9,3.999999999999999,-10.797346896344491,5.13,2.85
9,-3.999999999999999,-9.252433409974774,8.0,2.78
9,4.000000000000001,-7.9473468963444915,7.37,3.07
9,-3.999999999999999,-6.472433409974775,8.0,3.86
9,-13.18,-5.010377824763758,9.18,4.43
9,4.000000000000001,-4.877346896344491,9.24,4.5
9,-3.9800000000000004,-2.612433409974775,7.98,3.1
9,-13.84,-0.5803778247637581,9.86,2.73
9,4.0,-0.37734689634449126,9.86,2.22
9,-3.9800000000000004,0.4875665900252253,7.88,3.67
9,3.8999999999999995,1.842653103655509,9.49,1.89
9,-13.32,2.149622175236242,9.34,2.32
9,3.8999999999999995,3.732653103655509,8.74,1.58
9,-3.9800000000000004,4.157566590025225,7.88,2.82
9,-12.47,4.469622175236242,8.49,2.14
9,3.8999999999999995,5.312653103655509,7.89,2.17
9,-11.780000000000001,6.609622175236241,7.8,1.08
9,-3.9800000000000013,6.977566590025225,7.87,4.36
9,3.889999999999999,7.482653103655509,6.53,1.69
9,-9.84,7.6896221752362415,5.86,2.35
9,3.889999999999999,9.17265310365551,5.06,1.67
9,-4.916963301779558,11.337566590025226,8.67,1.92
10,-4.04,-13.550571943648727,8.08,3.0
10,-10.139999999999999,-9.854947995803936,6.1,3.68
10,4.04,-9.906134463048643,6.05,2.8
10,-4.039999999999999,-10.550571943648727,8.08,3.48
10,4.040000000000001,-7.106134463048643,8.02,3.11
10,-4.039999999999999,-7.070571943648726,8.08,3.66
10,-12.569999999999999,-6.174947995803937,8.53,3.25
10,4.040000000000001,-3.996134463048643,9.09,2.09
10,-3.8199999999999994,-3.4105719436487263,7.86,3.92
10,-13.5,-2.9249479958039366,9.68,4.18
10,4.040000000000001,-1.9061344630486432,9.91,4.05
10,-3.639999999999999,0.5094280563512736,7.68,2.24
10,-13.219999999999999,1.255052004196063,9.58,3.67
10,4.040000000000001,2.1438655369513566,9.14,2.22
10,-3.639999999999999,2.749428056351274,7.63,4.06
10,3.990000000000001,4.363865536951357,8.27,2.55
10,-11.889999999999999,4.925052004196063,8.25,2.08
10,-3.639999999999999,6.8094280563512735,7.42,2.34
10,3.780000000000001,6.913865536951357,7.67,1.12
10,-10.439999999999998,7.005052004196063,6.8,2.47
10,3.780000000000001,8.033865536951357,6.0,1.98
10,-3.5199999999999987,9.149428056351272,7.3,2.93
10,-3.837065021471342,12.079428056351272,7.01,1.53
11,-4.165,-13.512674605717404,8.33,2.79
11,-13.174999999999999,-5.134099239399259,9.01,4.86
11,-11.945,-7.544099239399259,7.78,2.41
11,-10.465,-9.43409923939926,6.3,1.89
11,4.165000000000001,-6.749738883838397,8.26,2.89
11,4.165,-8.409738883838397,6.99,1.66
11,4.165,-10.479738883838397,5.0,2.07
11,-4.164999999999999,-10.722674605717405,8.18,3.6
11,-4.164999999999999,-7.122674605717405,8.32,3.43
11,4.155000000000001,-3.859738883838397,8.99,4.3
11,-3.9749999999999996,-3.692674605717405,8.13,3.54
11,-13.815,-0.2740992393992583,9.84,3.06
11,-3.9749999999999996,-0.15267460571740488,7.91,4.35
11,3.9350000000000005,0.440261116161603,9.9,2.29
11,3.9350000000000005,2.730261116161603,9.05,2.6
11,-12.525,2.7859007606007418,8.55,3.62
11,-3.9749999999999996,4.197325394282595,7.67,2.99
11,3.6950000000000003,5.330261116161603,8.25,2.15
11,-10.925,6.405900760600742,6.95,2.56
11,-3.9750000000000005,7.187325394282595,7.5,2.49
11,3.5249999999999995,7.4802611161616035,6.78,2.16
11,-4.551825874041799,9.677325394282594,8.88,3.71
12,-3.11,-13.793748584050675,6.22,3.91
12,-8.16,-11.547900242035347,5.05,3.53
12,-13.68,-3.5773174307013953,5.52,4.83
12,3.1099999999999994,-10.509424341989433,6.35,4.61
12,-3.1000000000000005,-9.883748584050675,6.21,4.88
12,-9.73,-7.907317430701395,6.63,4.33
12,3.1099999999999994,-5.899424341989433,9.74,3.8
12,-2.9700000000000006,-5.003748584050675,6.08,4.54
12,-8.16,-3.5773174307013953,5.03,3.3
12,3.1099999999999994,-2.099424341989433,9.96,4.96
12,-3.13,-0.4637485840506752,6.24,4.4
12,-13.049999999999999,1.2526825692986048,9.92,3.53
12,3.1100000000000003,2.860575658010567,9.34,3.78
12,-3.12,3.936251415949325,6.23,2.58
12,-11.82,4.782682569298604,8.7,2.16
12,-3.120000000000001,6.516251415949325,6.2,4.47
12,3.079999999999999,6.640575658010567,7.95,2.18
12,-10.13,6.942682569298604,7.01,2.75
12,3.079999999999999,8.820575658010567,5.42,2.47
12,-4.850000000000001,10.986251415949326,7.93,2.19
13,-4.195,-13.503391240721717,8.39,3.61
13,-9.925,-10.07144354102231,5.73,3.74
13,4.194999999999999,-9.409121903769767,6.36,4.01
13,-4.195,-9.893391240721717,8.39,4.18
13,-12.485,-6.33144354102231,8.29,2.96
13,-4.195,-5.713391240721718,8.31,4.04
13,4.115,-5.3991219037697675,8.92,3.89
13,-13.215,-3.37144354102231,9.02,4.34
13,-4.195,-1.6733912407217177,8.21,3.33
13,4.015000000000001,-1.5091219037697674,9.88,3.67
13,-13.355,0.96855645897769,9.16,2.71
13,-4.195,1.6566087592782823,7.99,3.96
13,3.795,2.1608780962302325,8.77,4.04
13,-12.045,3.67855645897769,7.85,3.39
13,-4.195,5.616608759278282,7.99,3.69
13,3.795,6.200878096230232,7.47,2.24
13,-9.935,7.068556458977691,5.74,2.79
13,3.795,8.440878096230232,5.44,1.99
13,-4.045,9.306608759278282,7.84,3.7
14,-3.4,-13.725144807979259,6.8,3.35
14,-9.780000000000001,-10.212306301712655,6.38,3.61
14,3.3999999999999995,-10.729189158552478,5.81,3.84
14,-3.4000000000000012,-10.37514480797926,6.61,3.07
14,-3.4000000000000012,-7.305144807979259,6.66,3.06
14,3.259999999999999,-6.889189158552478,8.6,4.89
14,-12.460000000000003,-6.602306301712655,9.06,2.26
14,-13.260000000000002,-4.3423063017126555,9.86,3.5
14,-3.400000000000002,-4.245144807979258,6.66,4.35
14,3.259999999999998,-1.9991891585524781,9.92,1.9
14,-12.990000000000002,-0.8423063017126555,9.59,3.06
14,3.259999999999998,-0.09918915855247823,9.35,3.94
14,-3.240000000000002,0.10485519202074123,6.5,3.14
14,-12.430000000000001,2.2176936982873445,9.19,3.06
14,-3.240000000000002,3.2448551920207414,6.32,4.85
14,3.0799999999999983,3.8408108414475217,8.51,4.01
14,-11.130000000000003,5.277693698287345,7.89,2.68
14,3.0799999999999983,7.8508108414475215,6.27,2.69
14,-9.510000000000002,7.957693698287345,6.27,1.93
14,-3.240000000000002,8.094855192020741,6.32,3.1
14,-4.646228879441547,11.194855192020741,7.1,2.16
15,-3.865,-13.601521054646794,7.73,4.99
15,-10.195,-9.798039344685241,6.33,4.04
15,3.865000000000001,-10.851975626585235,5.2,4.15
15,-3.865,-8.611521054646794,7.73,2.84
15,3.865,-6.701975626585234,8.46,4.27
15,-3.7249999999999996,-5.771521054646794,7.59,3.13
15,-12.605,-5.758039344685241,8.88,5.0
15,-3.7249999999999996,-2.6415210546467938,7.57,3.89
15,3.8450000000000006,-2.431975626585235,8.6,4.7
15,-12.565,-0.7580393446852414,8.84,2.33
15,-3.545000000000001,1.2484789453532064,7.39,2.7
15,-12.515000000000002,1.5719606553147587,8.97,4.75
15,3.844999999999999,2.2680243734147654,8.95,2.73
15,-3.5450000000000017,3.9484789453532065,7.23,3.92
15,3.6849999999999987,4.998024373414765,8.18,2.52
15,-11.045000000000002,6.321960655314759,7.5,2.36
15,3.6849999999999987,7.5180243734147645,5.36,2.68
15,-3.335000000000001,7.868478945353207,7.02,3.18
15,-8.765,8.681960655314759,5.43,2.36
15,-4.8874396647650435,11.048478945353207,7.11,2.22
16,-3.9,-13.591526772220993,7.8,4.67
16,-10.350000000000001,-9.634163170717008,6.45,4.03
16,3.9000000000000004,-10.427708281305149,5.65,4.97
16,-3.76,-8.921526772220993,7.66,4.79
16,-11.78,-5.604163170717007,8.02,3.6
16,3.9000000000000004,-5.457708281305149,7.94,2.91
16,-3.76,-4.131526772220993,7.61,3.79
16,3.8500000000000005,-2.547708281305149,8.16,3.87
16,-11.93,-2.0041631707170073,8.17,3.33
16,-3.76,-0.3415267722209929,7.43,3.02
16,3.67,1.322291718694851,8.1,2.31
16,-11.379999999999999,1.3258368292829927,7.62,2.58
16,-3.759999999999999,2.678473227779007,7.25,3.97
16,3.490000000000001,3.632291718694851,7.85,3.85
16,-11.469999999999999,3.905836829282993,7.71,4.11
16,-3.759999999999999,6.648473227779007,7.14,4.22
16,3.380000000000001,7.482291718694851,6.51,2.51
16,-9.299999999999997,8.015836829282993,5.54,2.5
16,-3.6211102746931862,10.868473227779006,7.04,2.8
17,-14.058065300744623,-1.52,5.71,3.04
17,-12.944632092106753,-5.6899999999999995,6.99,4.17
17,-10.711988610897604,-9.23,7.11,3.54
17,-5.121249847449352,-13.18,7.03,3.95
17,1.908750152550648,-12.055951691309266,5.48,3.89
17,7.388750152550648,-6.3204999468673355,5.26,3.92
17,-3.601988610897604,-9.23,5.24,2.99
17,1.658750152550648,-8.165951691309266,5.73,2.93
17,-5.954632092106753,-5.69,6.58,4.44
17,0.6253679078932475,-5.235951691309266,6.61,2.92
17,7.235367907893248,-2.4004999468673356,6.29,2.63
17,1.2153679078932482,-2.315951691309266,6.02,2.99
17,-8.348065300744622,-1.25,6.34,3.27
17,7.235367907893248,0.2295000531326643,5.76,3.13
17,0.5853679078932483,0.6740483086907343,6.65,2.99
17,-5.144632092106752,2.02,5.73,4.05
17,-11.154632092106752,2.02,6.01,3.69
17,0.5853679078932483,3.6640483086907345,5.95,3.88
17,6.5353679078932485,3.6640483086907345,5.52,3.33
17,-10.784632092106751,5.71,5.64,3.15
17,-5.144632092106751,6.07,5.73,3.87
17,0.5853679078932492,7.544048308690734,5.69,4.84
17,-4.69463209210675,9.940000000000001,5.28,3.34
