Instance: CBPP
Bin radius: 14.14
Rotate enable: false
Bin num: 44
Lower bound: 38
Opt: false
Gap: 0.13636363636363635
Bin id,X coordinate of lower left corner,Y coordinate of lower left corner,Item's width,Item's height
1,-2.495,-13.91813834533915,4.99,9.89
1,-7.405000000000001,-12.045977544392152,4.91,9.97
1,-12.315000000000001,-6.948408091066614,4.91,9.79
1,-13.525000000000002,-4.1247999951512755,1.21,8.18
1,2.495,-12.064367990077226,4.88,9.77
1,7.375,-7.258193645804721,4.76,9.99
1,12.135,-4.409124062668229,1.3,8.8
1,-2.495000000000001,-4.0281383453391495,4.99,6.51
1,2.494999999999999,-2.2943679900772267,4.88,9.55
1,-7.405000000000001,-2.075977544392151,4.8,9.89
1,-2.6050000000000013,2.4818616546608503,4.98,9.44
1,7.374999999999999,2.731806354195279,4.29,5.15
1,-11.545000000000002,2.8415919089333848,4.14,5.09
1,2.374999999999999,7.255632009922774,4.56,5.06
1,-5.555000000000001,7.81402245560785,2.95,5.01
2,-2.45,-13.92613011572131,4.9,9.55
2,-7.119999999999999,-12.21659527036891,4.67,9.98
2,-12.07,-7.365778981207623,4.95,9.39
2,-13.42,-4.454570686384943,1.35,8.89
2,2.45,-12.234030407024498,4.64,9.97
2,7.09,-7.447093392727125,4.93,9.26
2,12.02,-4.543952024394625,1.37,9.05
2,-2.4499999999999993,-4.37613011572131,4.9,7.16
2,2.450000000000001,-2.2640304070244976,4.64,6.35
2,-7.12,-2.236595270368909,4.67,8.1
2,7.199999999999999,1.8129066072728746,4.82,5.45
2,-12.07,2.0242210187923773,4.95,5.27
2,-2.45,2.7838698842786904,4.9,6.21
2,2.45,4.085969592975502,4.73,7.96
2,-7.08,5.863404729631091,4.63,6.32
3,-2.365,-13.940816869896828,4.73,9.57
3,-7.295,-12.112909435804431,4.93,9.15
3,-12.235,-7.0883266713661,4.94,9.03
3,-13.555,-4.02511801069236,1.32,8.02
3,2.365,-12.29995833326276,4.61,9.65
3,6.9750000000000005,-7.737724148611141,4.86,9.13
3,11.835,-4.674459861845001,1.51,9.27
3,-2.365,-4.370816869896828,4.73,9.12
3,-7.294999999999999,-2.9629094358044306,4.93,8.21
3,2.365,-2.6499583332627594,4.61,7.99
3,6.9750000000000005,1.3922758513888596,4.86,5.0
3,-12.084999999999999,1.9416733286338994,4.79,5.39
3,-2.3649999999999993,4.749183130103171,4.73,9.06
3,-7.294999999999999,5.24709056419557,4.93,6.82
3,2.365000000000001,5.340041666737241,4.61,6.84
3,6.975000000000001,6.39227585138886,1.32,5.05
4,-2.325,-13.94754369055713,4.65,9.49
4,-6.884999999999999,-12.350561728115853,4.56,9.49
4,-11.235,-8.585707600425257,4.35,9.93
4,-13.235,-4.9773863623391765,2.0,9.83
4,2.325,-12.112909435804431,4.97,8.68
4,7.295000000000001,-7.8736633786313215,4.45,9.65
4,11.745000000000001,-4.616965995109772,1.62,9.04
4,-2.3249999999999993,-4.457543690557129,4.65,8.08
4,2.325000000000001,-3.432909435804431,4.97,5.26
4,-6.885,-2.8605617281158526,4.56,6.99
4,-11.235,1.3442923995747424,4.35,5.48
4,7.295000000000001,1.7763366213686789,4.37,6.17
4,2.4750000000000005,1.8270905641955686,4.82,8.82
4,-2.325,3.622456309442871,4.8,6.86
4,-6.885,4.129438271884148,4.56,6.04
5,-2.34,-13.945034958722765,4.68,9.07
5,-7.1,-12.228229634742718,4.76,8.88
5,-11.52,-8.199341436969192,4.42,9.54
5,-13.27,-4.8833083048277866,1.75,9.76
5,2.34,-12.483989746871792,4.3,9.74
5,6.639999999999999,-8.897162469012244,4.35,9.61
5,10.989999999999998,-4.990661278828695,2.24,9.8
5,-2.26,-4.875034958722765,4.6,8.97
5,-7.1,-3.348229634742717,4.84,5.1
5,2.34,-2.743989746871792,4.18,9.81
5,6.52,0.7128375309877555,4.47,5.36
5,-11.52,1.3406585630308072,4.32,6.62
5,-7.199999999999999,1.7517703652572827,4.94,6.21
5,-2.259999999999999,4.094965041277236,4.6,8.96
5,6.52,6.072837530987756,1.85,5.21
5,2.3400000000000007,7.0660102531282085,4.07,5.28
5,-5.139999999999998,7.961770365257283,2.88,5.04
6,-2.225,-13.963845279864712,4.45,9.37
6,-6.734999999999999,-12.432995415425843,4.51,9.24
6,-11.245,-8.572606079833601,4.51,9.23
6,-13.305,-4.787125964501041,2.06,9.42
6,2.2249999999999996,-12.523592735313617,4.34,9.59
6,6.5649999999999995,-8.466638943524167,4.76,8.73
6,11.325,-4.558659342394431,2.06,8.91
6,-2.2249999999999996,-4.593845279864713,4.45,6.78
6,-6.734999999999999,-3.192995415425843,4.51,8.44
6,2.2250000000000005,-2.933592735313617,4.34,7.27
6,6.565,0.2633610564758335,4.76,7.99
6,-11.105,0.657393920166399,4.37,7.86
6,-2.2249999999999996,2.1861547201352876,4.4,9.43
6,2.1750000000000007,4.3364072646863825,4.39,5.6
6,-6.635,5.247004584574157,4.41,6.99
7,-2.21,-13.966227121166261,4.42,9.24
7,-6.630000000000001,-12.4893034233299,4.42,9.22
7,-10.91,-8.995081989620774,4.28,9.52
7,-13.31,-4.77320646945007,2.4,9.36
7,2.21,-12.547079341424443,4.31,9.43
7,6.5200000000000005,-9.31289428695505,4.12,9.83
7,10.64,-5.095439137110754,2.55,10.0
7,-2.210000000000001,-4.726227121166261,4.42,8.24
7,-6.580000000000001,-3.2693034233299,4.37,8.81
7,2.209999999999999,-3.117079341424443,4.31,7.41
7,6.519999999999999,0.5171057130449501,4.12,7.53
7,-10.91,0.5249180103792259,4.33,7.47
7,-2.210000000000001,3.5137728788337395,4.41,8.53
7,2.1999999999999993,4.292920658575557,4.24,8.05
7,-6.470000000000001,5.540696576670101,4.26,6.4
8,-2.105,-13.98243809212113,4.21,9.61
8,-6.215000000000001,-12.700920242250167,4.11,9.81
8,-10.795000000000002,-9.132774770024715,4.58,8.73
8,-13.315000000000001,-4.759241010917599,2.52,9.48
8,2.1050000000000004,-12.671384099615953,4.17,9.54
8,6.275,-9.735223418083429,3.98,9.99
8,10.255,-4.923878044793555,3.0,9.78
8,-2.1050000000000004,-4.372438092121131,4.21,8.7
8,2.1049999999999995,-3.1313840996159534,4.17,5.87
8,-6.215000000000002,-2.890920242250166,4.11,6.86
8,-10.795000000000002,-0.40277477002471507,4.58,8.64
8,6.2749999999999995,0.2547765819165715,3.98,5.3
8,2.215,2.7386159003840467,4.06,9.74
8,-6.095000000000001,3.9690797577498342,3.99,8.74
8,-2.1050000000000004,4.327561907878868,4.23,9.2
8,6.2749999999999995,5.554776581916571,2.76,5.31
9,-2.395,-13.935694277645444,4.79,8.29
9,-6.835,-12.378302589612195,4.44,8.94
9,-11.305,-8.493325320509042,4.47,8.87
9,-13.365,-4.616965995109775,2.06,9.14
9,2.3949999999999996,-12.350561728115853,4.49,8.83
9,6.885,-9.03736549000869,3.99,9.91
9,10.875,-4.896874002871629,2.39,9.73
9,-2.3949999999999996,-5.645694277645445,4.79,7.21
9,2.3950000000000005,-3.5205617281158528,4.49,8.57
9,-6.824999999999999,-3.4383025896121957,4.43,7.32
9,-11.305,0.37667467949095723,4.48,7.96
9,6.885000000000001,0.8726345099913093,3.94,8.15
9,-2.3949999999999996,1.564305722354555,4.79,7.08
9,-6.824999999999999,3.8816974103878046,4.43,7.3
9,2.3950000000000005,5.0494382718841475,4.49,5.76
9,-2.3949999999999996,8.644305722354556,4.76,5.13
10,-2.36,-13.94166417613048,4.72,8.35
10,-6.909999999999999,-12.33659191186934,4.55,8.66
10,-11.84,-7.73007115103089,4.93,7.98
10,-13.49,-4.237865028525569,1.65,8.46
10,2.3599999999999994,-12.58320706338412,4.09,9.61
10,6.449999999999999,-8.644275562474858,4.74,8.27
10,11.190000000000001,-4.990661278828688,2.04,9.93
10,-2.3599999999999994,-5.591664176130481,4.72,8.29
10,-6.91,-3.6765919118693393,4.55,6.27
10,2.3600000000000003,-2.9732070633841214,4.09,8.49
10,6.45,-0.3742755624748586,4.74,7.93
10,-11.77,0.24992884896911072,4.86,7.58
10,-6.909999999999999,2.5934080881306603,4.55,5.92
10,-2.3599999999999994,2.6983358238695185,4.62,8.27
10,2.2600000000000007,5.516792936615879,4.08,6.87
10,-4.02,8.51340808813066,1.66,5.0
11,-1.99,-13.999267837997815,3.98,9.84
11,-6.15,-12.732521352819322,4.16,9.25
11,-11.07,-8.797425759845888,4.92,7.82
11,-13.3,-4.800999895855029,2.23,9.51
11,1.9900000000000002,-12.79919919369958,4.02,9.56
11,6.01,-8.95857131466843,4.93,7.79
11,10.94,-4.8560477757122635,2.34,9.6
11,-1.8699999999999997,-4.159267837997815,3.86,9.89
11,-6.15,-3.4825213528193224,4.28,7.63
11,1.9900000000000002,-3.23919919369958,3.92,9.72
11,5.91,-1.1685713146684291,4.89,7.65
11,-11.07,-0.9774257598458878,4.81,7.73
11,-6.260000000000001,4.1474786471806775,4.39,5.51
11,-1.870000000000001,5.730732162002186,3.86,5.32
11,1.9899999999999989,6.4808008063004205,3.92,5.06
11,5.909999999999998,6.481428685331571,2.07,5.16
11,-7.74,6.752574240154113,1.48,5.06
12,-2.015,-13.995691301254112,4.03,9.49
12,-6.255000000000001,-12.681268666817212,4.24,9.0
12,-10.195,-9.798039344685241,3.94,9.65
12,-13.185,-5.108363240804239,2.99,9.93
12,2.0149999999999997,-12.815575484542238,3.96,9.54
12,5.975,-9.787623562438434,4.23,8.92
12,10.205,-4.787125964501041,3.1,9.45
12,-2.0150000000000006,-4.505691301254112,4.03,6.72
12,-6.255000000000001,-3.6812686668172123,4.24,7.45
12,2.0149999999999997,-3.275575484542239,3.96,7.96
12,5.975,-0.8676235624384336,4.23,8.9
12,-10.195,-0.14803934468524105,3.94,8.26
12,-1.8950000000000005,2.2143086987458878,3.91,9.55
12,-6.125000000000001,3.768731333182788,4.23,8.02
12,2.0149999999999997,4.684424515457761,3.96,5.77
13,-2.245,-13.960643788880224,4.49,8.4
13,-6.025,-12.792145050772369,3.78,9.97
13,-10.615,-9.34137971608049,4.59,8.21
13,-13.315000000000001,-4.759241010917599,2.7,9.25
13,2.245,-12.611247955694155,4.15,9.07
13,6.3950000000000005,-9.80843387090926,3.79,9.82
13,10.185,-4.84235221767273,3.1,9.65
13,-2.2450000000000006,-5.560643788880224,4.49,8.06
13,2.2449999999999997,-3.541247955694155,4.15,8.14
13,-6.025,-2.8221450507723684,3.78,8.4
13,-10.615000000000002,-1.13137971608049,4.59,7.63
13,6.395,0.011566129090740063,3.79,7.68
13,-2.2450000000000006,2.4993562111197765,4.49,5.52
13,2.2449999999999997,4.598752044305845,4.15,7.52
13,-5.965000000000001,5.577854949227632,3.72,7.11
13,-7.825,6.49862028391951,1.86,5.15
13,-2.2450000000000006,8.019356211119776,4.46,5.78
14,-1.905,-14.011087573775278,3.81,9.75
14,-5.694999999999999,-12.942433117462883,3.79,9.8
14,-9.565000000000001,-10.413950979335365,3.87,9.53
14,-13.145000000000001,-5.210429444873039,3.58,9.98
14,1.9050000000000002,-12.754159125555868,4.2,8.78
14,6.105,-10.120473062065825,3.77,9.78
14,9.875,-4.950714594884256,3.37,9.55
14,-1.9049999999999994,-4.261087573775278,3.81,9.17
14,1.9050000000000007,-3.974159125555868,4.16,8.67
14,-5.695000000000001,-3.1424331174628826,3.79,6.93
14,-9.565000000000001,-0.8839509793353653,3.87,7.4
14,6.065000000000001,-0.3404730620658256,3.81,7.1
14,-5.695000000000001,3.787566882537117,3.79,6.88
14,1.9050000000000007,4.695840874444132,4.16,6.11
14,-1.9050000000000011,4.908912426224722,3.81,6.55
14,-8.055,6.516049020664635,2.36,5.06
14,6.065000000000001,6.759526937934174,1.55,5.1
15,-2.43,-13.92963387889287,4.86,7.55
15,-7.09,-12.234030407024498,4.66,7.87
15,-10.95,-8.946345622655098,3.86,9.49
15,-13.299999999999999,-4.800999895855035,2.35,9.52
15,2.4299999999999997,-12.593438767866385,4.0,9.15
15,6.429999999999999,-8.51325437186039,4.86,7.52
15,11.29,-4.543952024394628,2.1,8.95
15,-2.4299999999999997,-6.379633878892871,4.86,6.71
15,-7.09,-4.364030407024498,4.66,7.28
15,2.4300000000000006,-3.4434387678663843,4.0,8.2
15,6.430000000000001,-0.9932543718603899,4.7,7.74
15,-2.2699999999999996,0.3303661211071294,4.7,7.47
15,-10.95,0.5436543773449021,3.83,8.23
15,-7.119999999999999,2.915969592975502,4.85,6.26
15,2.4300000000000006,4.756561232133615,3.9,7.87
15,6.33,6.74674562813961,1.32,5.08
15,-2.2299999999999995,7.800366121107129,4.66,6.04
16,-2.025,-13.9942479254871,4.05,8.97
16,-6.9750000000000005,-12.29995833326276,4.95,7.3
16,-10.795,-9.132774770024715,3.82,9.44
16,-13.275,-4.869699682731986,2.48,9.58
16,2.0249999999999995,-12.730105066337828,4.13,8.71
16,6.154999999999999,-9.295728857921794,4.5,7.94
16,10.655,-4.731170573970043,2.67,9.34
16,-2.0250000000000004,-5.024247925487099,4.05,7.62
16,-6.905,-4.99995833326276,4.88,6.87
16,2.0249999999999995,-4.020105066337827,4.13,6.41
16,6.154999999999999,-1.355728857921794,4.5,7.23
16,-10.795,0.307225229975284,3.86,8.82
16,-6.9350000000000005,1.8700416667372401,4.82,6.7
16,2.0249999999999995,2.3898949336621733,4.13,6.08
16,-2.115,2.595752074512901,4.14,6.19
16,6.154999999999999,5.874271142078206,2.68,5.03
16,2.0249999999999995,8.469894933662173,1.79,5.13
16,-3.4250000000000003,8.57004166673724,1.31,5.07
16,-2.115,8.785752074512901,4.09,5.04
17,-1.84,-14.019771752778288,3.68,9.61
17,-6.53,-12.541877849827753,4.69,7.53
17,-10.15,-9.844648292346456,3.62,9.74
17,-13.31,-4.77320646945007,3.16,9.45
17,1.8400000000000003,-13.064130281040526,3.57,9.86
17,5.41,-10.889407697391077,3.61,9.64
17,9.02,-5.419963099505386,4.04,8.57
17,-6.53,-5.011877849827752,4.69,6.39
17,-1.8399999999999999,-4.409771752778289,3.62,9.55
17,1.7800000000000002,-3.204130281040527,3.58,9.63
17,5.36,-1.2494076973910762,3.66,8.62
17,-10.15,-0.10464829234645556,3.62,8.95
17,-6.53,1.3781221501722474,4.69,5.55
17,9.02,3.150036900494614,2.35,5.23
17,-1.8399999999999999,5.140228247221712,3.62,6.82
17,1.7800000000000002,6.425869718959474,3.58,6.39
17,-6.49,6.928122150172247,4.65,5.6
17,5.36,7.370592302608923,1.12,5.05
18,-2.08,-13.986178892034808,4.16,8.21
18,-5.99,-12.808571348905389,3.91,8.73
18,-9.74,-10.250463404158857,3.75,9.08
18,-13.25,-4.937317085219463,3.51,9.62
18,2.08,-12.688656351245392,4.16,8.1
18,6.239999999999999,-9.5256023431592,4.21,8.0
18,10.45,-4.773206469450076,2.86,9.27
18,-2.08,-5.776178892034807,4.07,8.05
18,1.9900000000000002,-4.588656351245392,4.25,7.84
18,-5.99,-4.078571348905388,3.91,7.44
18,6.24,-1.5256023431591998,4.21,6.6
18,-9.74,-1.1704634041588573,3.64,8.75
18,-2.08,2.273821107965194,4.06,8.02
18,1.9799999999999995,3.2513436487546077,4.23,7.52
18,-6.01,3.361428651094612,3.93,8.04
18,6.21,5.0743976568408,3.41,5.21
19,-2.135,-13.977888789083995,4.27,7.88
19,-6.805,-12.394820490834066,4.67,7.2
19,-11.265,-8.546307682268408,4.46,7.5
19,-13.405000000000001,-4.499508306470828,2.14,8.87
19,2.1349999999999993,-12.810908437733836,3.85,8.68
19,5.984999999999999,-10.477813464649962,3.51,9.5
19,9.495000000000001,-5.689162943702703,3.45,9.66
19,-2.135,-6.097888789083995,4.27,6.27
19,-6.805000000000001,-5.194820490834066,4.67,6.93
19,2.135,-4.1309084377338365,3.85,7.76
19,-11.265,-1.0463076822684076,4.46,7.3
19,6.015000000000001,-0.9778134646499623,3.48,9.2
19,-2.1350000000000007,0.1721112109160048,4.27,5.65
19,-6.805000000000001,1.7351795091659339,4.67,6.62
19,2.134999999999999,3.6290915622661633,3.88,5.49
19,-2.1050000000000013,5.822111210916005,4.24,7.27
19,-8.285,6.253692317731592,1.48,5.16
19,-3.8850000000000007,8.355179509165934,1.78,5.09
20,-1.78,-14.027515817135978,3.56,9.36
20,-5.35,-13.088815836430735,3.57,9.32
20,-9.17,-10.76339630414118,3.82,8.71
20,-12.74,-6.134492644057861,3.57,9.17
20,-13.83,-2.944605236699821,1.09,5.69
20,1.7800000000000002,-12.430285596075418,4.96,6.67
20,6.74,-8.552894246978623,4.52,7.2
20,11.26,-4.660160941426811,2.09,8.99
20,1.78,-5.760285596075418,4.96,5.24
20,-1.77,-4.667515817135978,3.55,8.35
20,-5.35,-3.7688158364307345,3.58,5.49
20,-9.17,-2.053396304141179,3.82,8.08
20,6.8,-1.3528942469786225,4.46,6.18
20,1.8099999999999987,-0.5202855960754178,4.99,6.47
20,-5.35,1.7211841635692657,3.58,5.21
20,-11.54,3.035507355942139,2.37,5.11
20,-1.7699999999999996,3.6824841828640213,3.47,8.52
20,6.799999999999999,4.827105753021377,3.23,5.07
20,1.7000000000000006,5.949714403924582,4.76,6.58
20,-8.559999999999999,6.026603695858821,3.21,5.18
20,-5.299999999999999,6.931184163569266,3.53,6.11
21,-2.385,-13.937409192529293,4.77,6.77
21,-6.965,-12.3056237143836,4.58,7.04
21,-11.565,-8.13574673892938,4.6,7.0
21,-13.434999999999999,-4.409124062668235,1.87,8.75
21,2.385,-12.897967863194573,3.41,9.3
21,5.795000000000001,-9.552956348691225,4.63,6.82
21,10.425,-4.787125964501041,2.88,9.51
21,-2.2750000000000004,-7.167409192529293,4.66,6.58
21,-6.885000000000001,-5.2656237143836,4.61,6.84
21,2.385,-3.5979678631945724,3.41,8.63
21,5.795,-2.732956348691225,4.63,5.43
21,-11.564999999999998,-1.1357467389293792,4.53,6.95
21,-2.2750000000000004,-0.587409192529293,4.66,5.36
21,-7.0349999999999975,1.5743762856163999,4.76,5.65
21,5.795,2.6970436513087748,4.53,6.95
21,-2.2749999999999977,4.772590807470707,4.6,6.77
21,2.325000000000002,5.032032136805428,3.47,6.32
21,-8.614999999999998,5.814253261070621,1.58,5.19
21,-6.284999999999998,7.2243762856164,4.01,5.13
22,-1.82,-14.022382108614785,3.64,8.62
22,-6.71,-12.446505533682938,4.89,6.4
22,-9.96,-10.03683216956426,3.25,9.6
22,-13.110000000000001,-5.297876933262981,3.15,9.75
22,1.8200000000000003,-12.75655125807912,4.28,7.25
22,6.1000000000000005,-9.232307403894218,4.61,6.73
22,10.71,-4.856047775712261,2.57,9.7
22,-6.710000000000001,-6.046505533682938,4.88,6.24
22,1.9200000000000008,-5.506551258079121,4.18,7.25
22,-1.7799999999999994,-5.402382108614786,3.7,8.35
22,6.1000000000000005,-2.5023074038942177,4.61,5.4
22,-9.96,-0.4368321695642603,3.25,9.14
22,-6.710000000000001,0.19349446631706257,4.8,6.22
22,1.9200000000000008,1.7434487419208793,4.18,6.06
22,6.1000000000000005,2.8976925961057827,4.48,5.97
22,-1.910000000000001,2.947617891385214,3.83,5.3
22,-6.710000000000001,6.413494466317062,4.65,5.25
22,1.919999999999999,7.803448741920879,4.01,5.03
22,-2.050000000000001,8.247617891385215,3.97,5.7
23,-2.27,-13.956600588968648,4.54,6.82
23,-6.09,-12.761328300768694,3.82,8.07
23,-9.42,-10.545292788728059,3.33,9.13
23,-13.48,-4.269566722748339,4.06,7.48
23,2.27,-13.04331246271437,3.19,9.5
23,5.459999999999999,-11.091740170054473,3.31,9.11
23,8.77,-6.47570073428351,3.8,7.93
23,12.57,-3.460563537922687,1.14,6.87
23,-2.27,-7.136600588968648,4.54,6.54
23,-6.07,-4.691328300768694,3.8,7.57
23,2.27,-3.54331246271437,3.19,9.42
23,5.46,-1.981740170054474,3.31,6.07
23,-9.420000000000002,-1.415292788728058,3.35,8.98
23,-2.13,-0.5966005889686476,4.4,6.23
23,8.77,1.4542992657164895,3.73,5.15
23,-6.070000000000002,2.8786716992313064,3.87,7.32
23,-11.220000000000002,3.2104332772516617,1.8,5.25
23,5.529999999999999,4.088259829945526,3.24,6.86
23,-2.200000000000002,5.633399411031353,4.4,6.09
23,2.1999999999999984,5.87668753728563,3.33,6.57
24,-1.61,-14.048042568272635,3.22,9.3
24,-5.0,-13.226473452889852,3.39,8.8
24,-9.809999999999999,-10.183491542688099,4.81,6.19
24,-13.2,-5.069477290608967,3.39,8.77
24,1.6100000000000003,-13.263845596206252,3.29,9.01
24,4.9,-10.922417314862127,4.08,7.26
24,8.98,-6.974926522910474,3.32,8.91
24,12.3,-3.615342307444754,1.37,7.14
24,-1.5199999999999996,-4.748042568272634,3.13,9.41
24,-4.999999999999999,-4.4264734528898515,3.48,7.8
24,1.6100000000000003,-4.2538455962062525,3.29,8.15
24,-9.809999999999999,-3.9934915426880986,4.81,5.28
24,4.9,-3.662417314862127,3.97,6.21
24,-9.809999999999999,1.2865084573119017,4.74,6.24
24,8.870000000000001,1.9350734770895262,3.23,5.32
24,4.920000000000001,2.547582685137873,3.95,5.9
24,-5.0699999999999985,3.3735265471101483,3.55,7.83
24,1.660000000000001,3.896154403793748,3.26,9.04
24,-1.5199999999999987,4.661957431727366,3.18,9.01
25,-1.8,-14.024963458062912,3.6,8.21
25,-5.250000000000001,-13.12924597987257,3.45,8.56
25,-8.7,-11.146730462337377,3.45,8.49
25,-12.1,-7.316392553711154,3.4,8.61
25,-13.42,-4.454570686384943,1.32,8.85
25,1.7999999999999998,-13.188237183187146,3.3,8.84
25,5.1,-11.396609144829002,3.27,8.9
25,8.37,-8.324343817983493,3.06,9.46
25,11.43,-4.543952024394625,1.96,9.08
25,-1.8000000000000007,-5.814963458062911,3.6,5.36
25,-5.170000000000001,-4.569245979872569,3.37,8.44
25,1.7999999999999994,-4.3482371831871465,3.3,8.21
25,-8.7,-2.656730462337377,3.53,6.79
25,5.1,-2.4966091448290015,3.27,5.37
25,-1.8000000000000007,-0.4549634580629105,3.6,5.18
25,8.379999999999999,1.1356561820165076,3.05,6.94
25,-12.1,1.2936074462888456,3.35,5.98
25,5.1,2.8733908551709986,3.28,8.45
25,1.8399999999999999,3.8617628168128544,3.26,8.4
25,-5.17,3.87075402012743,3.37,6.93
25,-8.67,4.133269537662623,3.5,6.76
25,-1.7000000000000002,4.725036541937089,3.54,7.65
26,-1.53,-14.056980472348961,3.06,9.46
26,-6.26,-12.678801205161315,4.73,6.09
26,-10.02,-9.976933396590358,3.76,7.58
26,-13.059999999999999,-5.419963099505386,3.04,9.28
26,1.5299999999999998,-13.157020939407218,3.65,7.78
26,5.179999999999999,-11.56904058252023,2.95,9.51
26,8.129999999999999,-8.759543367093974,2.97,9.43
26,11.1,-4.8560477757122635,2.18,9.54
26,-6.26,-6.588801205161316,4.59,5.71
26,1.53,-5.377020939407218,3.65,6.45
26,-1.67,-4.59698047234896,3.2,7.59
26,-10.02,-2.3969333965903576,3.76,6.95
26,5.18,-2.0590405825202307,2.95,9.1
26,-6.26,-0.8788012051613157,4.59,5.33
26,8.129999999999999,0.670456632906026,2.91,7.96
26,1.5300000000000002,1.0729790605927825,3.65,5.7
26,-1.67,2.9930195276510396,3.2,6.78
26,-6.25,4.451198794838684,4.58,5.61
26,-10.15,4.5530666034096425,3.9,5.2
26,1.5300000000000002,6.772979060592783,3.65,5.44
26,5.18,7.040959417479769,1.26,5.34
27,-1.49,-14.061276613451568,2.98,9.33
27,-4.92,-13.256439944419467,3.43,8.08
27,-8.09,-11.597047037931683,3.17,8.71
27,-11.52,-8.199341436969192,3.43,8.03
27,-13.29,-4.828612637186798,1.77,9.43
27,1.4900000000000002,-13.408187797014183,3.0,9.17
27,4.49,-11.833511735744382,3.25,8.42
27,7.74,-9.301456875135207,2.91,9.37
27,10.65,-4.543952024394625,2.74,9.07
27,-4.92,-5.176439944419467,3.43,6.68
27,-1.4899999999999998,-4.731276613451568,2.98,7.09
27,1.4900000000000002,-4.238187797014183,2.93,9.23
27,4.42,-3.4135117357443825,3.32,6.65
27,-8.09,-2.8870470379316817,3.17,8.44
27,-11.52,-0.16934143696919257,3.43,5.3
27,7.74,0.0685431248647923,2.91,5.63
27,-4.92,1.5035600555805324,3.34,8.1
27,-1.58,2.358723386548432,3.07,7.95
27,4.51,3.236488264255618,3.23,8.36
27,1.4899999999999998,4.991812202985818,3.02,7.34
27,-9.31,5.130658563030807,1.22,5.4
27,-8.09,5.552952962068318,3.15,5.66
28,-2.11,-13.981684447876802,4.22,6.41
28,-5.069999999999999,-13.199799240897569,2.96,9.13
28,-8.280000000000001,-11.46216384458013,3.21,8.39
28,-11.63,-8.042555563998299,3.35,8.01
28,-13.360000000000001,-4.6314144707637634,1.73,9.23
28,2.1099999999999994,-13.180485575273774,3.01,8.91
28,5.12,-11.610973258086508,2.95,9.09
28,8.07,-8.241328776356395,3.42,7.82
28,11.49,-4.573313896946065,1.89,8.97
28,-2.1099999999999994,-7.571684447876802,4.22,5.57
28,2.1100000000000003,-4.270485575273774,3.01,6.77
28,-5.070000000000001,-4.069799240897568,2.96,7.02
28,-8.280000000000001,-3.07216384458013,3.21,7.99
28,5.12,-2.5209732580865083,2.95,6.68
28,-2.110000000000001,-2.0016844478768014,4.12,6.31
28,8.07,-0.4213287763563951,3.42,7.65
28,-11.63,-0.032555563998299064,3.35,6.4
28,2.009999999999999,2.4995144247262253,3.11,5.28
28,-5.070000000000001,2.9502007591024313,2.96,6.1
28,5.119999999999999,4.159026741913491,2.95,6.48
28,-2.110000000000001,4.308315552123198,4.12,5.85
28,-8.280000000000001,4.91783615541987,3.21,6.1
28,2.039999999999999,7.779514424726226,3.08,5.33
29,-1.83,-14.021080557503407,3.66,7.29
29,-5.24,-13.133240270397858,3.41,7.8
29,-8.6,-11.224063435316108,3.36,7.91
29,-11.59,-8.100092592063378,2.99,8.87
29,-13.44,-4.393859351413065,1.85,8.62
29,1.8299999999999996,-13.153079487329194,3.36,7.84
29,5.1899999999999995,-11.512406351410638,3.02,8.71
29,8.21,-7.621778007787946,3.7,7.08
29,11.91,-4.393859351413065,1.53,8.73
29,-1.83,-6.7310805575034065,3.66,5.96
29,-5.24,-5.333240270397858,3.41,7.59
29,1.83,-5.313079487329194,3.36,7.79
29,-8.6,-3.3140634353161076,3.36,5.75
29,5.1899999999999995,-2.802406351410637,2.93,8.79
29,-1.71,-0.7710805575034065,3.54,7.15
29,8.12,-0.5417780077879462,3.76,6.92
29,-11.54,0.7699074079366213,2.94,7.34
29,-5.24,2.256759729602142,3.53,5.99
29,-8.52,2.4359365646838924,3.28,7.82
29,1.83,2.476920512670806,3.29,7.61
29,5.12,5.987593648589362,2.9,5.4
29,-1.7100000000000004,6.378919442496594,3.54,6.51
29,-4.450000000000001,8.246759729602143,2.74,5.16
30,-1.38,-14.072498001421069,2.76,9.46
30,-5.909999999999999,-12.84568020775856,4.53,5.63
30,-9.09,-10.831043347711244,3.18,8.01
30,-11.84,-7.73007115103089,2.75,9.25
30,-13.42,-4.454570686384943,1.58,8.75
30,1.38,-13.000999961541421,4.18,6.06
30,5.559999999999999,-10.250463404158861,4.18,6.06
30,9.739999999999998,-6.436730536537945,2.85,8.84
30,12.589999999999998,-3.6901354988672233,1.06,7.26
30,-5.91,-7.2156802077585604,4.38,5.7
30,1.4099999999999984,-6.940999961541421,4.15,6.08
30,-1.5300000000000002,-4.612498001421068,2.94,8.33
30,5.649999999999999,-4.190463404158861,4.09,5.97
30,-9.09,-2.821043347711244,3.18,6.05
30,-5.91,-1.5156802077585603,4.38,5.43
30,1.4099999999999997,-0.8609999615414212,4.06,5.73
30,-11.77,1.5199288489691103,2.68,6.27
30,5.469999999999999,1.7795365958411384,4.04,5.54
30,9.509999999999998,2.4032694634620553,2.34,5.27
30,-9.09,3.2289566522887556,3.13,7.24
30,-1.5300000000000002,3.717501998578932,2.94,7.48
30,-5.94,3.9143197922414394,4.41,5.51
30,1.4099999999999997,4.869000038458579,3.93,5.49
31,-1.9,-14.01176648392343,3.8,6.6
31,-5.19,-13.153079487329194,3.29,7.58
31,-8.89,-10.995794650683505,3.7,6.74
31,-12.030000000000001,-7.430928609534611,3.14,7.94
31,-13.39,-4.543952024394625,1.36,9.07
31,1.9000000000000004,-13.17269904006009,3.24,7.69
31,5.140000000000001,-11.46216384458013,3.14,7.92
31,8.280000000000001,-7.821201953664155,3.5,7.1
31,11.780000000000001,-4.363152529994795,1.67,8.71
31,-1.8599999999999994,-7.411766483923431,3.76,6.1
31,-5.139999999999999,-5.573079487329194,3.28,7.22
31,1.9000000000000004,-5.48269904006009,3.24,6.08
31,-8.87,-4.255794650683505,3.73,5.85
31,5.140000000000001,-3.5421638445801307,3.14,5.33
31,-1.859999999999999,-1.3117664839234315,3.76,6.02
31,8.360000000000001,-0.7212019536641554,3.42,6.39
31,-11.95,0.5090713904653894,3.08,6.96
31,1.9000000000000008,0.5973009599399104,3.24,5.55
31,-8.87,1.5942053493164945,3.61,6.03
31,-5.26,1.646920512670806,3.34,6.89
31,5.140000000000001,1.7878361554198694,3.17,7.77
31,-1.92,4.708233516076568,3.77,6.02
31,1.85,6.14730095993991,3.28,6.58
32,-1.43,-14.067505109293545,2.86,8.64
32,-4.13,-13.523413030740429,2.7,9.12
32,-7.119999999999999,-12.21659527036891,2.99,8.23
32,-10.709999999999999,-9.23230740389422,3.59,6.83
32,-13.299999999999999,-4.800999895855035,2.59,9.44
32,1.4300000000000002,-13.437990921264978,2.97,8.25
32,4.4,-12.228229634742718,2.7,9.06
32,7.1000000000000005,-10.105815157620883,2.79,8.73
32,9.89,-6.868041933477109,2.47,9.84
32,12.360000000000001,-4.141159257985616,1.16,8.24
32,-1.4299999999999997,-5.427505109293545,2.86,6.12
32,1.4300000000000002,-5.187990921264978,2.94,6.34
32,-4.129999999999999,-4.403413030740429,2.7,7.2
32,-6.85,-3.986595270368909,2.72,8.78
32,4.37,-3.1682296347427172,2.73,7.52
32,-10.61,-2.40230740389422,3.76,5.96
32,7.1,-1.3758151576208828,2.79,6.79
32,-1.4299999999999988,0.6924948907064552,2.83,8.42
32,1.4000000000000012,1.1520090787350217,2.89,6.4
32,-4.0699999999999985,2.796586969259571,2.64,8.58
32,9.89,2.971958066522891,1.26,5.64
32,-10.59,3.55769259610578,3.74,5.7
32,4.290000000000001,4.351770365257282,2.81,6.91
32,-6.85,4.79340472963109,2.78,7.48
32,7.100000000000001,5.414184842379117,2.01,5.35
32,1.4000000000000012,7.552009078735022,2.83,5.93
33,-1.305,-14.079651096529346,2.61,9.3
33,-3.7849999999999997,-13.62399996330006,2.48,9.75
33,-6.385,-12.61631384359156,2.6,9.21
33,-8.925,-10.967405116981865,2.54,9.42
33,-11.635000000000002,-8.03532046654021,2.71,8.78
33,-13.285000000000002,-4.842352217672726,1.65,9.41
33,1.3050000000000002,-13.436352741722734,3.1,7.67
33,4.405,-12.01509779402565,3.05,7.79
33,7.455,-7.58257047444994,4.48,5.29
33,11.935,-4.558659342394431,1.45,9.1
33,1.3450000000000002,-5.766352741722734,3.06,7.62
33,-1.3049999999999997,-4.779651096529346,2.65,6.14
33,4.405,-4.2250977940256496,3.05,5.8
33,-3.7849999999999997,-3.8739999633000597,2.48,8.54
33,-6.385000000000001,-3.4063138435915583,2.6,8.59
33,8.165,-2.29257047444994,3.77,5.45
33,-8.925,-1.5474051169818654,2.54,7.23
33,-11.615,0.7446795334597898,2.69,6.67
33,-1.3049999999999997,1.360348903470654,2.65,6.02
33,4.494999999999999,1.5749022059743503,3.67,5.76
33,1.3450000000000002,1.8536472582772658,3.08,7.2
33,8.165,3.15742952555006,2.69,5.86
33,-3.7850000000000006,4.6660000366999395,2.48,7.96
33,-6.385000000000001,5.1836861564084415,2.6,7.17
33,-8.895,5.682594883018135,2.51,5.19
33,4.425000000000001,7.33490220597435,1.95,5.26
33,-1.3050000000000006,7.3803489034706535,2.61,6.49
34,-1.405,-14.070023987186376,2.81,8.43
34,-3.7749999999999995,-13.626774196412004,2.37,9.96
34,-6.524999999999999,-12.544479861676212,2.75,8.54
34,-9.075,-10.843614480421186,2.55,9.16
34,-12.354999999999999,-6.8770324268539,3.28,7.08
34,-13.614999999999998,-3.8172470446645246,1.26,7.51
34,1.4049999999999998,-13.598675486972986,2.47,9.37
34,3.8750000000000004,-12.636477950758273,2.47,9.15
34,6.345000000000001,-10.885264121738158,2.68,8.43
34,9.025,-8.035320466540213,2.61,8.65
34,11.635,-4.787125964501041,1.67,9.26
34,-1.4049999999999994,-5.640023987186376,2.81,6.27
34,1.4050000000000007,-4.228675486972987,2.47,9.05
34,-6.5249999999999995,-4.004479861676213,2.68,8.34
34,-3.8449999999999993,-3.6667741964120033,2.44,8.59
34,3.875000000000001,-3.486477950758273,2.47,5.35
34,6.345000000000001,-2.4552641217381588,2.68,8.13
34,-9.075,-1.6836144804211859,2.55,7.2
34,-12.354999999999999,0.20296757314610048,3.28,5.18
34,9.025,0.6146795334597872,2.61,7.29
34,-1.4049999999999994,0.6299760128136231,2.8,7.91
34,3.9250000000000007,1.8635220492417268,2.42,8.8
34,-6.5249999999999995,4.335520138323787,2.68,5.36
34,1.3950000000000005,4.8213245130270135,2.53,8.3
34,-3.8449999999999993,4.9232258035879966,2.44,7.12
34,-8.934999999999999,5.516385519578814,2.41,5.43
34,6.345000000000001,5.674735878261842,2.57,5.01
34,-1.3449999999999993,8.539976012813623,2.74,5.52
35,-1.295,-14.080574384590992,2.59,8.49
35,-3.605,-13.672731073198214,2.31,9.48
35,-6.165000000000001,-12.72526522316922,2.56,8.53
35,-8.805000000000001,-11.063976455144868,2.64,8.24
35,-11.035000000000002,-8.841288084888987,2.23,9.7
35,-13.325000000000003,-4.731170573970034,2.29,9.23
35,1.2950000000000004,-13.527984883196758,2.82,7.66
35,4.115,-11.836780601160097,3.62,5.93
35,7.735,-8.740501987872321,3.38,6.33
35,11.115000000000002,-4.759241010917599,2.2,9.4
35,4.165000000000001,-5.906780601160097,3.57,5.81
35,1.3150000000000008,-5.867984883196758,2.85,7.35
35,-1.295,-5.590574384590992,2.61,7.71
35,-6.165000000000001,-4.195265223169221,2.56,6.81
35,-3.605000000000001,-4.192731073198214,2.31,8.4
35,-8.805000000000001,-2.8239764551448676,2.64,7.89
35,7.775,-2.410501987872321,3.34,5.73
35,4.515000000000001,-0.09678060116009757,3.26,6.15
35,-10.965000000000002,0.8587119151110123,2.16,7.94
35,1.315,1.4820151168032414,3.2,6.28
35,-1.2850000000000001,2.119425615409008,2.6,8.03
35,-6.165000000000001,2.6147347768307787,2.49,8.03
35,7.775,3.3194980121276796,3.19,5.38
35,-3.6750000000000007,4.207268926801786,2.39,8.52
35,-8.745000000000001,5.066023544855132,2.58,5.35
35,4.745000000000001,6.053219398839903,3.03,5.52
35,1.9050000000000011,7.762015116803242,2.84,5.49
36,-1.37,-14.07347505060495,2.74,7.79
36,-4.4,-13.437990921264978,3.03,6.97
36,-7.07,-12.245599209511962,2.67,7.87
36,-9.5,-10.473280288429219,2.43,8.64
36,-12.24,-7.079689258717505,2.74,7.65
36,-13.540000000000001,-4.075291400624006,1.3,8.08
36,1.37,-13.619823787406355,2.43,8.5
36,3.8000000000000007,-12.785069417097429,2.24,9.19
36,6.040000000000001,-11.052022439354708,2.78,7.38
36,8.82,-8.682971841483768,2.34,8.76
36,11.16,-4.800999895855029,2.14,9.5
36,-4.4,-6.467990921264978,3.03,6.51
36,-1.3700000000000006,-6.28347505060495,2.72,7.29
36,1.3499999999999996,-5.1198237874063555,2.45,6.32
36,-7.07,-4.375599209511962,2.67,7.42
36,6.040000000000001,-3.6720224393547083,2.78,5.97
36,3.8,-3.595069417097429,2.24,8.74
36,-9.5,-1.8332802884292185,2.43,5.54
36,-4.4,0.042009078735021355,2.82,7.03
36,8.86,0.07702815851623157,2.3,8.31
36,-12.24,0.570310741282495,2.67,5.9
36,-1.5800000000000005,1.0065249493950503,2.85,6.55
36,1.2699999999999996,1.2001762125936448,2.53,6.78
36,6.04,2.2979775606452915,2.82,6.25
36,-7.040000000000001,3.044400790488038,2.64,7.66
36,-9.5,3.7067197115707815,2.46,6.05
36,3.82,5.144930582902571,2.22,7.26
36,-4.4,7.072009078735022,2.79,5.25
36,-1.6100000000000003,7.55652494939505,2.84,6.21
36,1.2299999999999995,7.980176212593645,2.59,5.32
37,-1.195,-14.089413578996112,2.39,8.5
37,-3.3950000000000005,-13.726382444038196,2.2,9.21
37,-5.6049999999999995,-12.981663029057565,2.21,9.15
37,-7.655,-11.888674232226233,2.05,9.85
37,-11.395,-8.372190573559587,3.74,5.33
37,-13.415,-4.469605687306211,2.02,8.74
37,1.1950000000000003,-13.659450025531775,2.46,8.07
37,3.655,-12.438407253342367,3.07,6.45
37,6.725,-10.793117019656556,2.41,8.15
37,9.135,-8.049781052923118,2.49,7.88
37,11.625,-4.469605687306211,1.79,8.89
37,3.885,-5.988407253342367,2.84,6.06
37,1.315,-5.589450025531775,2.57,7.6
37,-1.1950000000000003,-5.589413578996112,2.51,7.2
37,-3.3949999999999996,-4.516382444038195,2.2,8.16
37,-5.605,-3.831663029057564,2.21,8.46
37,-11.395,-3.042190573559587,3.37,5.67
37,6.725,-2.6431170196565557,2.41,7.82
37,-8.024999999999999,-2.0386742322262332,2.42,6.64
37,9.135,-0.16978105292311785,2.49,7.15
37,3.8949999999999996,0.07159274665763249,2.83,5.34
37,-1.1949999999999994,1.6105864210038883,2.46,7.77
37,1.2650000000000006,2.0105499744682245,2.57,6.48
37,-10.745,2.627809426440413,2.72,5.46
37,-3.3950000000000005,3.6436175559618054,2.2,6.5
37,-7.955,4.6013257677737665,2.35,7.08
37,-5.605,4.628336970942437,2.21,6.51
37,6.725,5.176882980343445,2.41,5.38
37,4.004999999999999,5.411592746657632,2.72,6.79
37,1.2650000000000006,8.490549974468225,2.04,5.25
38,-1.36,-14.07444492688788,2.72,7.18
38,-4.489999999999999,-13.408187797014183,3.13,6.2
38,-6.669999999999998,-12.467987006730478,2.18,8.88
38,-8.859999999999998,-11.019981851164731,2.19,8.82
38,-12.049999999999997,-7.398452540903407,3.19,6.01
38,-13.409999999999997,-4.484584707640172,1.36,8.85
38,1.3599999999999999,-13.666115029517352,2.27,8.25
38,3.63,-12.83645979232592,2.3,8.07
38,5.93,-11.462163844580134,2.35,7.86
38,8.28,-9.278507423071881,2.39,7.7
38,10.67,-5.49169372780384,2.36,7.78
38,-4.489999999999998,-7.208187797014182,2.4,7.61
38,-2.0899999999999985,-6.89444492688788,2.54,6.56
38,0.4500000000000015,-5.416115029517352,2.44,6.73
38,2.8900000000000015,-4.76645979232592,2.39,7.63
38,5.280000000000001,-3.602163844580134,2.33,7.82
38,-6.669999999999998,-3.5879870067304775,2.18,6.88
38,-8.79,-2.199981851164731,2.12,8.62
38,7.610000000000001,-1.5785074230718807,2.38,7.59
38,-11.2,-1.3884525409034074,2.41,7.31
38,-1.8399999999999985,-0.33444492688788063,2.29,7.54
38,-4.239999999999998,0.401812202985818,2.4,5.44
38,0.4500000000000015,1.3138849704826487,2.36,7.01
38,9.990000000000002,2.2883062721961602,1.86,5.39
38,2.8100000000000014,2.86354020767408,2.28,8.05
38,-6.669999999999999,3.2920129932695223,2.37,6.81
38,5.090000000000002,4.2178361554198665,2.27,7.65
38,-4.299999999999999,5.841812202985818,2.38,6.65
38,-1.919999999999999,7.205555073112119,2.37,6.05
38,0.45000000000000107,8.323884970482649,2.32,5.24
39,-1.13,-14.094775627870066,2.26,8.09
39,-3.249999999999999,-13.76143524491541,2.12,8.44
39,-5.390000000000001,-13.07239457788817,2.14,8.36
39,-7.2700000000000005,-12.127930573679913,1.88,9.34
39,-9.24,-10.703363957186545,1.97,8.86
39,-11.280000000000001,-8.526499868058405,2.04,8.52
39,-13.610000000000001,-3.8350358538089293,2.33,7.38
39,1.13,-13.751927137677832,2.16,7.79
39,3.29,-13.076513296746958,2.09,8.0
39,5.38,-12.133919399765272,1.88,8.87
39,7.26,-10.66870188917096,2.02,8.24
39,9.279999999999998,-8.695809335536287,1.87,8.89
39,11.149999999999999,-5.223025942880244,1.99,8.32
39,-1.129999999999999,-6.004775627870066,2.22,6.92
39,1.0900000000000012,-5.961927137677832,2.16,7.44
39,-3.2500000000000004,-5.32143524491541,2.12,5.63
39,3.2500000000000013,-5.076513296746958,2.06,7.7
39,-5.390000000000001,-4.712394577888171,2.14,6.86
39,5.310000000000001,-3.263919399765273,1.95,7.08
39,-7.2700000000000005,-2.7879305736799136,1.88,7.0
39,7.260000000000002,-2.4287018891709593,1.96,8.22
39,-9.240000000000002,-1.8433639571865452,1.97,5.45
39,-11.280000000000001,-0.006499868058405411,2.04,5.57
39,9.220000000000002,0.19419066446371325,1.93,8.36
39,-3.2500000000000004,0.30856475508459,2.09,7.36
39,-1.1600000000000006,0.9152243721299342,2.25,6.0
39,1.0899999999999994,1.4780728623221684,2.16,7.35
39,-5.390000000000001,2.1476054221118295,2.14,6.29
39,3.2499999999999996,2.6234867032530422,2.06,7.36
39,-9.240000000000002,3.606636042813455,1.93,6.65
39,5.31,3.816080600234727,1.89,7.49
39,-7.260000000000001,4.212069426320086,1.87,7.92
39,7.199999999999999,5.791298110829041,1.18,5.45
39,-1.0900000000000007,6.915224372129934,2.18,6.02
39,-3.2500000000000004,7.66856475508459,2.16,5.76
40,-0.93,-14.109383402544564,1.86,8.88
40,-3.2499999999999996,-13.76143524491541,2.32,7.01
40,-5.529999999999999,-13.013788841071612,2.28,7.08
40,-7.879999999999999,-11.740749550177792,2.35,6.8
40,-10.03,-9.96688015378935,2.15,7.33
40,-12.35,-6.886007551549739,2.32,6.79
40,-13.39,-4.543952024394625,1.04,9.03
40,0.9300000000000002,-13.833101604484803,2.0,7.77
40,2.9299999999999997,-13.256439944419467,1.99,7.79
40,4.92,-12.451891422591189,1.78,8.66
40,6.700000000000001,-10.856150330572989,2.36,6.51
40,9.060000000000002,-9.358397298683146,1.54,9.97
40,10.600000000000001,-6.257571413895329,2.08,7.34
40,12.680000000000001,-3.256071252291629,1.08,6.36
40,-3.2099999999999995,-6.75143524491541,2.28,6.65
40,0.93,-6.063101604484803,1.99,7.5
40,-5.4799999999999995,-5.933788841071612,2.27,5.87
40,2.92,-5.466439944419467,1.96,7.37
40,-0.9299999999999997,-5.229383402544563,1.86,6.55
40,-7.81,-4.9407495501777925,2.33,5.79
40,6.770000000000002,-4.346150330572989,2.29,5.74
40,4.88,-3.7918914225911884,1.89,6.95
40,-9.959999999999999,-2.6368801537893507,2.15,6.55
40,-2.9999999999999996,-0.10143524491540923,2.07,7.23
40,-12.350000000000001,-0.09600755154973939,2.17,5.67
40,-5.09,-0.06378884107161209,2.09,7.12
40,9.060000000000002,0.6116027013168548,1.54,8.44
40,-7.1899999999999995,0.8492504498222075,2.1,6.67
40,10.600000000000001,1.0824285861046707,1.77,5.72
40,-0.9299999999999997,1.3206165974554365,1.86,5.62
40,6.990000000000002,1.393849669427011,2.07,6.84
40,0.9300000000000004,1.4368983955151968,1.99,6.89
40,2.9200000000000004,1.9035600555805328,1.96,6.17
40,4.940000000000002,3.158108577408812,2.05,6.83
40,-9.35,3.913119846210649,2.16,5.62
40,-0.8999999999999997,6.940616597455437,1.83,6.71
40,-5.09,7.056211158928388,2.08,5.63
40,-2.9399999999999995,7.128564755084591,2.04,5.56
40,0.9300000000000004,8.326898395515197,2.05,5.4
41,-0.815,-14.116493013493118,1.63,9.29
41,-2.5849999999999995,-13.901704032240078,1.77,8.49
41,-4.104999999999999,-13.531022688621878,1.52,9.85
41,-5.854999999999999,-12.87084204704572,1.75,8.46
41,-7.6949999999999985,-11.862823230580485,1.84,7.99
41,-9.415,-10.549757106208656,1.72,8.5
41,-11.044999999999998,-8.828792386277982,1.63,8.92
41,-12.814999999999998,-5.976234182158533,1.77,8.18
41,0.8150000000000002,-13.925249548930891,1.64,8.78
41,2.455,-13.584328286669166,1.47,9.75
41,3.9249999999999994,-12.959960455186582,1.73,8.24
41,5.654999999999999,-12.196129508987678,1.5,9.49
41,7.154999999999999,-11.040035099581885,1.68,8.4
41,8.834999999999999,-9.714112157063045,1.44,9.77
41,10.274999999999999,-7.357579425327328,1.8,7.78
41,12.075,-4.378535714140061,1.37,8.7
41,-2.5849999999999986,-5.411704032240078,1.77,7.11
41,0.865,-5.145249548930892,1.59,8.14
41,-0.8149999999999986,-4.826493013493119,1.68,5.39
41,3.925,-4.719960455186582,1.73,5.97
41,-5.854999999999999,-4.410842047045719,1.75,6.59
41,-7.6549999999999985,-3.872823230580485,1.8,7.66
41,2.455,-3.834328286669166,1.47,8.9
41,-4.104999999999999,-3.681022688621878,1.52,6.43
41,5.654999999999999,-2.7061295089876776,1.5,8.21
41,7.154999999999999,-2.640035099581885,1.65,8.04
41,-9.364999999999998,-2.0497571062086557,1.71,8.12
41,8.805,0.05588784293695426,1.44,9.05
41,-11.024999999999999,0.09120761372201791,1.66,7.31
41,10.245,0.4224205746726719,1.83,6.24
41,-0.7849999999999999,0.5635069865068809,1.65,6.88
41,3.9649999999999994,1.2500395448134176,1.69,8.02
41,-2.575,1.6982959677599228,1.79,6.87
41,-5.854999999999999,2.179157952954281,1.75,6.38
41,-4.104999999999999,2.7489773113781215,1.53,7.23
41,0.865,2.994750451069109,1.59,7.89
41,-7.634999999999999,3.7871767694195153,1.78,6.76
41,2.455,5.065671713330834,1.51,6.46
41,7.154999999999999,5.399964900418114,1.65,5.43
41,5.694999999999999,5.503870491012323,1.46,6.54
41,-0.7850000000000001,7.443506986506881,1.65,6.25
42,-1.015,-14.103523495921152,2.03,6.87
42,-2.4350000000000005,-13.92876071299956,1.42,9.48
42,-4.1450000000000005,-13.518822988707264,1.71,7.68
42,-5.864999999999999,-12.866288314817137,1.72,7.56
42,-7.184999999999999,-12.178479995467415,1.32,9.82
42,-8.514999999999999,-11.288683492772753,1.33,9.71
42,-9.895,-10.100919512598841,1.38,9.17
42,-11.375,-8.399343724363233,1.48,8.51
42,-12.635,-6.3479425800805735,1.26,9.93
42,-13.834999999999999,-2.9210229372601697,1.2,5.64
42,1.0150000000000001,-13.836270270560634,1.9,6.5
42,2.915,-13.478277894449276,1.36,9.05
42,4.275,-12.915865243954816,1.48,8.31
42,5.755000000000001,-12.288595322493128,1.24,9.9
42,6.995,-11.407610398326199,1.36,9.01
42,8.355,-10.041791423844652,1.6,7.59
42,9.955,-8.650744187640738,1.23,9.84
42,11.185,-5.285487205546902,1.93,6.24
42,1.015,-7.336270270560634,1.9,5.96
42,-0.9650000000000003,-7.233523495921152,1.98,5.42
42,-4.125,-5.838822988707264,1.69,7.04
42,-5.864999999999998,-5.306288314817137,1.74,5.6
42,4.275,-4.605865243954815,1.48,7.05
42,-2.435,-4.44876071299956,1.46,7.87
42,2.915,-4.428277894449275,1.36,8.56
42,8.355,-2.451791423844652,1.6,6.44
42,6.995000000000001,-2.397610398326199,1.36,7.88
42,5.775000000000001,-2.388595322493128,1.22,9.84
42,-7.144999999999999,-2.3584799954674143,1.28,9.26
42,-0.9750000000000001,-1.8135234959211521,1.96,5.52
42,-8.515,-1.5786834927727522,1.37,6.84
42,1.045,-1.3762702705606342,1.87,6.28
42,-9.895,-0.930919512598841,1.38,7.7
42,-11.334999999999999,0.11065627563676728,1.44,7.71
42,-5.864999999999998,0.2937116851828625,1.72,6.95
42,11.185,0.9545127944530982,1.23,5.8
42,9.955,1.1892558123592618,1.23,7.28
42,-4.144999999999999,1.201177011292736,1.69,6.77
42,4.275,2.4441347560451847,1.5,6.71
42,-2.4549999999999987,3.42123928700044,1.46,7.01
42,-0.9949999999999988,3.7064765040788474,1.88,6.08
42,8.395,3.9882085761553485,1.56,5.89
42,2.915,4.131722105550725,1.36,7.45
42,1.0250000000000001,4.903729729439366,1.89,6.0
42,-8.485,5.261316507227248,1.34,5.87
42,7.234999999999999,5.482389601673801,1.16,5.62
42,-5.894999999999999,7.243711685182863,1.75,5.47
42,-4.144999999999999,7.971177011292736,1.66,5.4
43,-0.615,-14.126619376198965,1.23,9.6
43,-2.3950000000000005,-13.935694277645444,1.78,6.62
43,-3.675,-13.654082722760984,1.28,9.09
43,-5.065,-13.201718638116782,1.39,8.33
43,-6.245000000000001,-12.686196238431755,1.18,9.74
43,-7.9350000000000005,-11.703647935579744,1.69,6.76
43,-9.135,-10.793117019656556,1.2,9.52
43,-10.905,-9.00114298297722,1.77,6.4
43,-12.315,-6.948408091066616,1.41,7.91
43,-13.434999999999999,-4.409124062668235,1.12,8.72
43,0.615,-13.92876071299956,1.82,6.11
43,2.4349999999999996,-13.497161738676766,1.78,6.21
43,4.215,-13.062058604982601,1.2,9.13
43,5.415,-12.513088148015262,1.17,9.2
43,6.585,-11.67642817817161,1.39,7.7
43,7.975,-10.585318842623495,1.4,7.64
43,9.375,-9.30717868099673,1.27,8.39
43,10.645,-6.581365739723026,1.87,5.65
43,12.515,-3.8172470446645206,1.1,7.6
43,0.615,-7.81876071299956,1.65,5.77
43,-2.335,-7.315694277645444,1.72,5.4
43,2.2649999999999997,-7.287161738676766,1.59,6.57
43,-7.935,-4.943647935579744,1.54,6.39
43,-5.065000000000001,-4.871718638116782,1.35,7.57
43,-3.715000000000001,-4.564082722760984,1.38,7.02
43,-0.615,-4.5266193761989655,1.23,8.45
43,6.625,-3.97642817817161,1.35,6.11
43,3.8549999999999995,-3.9320586049826005,1.54,6.18
43,5.395,-3.3130881480152627,1.22,8.59
43,-6.395,-2.946196238431755,1.33,7.31
43,7.975,-2.9453188426234957,1.4,6.37
43,-10.905,-2.601142982977219,1.6,6.09
43,0.615,-2.0487607129995604,1.61,5.66
43,-2.205,-1.9156942776454438,1.59,5.57
43,-9.305,-1.2731170196565564,1.31,7.87
43,11.065000000000001,-0.9313657397230255,1.45,6.92
43,9.525000000000002,-0.9171786809967291,1.54,6.08
43,2.225,-0.7171617386767659,1.52,5.94
43,-12.305,0.961591908933384,1.4,6.0
43,-7.994999999999999,1.4463520644202559,1.43,7.15
43,6.614999999999999,2.13357182182839,1.16,8.75
43,3.965,2.247941395017399,1.43,6.8
43,-3.605,2.455917277239015,1.4,5.9
43,-5.035,2.698281361883218,1.43,5.72
43,7.7749999999999995,3.4246811573765044,1.21,7.37
43,-10.445,3.488857017022781,1.14,5.69
43,1.0150000000000001,3.6112392870004397,1.21,8.37
43,-2.205,3.6543057223545565,1.15,7.49
43,-0.19499999999999984,3.923380623801034,1.21,7.02
43,-6.5649999999999995,4.363803761568245,1.21,6.12
43,2.225,5.2228382613232345,1.14,6.48
43,5.455,5.276911851984737,1.16,6.35
44,-13.289495851987764,-4.83,1.09,9.66
44,-3.8703488214888373,-13.6,1.11,8.77
44,-4.970348821488837,-13.13,1.1,8.3
44,-6.030348821488838,-12.77,1.06,7.94
44,-7.1303488214888375,-12.190000000000001,1.1,7.36
44,-8.280348821488838,-11.15,1.15,6.32
44,-9.310348821488837,-10.6,1.03,5.77
44,-12.199495851987765,-7.1492587697839936,1.08,8.9
44,-11.119495851987764,-8.73478173726321,1.05,9.8
44,-2.7603488214888374,-13.867951340544327,1.02,9.91
44,-1.7403488214888374,-14.032490369836083,1.03,9.63
44,-0.7103488214888374,-14.122145890473213,1.02,9.59
44,0.30965117851116264,-14.074478628808004,1.05,9.16
44,1.359651178511163,-13.936612473805829,1.03,9.26
44,2.389651178511163,-13.722750410937213,1.02,9.35
44,3.4096511785111634,-13.404952042872928,1.09,8.57
44,4.499651178511163,-13.018181549953908,1.02,8.88
44,5.519651178511163,-12.526395188411435,1.04,8.16
44,6.559651178511163,-11.904957912325571,1.07,7.68
44,7.629651178511164,-11.19357081157084,1.01,7.88
44,8.639651178511164,-10.288652342032313,1.06,7.11
44,9.699651178511164,-9.18610905336604,1.05,5.82
