Instance: CBPP
Bin radius: 14.14
Rotate enable: true
Bin num: 34
Lower bound: 30
Opt: false
Gap: 0.11764705882352941
Bin id,X coordinate of lower left corner,Y coordinate of lower left corner,Item's width,Item's height
1,-2.405,-13.933971974996936,4.81,9.91
1,-12.235,-7.0883266713661,9.83,4.87
1,-13.325,-4.731170573970043,1.09,5.11
1,-11.475,-8.2283266713661,9.07,1.14
1,-10.625,-9.258326671366099,8.22,1.03
1,-9.614999999999998,-10.338326671366099,7.21,1.08
1,-8.334999999999999,-11.4183266713661,5.93,1.08
1,2.4049999999999994,-6.966101851107261,9.9,4.64
1,2.405,-8.266101851107262,9.04,1.3
1,2.405,-9.816101851107263,7.73,1.55
1,2.405,-11.266101851107262,6.1,1.45
1,12.305,-4.558659342394431,1.08,9.03
1,-2.4049999999999994,-4.023971974996936,4.81,9.3
1,2.4050000000000002,-2.3261018511072615,9.9,2.78
1,-11.975,-2.2183266713661,9.57,4.87
1,2.4050000000000002,0.4538981488927383,9.9,1.97
1,2.4050000000000002,2.4238981488927385,9.74,4.6
1,-12.395,2.6516733286339003,9.99,4.13
1,-2.4049999999999994,5.276028025003065,4.81,8.54
1,-11.565,6.7816733286339,9.16,1.31
1,2.4050000000000002,7.023898148892738,8.66,1.75
1,-10.754999999999999,8.0916733286339,8.35,1.05
1,2.4050000000000002,8.773898148892737,7.68,1.09
1,-9.294999999999998,9.141673328633901,6.89,1.45
1,2.4050000000000002,9.863898148892737,6.17,1.33
1,-7.794999999999999,10.5916733286339,5.39,1.18
2,-4.305,-13.468725812043246,8.61,4.35
2,-13.844999999999999,-2.8732516423035506,9.54,4.86
2,-13.165,-5.15325164230355,8.86,2.28
2,-12.525,-6.30325164230355,8.22,1.15
2,-11.975,-7.48325164230355,7.67,1.18
2,-10.885,-9.00325164230355,6.58,1.52
2,-9.754999999999999,-10.203251642303549,5.45,1.2
2,4.305,-3.5963836002295464,9.37,4.91
2,4.305,-6.536383600229547,8.22,2.94
2,4.305,-8.186383600229547,7.16,1.65
2,4.305,-9.266383600229547,6.27,1.08
2,4.305,-10.506383600229547,5.14,1.24
2,-4.305,-9.118725812043246,8.61,3.32
2,-4.305,-5.798725812043246,8.61,1.4
2,-4.305,-4.398725812043246,8.61,1.04
2,-4.305,-3.3587258120432457,8.54,4.93
2,4.234999999999999,1.3136163997704537,9.58,1.51
2,-4.195,1.571274187956754,8.43,4.9
2,-13.175,1.9867483576964498,8.98,3.08
2,4.234999999999999,2.8236163997704535,9.08,1.88
2,4.234999999999999,4.703616399770453,8.27,1.82
2,-12.615,5.06674835769645,8.42,1.25
2,-11.965,6.31674835769645,7.77,1.15
2,-4.195,6.471274187956754,8.32,4.95
2,4.125,6.523616399770454,7.74,1.16
2,-10.595,7.466748357696449,6.4,1.82
2,4.125,7.683616399770454,6.68,1.34
2,4.125,9.023616399770454,5.55,1.24
2,-9.265,9.28674835769645,5.07,1.36
2,-5.0661582895115655,11.421274187956755,9.64,1.78
3,-2.36,-13.94166417613048,4.72,9.56
3,-12.02,-7.447093392727125,9.66,4.58
3,-13.16,-5.1724268965351285,1.14,9.93
3,-10.94,-8.927093392727125,8.58,1.48
3,-9.84,-10.057093392727126,7.48,1.13
3,-8.669999999999998,-11.087093392727125,6.31,1.03
3,2.3599999999999994,-8.085765269904885,9.24,4.99
3,2.36,-10.125765269904885,7.48,2.04
3,2.36,-11.565765269904885,5.75,1.44
3,11.6,-5.197797610526981,1.55,9.84
3,-2.3599999999999994,-4.38166417613048,4.72,9.36
3,2.3600000000000003,-3.0957652699048843,9.03,4.94
3,-11.99,-2.867093392727125,9.63,4.6
3,-11.959999999999999,1.7329066072728745,9.6,4.61
3,2.3600000000000003,1.844234730095116,9.0,4.94
3,-2.2699999999999996,4.97833582386952,4.63,8.88
3,-11.379999999999999,6.342906607272875,9.11,1.99
3,2.3600000000000003,6.7842347300951165,8.31,2.48
3,-9.96,8.332906607272875,7.69,1.68
3,2.3600000000000003,9.264234730095117,7.19,1.16
3,-8.3,10.012906607272875,6.03,1.26
3,2.3600000000000003,10.424234730095117,5.63,1.23
4,-2.3,-13.951688069907528,4.6,9.54
4,-11.72,-7.910828022400689,9.42,4.61
4,-13.120000000000001,-5.273063625635479,1.4,9.89
4,-10.870000000000001,-9.030828022400689,8.57,1.12
4,-9.77,-10.140828022400688,7.47,1.11
4,-7.73,-11.810828022400688,5.43,1.67
4,2.3000000000000007,-7.760618532050136,9.52,4.47
4,2.3,-9.360618532050136,8.29,1.6
4,2.3,-10.430618532050136,7.18,1.07
4,2.3,-11.630618532050136,5.7,1.2
4,11.82,-5.3225557770680085,1.28,9.8
4,-2.3000000000000007,-4.4116880699075285,4.6,8.59
4,-11.72,-3.3008280224006885,9.42,2.02
4,2.299999999999999,-3.2906185320501367,9.52,3.96
4,-11.72,-1.2808280224006885,9.26,4.61
4,2.299999999999999,0.6693814679498633,9.52,3.67
4,-11.450000000000001,3.329171977599312,9.15,4.66
4,-2.3000000000000007,4.178311930092471,4.6,7.73
4,2.299999999999999,4.339381467949863,9.27,3.69
4,-10.600000000000001,7.989171977599312,8.3,1.28
4,2.299999999999999,8.029381467949863,8.5,1.08
4,2.299999999999999,9.109381467949863,7.18,1.34
4,-9.14,9.269171977599312,6.84,1.51
4,2.299999999999999,10.449381467949863,5.67,1.1
4,-7.65,10.779171977599312,5.35,1.0
4,-4.887893055884695,11.908311930092472,9.71,1.36
5,-2.435,-13.92876071299956,4.87,9.07
5,-12.385,-6.822856806353187,9.95,3.98
5,-13.415,-4.469605687306211,1.03,8.52
5,-11.425,-8.202856806353186,8.99,1.38
5,-10.595,-9.252856806353186,8.16,1.05
5,-9.545000000000002,-10.292856806353186,7.11,1.04
5,-8.305,-11.442856806353186,5.87,1.15
5,2.4350000000000005,-6.948408091066614,9.88,3.99
5,2.435,-9.208408091066614,8.2,2.26
5,2.435,-10.648408091066614,6.68,1.44
5,12.315000000000001,-4.616965995109772,1.05,8.83
5,-2.4350000000000005,-4.85876071299956,4.87,7.75
5,2.4349999999999996,-2.958408091066614,9.88,4.63
5,-12.385,-2.8428568063531867,9.84,3.8
5,-12.385,0.9571431936468131,9.79,3.84
5,2.4349999999999996,1.6715919089333857,9.88,1.99
5,-2.5950000000000006,2.89123928700044,4.96,8.78
5,2.3649999999999993,3.661591908933386,9.69,3.71
5,-12.235000000000001,4.7971431936468125,9.64,1.91
5,-10.775,6.707143193646813,8.18,2.39
5,2.3649999999999993,7.371591908933386,8.35,1.85
5,-9.195,9.097143193646813,6.6,1.41
5,2.3649999999999993,9.221591908933386,6.84,1.5
5,-6.234745011634124,11.67123928700044,9.96,1.02
5,-3.2508296304044695,12.691239287000439,5.65,1.07
6,-2.185,-13.970160163720386,4.37,9.41
6,-11.555,-8.149943251336172,9.37,4.4
6,-13.275,-4.869699682731986,1.72,9.58
6,-10.315000000000001,-9.629943251336172,8.13,1.48
6,-8.655000000000001,-11.159943251336172,6.47,1.53
6,2.1850000000000005,-7.798562367513644,9.61,4.15
6,2.185,-9.138562367513645,8.59,1.34
6,2.185,-10.228562367513645,7.43,1.09
6,2.185,-11.588562367513644,5.59,1.36
6,11.795,-4.896874002871629,1.47,9.19
6,-2.1850000000000005,-4.560160163720386,4.37,8.68
6,-11.555,-3.7499432513361715,9.37,2.83
6,2.355000000000002,-3.6485623675136436,9.44,4.15
6,-11.555,-0.9199432513361714,9.23,4.4
6,2.2650000000000023,0.5014376324863568,9.53,4.04
6,-11.555,3.480056748663829,9.31,4.21
6,-2.244999999999999,4.119839836279613,4.51,8.97
6,2.2650000000000006,4.541437632486357,9.93,2.4
6,2.2650000000000006,6.941437632486357,8.65,2.02
6,-10.915,7.690056748663829,8.67,1.24
6,-9.285,8.930056748663828,7.04,1.7
6,2.2650000000000006,8.961437632486357,7.28,1.45
6,2.2650000000000006,10.411437632486356,5.28,1.45
6,-7.645,10.630056748663828,5.4,1.23
7,-2.425,-13.93050519543351,4.85,8.9
7,-12.395000000000001,-6.804673026678061,9.97,3.78
7,-13.525000000000002,-4.1247999951512755,1.13,7.93
7,-11.195,-8.62467302667806,8.77,1.82
7,-10.205000000000002,-9.72467302667806,7.78,1.1
7,-8.725000000000001,-11.11467302667806,6.3,1.39
7,2.4250000000000007,-8.30370850885314,9.02,4.66
7,2.425,-9.63370850885314,7.87,1.33
7,2.425,-10.77370850885314,6.65,1.14
7,11.445,-5.210429444873045,1.7,9.31
7,-2.4250000000000007,-5.030505195433509,4.85,8.75
7,2.424999999999999,-3.6437085088531393,9.02,3.61
7,-12.395000000000003,-3.024673026678061,9.97,3.7
7,2.6050000000000004,-0.033708508853139474,8.84,4.64
7,-12.395000000000003,0.6753269733219391,9.96,3.63
7,-2.4350000000000023,3.719494804566491,5.04,2.76
7,-12.305000000000001,4.3053269733219395,9.87,2.6
7,2.6049999999999978,4.606291491146861,9.78,2.2
7,-2.4350000000000023,6.479494804566491,4.95,7.42
7,2.514999999999998,6.806291491146861,8.45,2.09
7,-11.055000000000001,6.905326973321939,8.62,1.84
7,-9.865000000000002,8.745326973321939,7.43,1.3
7,2.514999999999998,8.896291491146862,6.69,1.74
7,-7.805000000000002,10.04532697332194,5.37,1.74
8,-1.995,-13.998556175548963,3.99,9.63
8,-11.585,-8.107242132809406,9.59,3.95
8,-13.285,-4.84235221767273,1.7,9.28
8,-10.705000000000002,-9.217242132809405,8.71,1.11
8,-9.085,-10.767242132809406,7.09,1.55
8,-7.055000000000001,-12.177242132809406,5.06,1.41
8,1.9949999999999992,-8.27607243805901,9.47,4.03
8,1.995,-10.17607243805901,7.82,1.9
8,1.995,-11.556072438059012,5.92,1.38
8,11.465,-4.731170573970043,1.86,9.14
8,-1.995000000000001,-4.368556175548962,3.99,8.2
8,2.115,-4.24607243805901,9.35,4.1
8,-11.585,-4.157242132809405,9.59,1.92
8,-11.585,-2.2372421328094054,9.39,4.0
8,2.254999999999999,-0.1460724380590106,9.21,4.14
8,-11.585,1.7627578671905946,9.46,3.71
8,-2.125,3.8314438244510374,4.38,8.01
8,2.255,3.993927561940989,9.21,3.64
8,-11.375,5.4727578671905945,9.25,2.84
8,2.255,7.63392756194099,8.51,1.51
8,-10.035,8.312757867190594,7.91,1.6
8,2.255,9.14392756194099,6.45,1.98
8,-8.165,9.912757867190594,6.04,1.61
8,-4.598270332369579,11.841443824451037,8.9,1.53
9,-4.905,-13.261997398582162,9.81,3.67
9,-13.485000000000001,-4.2537483470464,8.58,4.88
9,-12.725000000000001,-6.113748347046401,7.82,1.86
9,-11.415000000000001,-8.3437483470464,6.51,2.23
9,-10.105,-9.7837483470464,5.2,1.44
9,4.905000000000001,-2.6732704689200415,8.98,4.44
9,4.905,-4.173270468920041,8.39,1.5
9,4.905,-6.293270468920041,7.72,2.12
9,4.905,-8.083270468920041,6.6,1.79
9,4.905,-9.93327046892004,5.1,1.85
9,-4.794999999999998,-9.591997398582162,9.7,3.67
9,-4.895,-5.921997398582162,9.8,3.47
9,-4.645,-2.451997398582162,9.55,3.54
9,-13.825,0.6262516529535995,9.18,2.14
9,-4.645,1.0880026014178381,9.38,3.68
9,4.735000000000001,1.766729531079959,8.5,3.12
9,-13.315,2.7662516529535996,8.67,1.97
9,-12.565,4.7362516529536,7.92,1.64
9,-4.645,4.768002601417838,9.38,3.56
9,4.735000000000001,4.886729531079959,7.91,1.44
9,4.735000000000001,6.326729531079959,6.77,1.89
9,-11.355,6.3762516529535995,6.71,1.83
9,-9.745,8.2062516529536,5.1,2.03
9,4.735000000000001,8.21672953107996,5.23,1.64
9,-4.645,8.328002601417838,9.36,3.51
9,-4.637172252624903,11.838002601417838,8.6,1.52
10,-1.715,-14.035610959270707,3.43,9.93
10,-10.385,-9.59642511563551,8.67,4.68
10,-13.175,-5.134099239399253,2.79,9.94
10,-8.265,-11.37642511563551,6.55,1.78
10,1.7149999999999999,-9.487063560449041,8.77,4.55
10,1.715,-11.51706356044904,6.34,2.03
10,10.485,-5.030246017840481,2.73,9.99
10,1.715,-4.937063560449041,8.77,3.97
10,-10.385000000000002,-4.91642511563551,8.67,3.77
10,-1.7150000000000016,-4.105610959270708,3.43,6.42
10,-10.385000000000002,-1.1464251156355103,8.67,3.32
10,1.7749999999999986,-0.967063560449041,8.71,4.48
10,-10.385000000000002,2.1735748843644895,8.67,2.96
10,-1.7150000000000016,2.314389040729292,3.49,7.88
10,1.7749999999999986,3.5129364395509595,8.71,3.71
10,-11.245000000000001,5.1335748843644895,9.53,3.39
10,1.7749999999999986,7.22293643955096,9.08,1.82
10,-10.165000000000001,8.52357488436449,8.45,1.22
10,1.7749999999999986,9.04293643955096,7.87,1.2
10,-8.385000000000002,9.74357488436449,6.67,1.62
10,-1.7150000000000016,10.24293643955096,9.08,1.77
10,-4.564713819610064,12.012936439550959,8.5,1.37
11,-2.17,-13.972497987117407,4.34,8.98
11,-12.15,-7.233056062274093,9.98,3.25
11,-13.42,-4.454570686384943,1.27,8.51
11,-10.75,-8.973056062274093,8.58,1.74
11,-9.870000000000001,-10.123056062274093,7.7,1.15
11,-7.4,-11.943056062274094,5.23,1.82
11,2.17,-8.909500547168735,8.81,4.41
11,2.17,-10.859500547168734,6.82,1.95
11,10.98,-5.371517476467894,2.1,9.98
11,-2.17,-4.992497987117407,4.34,8.51
11,2.17,-4.499500547168735,8.81,3.92
11,-12.15,-3.983056062274093,9.92,3.28
11,-12.15,-0.7030560622740931,9.78,2.97
11,2.460000000000001,-0.5795005471687347,8.52,4.64
11,-12.15,2.266943937725907,9.79,2.83
11,-2.360000000000001,3.517502012882593,4.82,7.98
11,2.459999999999999,4.060499452831265,8.38,4.48
11,-11.450000000000001,5.096943937725907,9.09,3.08
11,-10.25,8.176943937725907,7.89,1.51
11,2.459999999999999,8.540499452831266,7.07,1.89
11,-8.920000000000002,9.686943937725907,6.56,1.27
11,-5.254359228465773,11.497502012882595,9.04,1.63
12,-2.5,-13.917241105908886,5.0,8.17
12,-11.26,-8.552894246978623,8.76,4.4
12,-13.2,-5.069477290608967,1.94,9.31
12,-9.870000000000001,-10.082894246978622,7.37,1.53
12,2.5,-9.289994617867118,8.16,4.98
12,2.5,-11.279994617867118,6.01,1.99
12,10.66,-5.14691169537617,2.51,9.87
12,-2.5,-5.747241105908886,4.97,7.94
12,2.4699999999999998,-4.309994617867117,8.19,4.39
12,-11.26,-4.152894246978622,8.63,4.36
12,2.4699999999999998,0.08000538213288255,8.19,2.11
12,-11.26,0.20710575302137801,8.75,4.08
12,2.58,2.1900053821328824,8.08,4.83
12,-2.51,2.1927588940911145,5.09,4.29
12,-12.24,4.287105753021378,9.73,2.65
12,-2.51,6.4827588940911145,5.09,3.54
12,-10.799999999999999,6.9371057530213776,8.29,2.1
12,2.58,7.020005382132883,8.22,1.94
12,2.58,8.960005382132882,5.89,2.33
12,-8.6,9.037105753021377,6.09,2.1
12,-2.4800000000000013,10.022758894091115,5.06,2.98
13,-2.05,-13.990607563647835,4.1,9.03
13,-11.67,-7.984403546915701,9.62,3.47
13,-13.28,-4.8560477757122635,1.61,9.04
13,-10.67,-9.134403546915701,8.62,1.15
13,-8.68,-11.1444035469157,6.63,2.01
13,2.049999999999999,-8.897162469012244,8.94,4.13
13,2.05,-10.157162469012244,7.78,1.26
13,2.05,-12.117162469012243,5.1,1.96
13,10.989999999999998,-3.9399492382516885,2.59,6.59
13,-2.0500000000000007,-4.9606075636478355,4.1,6.28
13,2.049999999999999,-4.767162469012244,8.94,3.1
13,-11.67,-4.5144035469157,9.56,3.45
13,2.139999999999999,-1.667162469012244,8.85,4.07
13,-11.67,-1.0644035469156998,9.45,3.32
13,-2.2200000000000006,1.3193924363521647,4.36,8.24
13,-11.430000000000001,2.2555964530843,9.21,3.38
13,2.1399999999999997,2.4028375309877563,8.58,4.18
13,-11.5,5.6355964530843,9.28,2.59
13,2.1399999999999997,6.5828375309877565,8.88,2.2
13,-9.96,8.2255964530843,7.74,1.43
13,2.1399999999999997,8.782837530987756,7.61,1.41
13,-7.459999999999999,9.6555964530843,9.6,2.35
13,-4.12284375016971,12.0055964530843,8.08,1.52
14,-4.22,-13.495599282729167,8.44,4.4
14,-13.319999999999999,-4.745229183084844,9.1,3.71
14,-12.509999999999998,-6.395229183084846,8.29,1.65
14,-11.34,-8.415229183084845,7.12,2.02
14,-9.229999999999999,-10.635229183084846,5.01,2.22
14,4.219999999999999,-6.795557372283752,8.18,4.62
14,4.22,-9.015557372283752,6.63,2.22
14,-4.219999999999999,-9.095599282729166,8.44,3.81
14,-4.219999999999999,-5.285599282729166,8.44,3.77
14,4.220000000000001,-2.175557372283752,9.69,2.82
14,-4.039999999999999,-1.5155992827291658,8.26,4.11
14,-13.62,-1.0352291830848444,9.58,3.04
14,4.220000000000001,0.644442627716248,9.08,3.63
14,-13.2,2.0047708169151557,9.16,2.96
14,-4.039999999999999,2.5944007172708345,8.26,3.21
14,4.220000000000001,4.2744426277162475,8.46,1.47
14,-11.989999999999998,4.964770816915156,7.95,2.4
14,4.220000000000001,5.744442627716247,7.69,1.87
14,-3.920000000000001,5.804400717270834,8.14,4.52
14,-10.190000000000001,7.364770816915156,6.27,2.39
14,4.22,7.614442627716247,6.0,2.15
14,-5.135636838871473,10.324400717270834,9.63,2.85
15,-2.09,-13.984688055155182,4.18,8.57
15,-10.55,-9.414727824000012,8.46,4.27
15,-13.18,-5.121249847449352,2.63,9.67
15,-8.36,-11.334727824000012,6.27,1.92
15,2.09,-9.301456875135207,8.56,4.16
15,2.09,-11.071456875135206,6.42,1.77
15,10.649999999999999,-5.2978769332629865,2.46,9.5
15,-1.9800000000000004,-5.414688055155182,4.07,8.64
15,-10.55,-5.144727824000013,8.53,4.04
15,2.369999999999999,-5.141456875135207,8.28,3.91
15,2.169999999999998,-1.2314568751352066,8.48,3.57
15,-10.55,-1.1047278240000127,8.46,3.57
15,2.179999999999998,2.338543124864793,8.47,3.56
15,-10.55,2.465272175999987,8.33,3.69
15,-2.2200000000000006,3.225311944844819,4.4,6.39
15,2.1799999999999997,5.898543124864793,9.18,2.46
15,-11.360000000000001,6.155272175999987,9.14,2.24
15,2.1799999999999997,8.358543124864793,7.73,1.43
15,-10.190000000000001,8.395272175999988,7.97,1.27
15,-7.300000000000001,9.665272175999988,9.48,2.35
15,2.1799999999999997,9.788543124864793,6.24,1.56
15,-4.0577335642055905,12.015272175999987,8.05,1.53
16,-4.5,-13.404834948629544,9.0,3.63
16,-12.57,-6.47570073428351,8.07,4.51
16,-10.73,-9.17570073428351,6.23,2.7
16,4.5,-5.3225557770680085,8.6,3.97
16,4.5,-7.492555777068008,7.43,2.17
16,4.5,-9.102555777068007,6.26,1.61
16,-4.5,-9.774834948629543,9.0,2.31
16,-4.34,-7.464834948629543,8.84,3.59
16,-4.41,-3.874834948629543,8.91,3.39
16,-13.95,-1.9657007342835104,9.54,3.03
16,4.5,-1.3525557770680083,9.36,3.15
16,-4.41,-0.4848349486295427,8.91,2.08
16,-13.36,1.0642992657164894,8.95,3.19
16,-4.41,1.5951650513704574,8.73,3.39
16,4.32,1.7974442229319916,8.93,3.08
16,-12.540000000000001,4.254299265716489,8.13,2.27
16,4.32,4.877444222931992,7.64,2.61
16,-4.279999999999999,4.9851650513704575,8.6,3.44
16,-10.629999999999999,6.52429926571649,6.35,2.79
16,4.32,7.487444222931991,6.22,1.78
16,-4.279999999999999,8.425165051370458,8.33,3.65
16,-3.318137687104644,12.075165051370458,6.16,1.67
17,-3.825,-13.61282391717457,7.65,4.87
17,-12.995,-5.574008880509615,9.17,3.31
17,-11.765,-7.774008880509615,7.94,2.2
17,-9.774999999999999,-10.194008880509614,5.95,2.42
17,3.825000000000001,-5.574008880509609,9.17,3.31
17,3.825,-7.694008880509609,7.93,2.12
17,3.825,-9.99400888050961,6.16,2.3
17,-3.8149999999999986,-8.742823917174569,7.64,4.64
17,-3.664999999999999,-4.102823917174569,7.49,4.76
17,-13.145,-2.2640088805096146,9.48,2.99
17,3.825000000000001,-2.2640088805096146,9.99,3.78
17,-3.664999999999999,0.6571760828254307,7.49,3.07
17,-13.264999999999999,0.7259911194903856,9.6,2.81
17,3.825000000000001,1.5159911194903852,9.44,2.88
17,-12.485,3.5359911194903857,8.82,2.9
17,-3.664999999999999,3.7271760828254306,7.33,4.91
17,3.665000000000001,4.395991119490385,8.74,2.32
17,-11.204999999999998,6.435991119490385,7.54,2.1
17,3.665000000000001,6.7159911194903845,7.46,2.01
17,-9.415,8.535991119490385,5.75,1.89
17,-3.664999999999999,8.63717608282543,7.33,4.61
17,3.665000000000001,8.725991119490384,5.77,1.8
18,-3.97,-13.571245337108898,7.94,4.48
18,-11.950000000000001,-7.558908651386123,7.98,4.42
18,-13.64,-3.726929030716843,1.69,7.44
18,-10.440000000000001,-9.268908651386123,6.47,1.71
18,3.9699999999999998,-7.699350621968065,7.89,4.43
18,3.97,-9.839350621968066,5.97,2.14
18,11.86,-4.141159257985623,1.66,7.36
18,-3.9700000000000006,-9.091245337108898,7.94,4.12
18,-3.9700000000000006,-4.971245337108898,7.94,3.73
18,3.9699999999999998,-3.2693506219680657,7.89,4.39
18,-11.950000000000001,-3.1389086513861226,7.92,4.34
18,-4.030000000000001,-1.2412453371088978,8.0,3.38
18,3.969999999999999,1.120649378031934,7.89,2.11
18,-11.950000000000001,1.2010913486138772,7.92,3.51
18,-4.030000000000001,2.138754662891102,8.0,1.82
18,3.969999999999999,3.230649378031934,8.5,2.79
18,-4.020000000000001,3.958754662891102,7.99,4.33
18,-11.82,4.711091348613877,7.8,2.83
18,3.969999999999999,6.0206493780319335,7.12,2.61
18,-9.82,7.541091348613877,5.8,2.63
18,-4.0200000000000005,8.288754662891101,7.99,3.85
18,3.9699999999999998,8.630649378031933,5.19,2.02
18,-3.344580737983171,12.1387546628911,5.87,1.6
19,-4.12,-13.526462952302055,8.24,4.04
19,-11.790000000000001,-7.806119394423838,7.67,4.56
19,-13.520000000000001,-4.141159257985616,1.73,7.22
19,-10.170000000000002,-9.816119394423838,6.05,2.01
19,4.12,-7.332905290537988,7.97,4.22
19,4.12,-9.802905290537987,5.7,2.47
19,-4.120000000000001,-9.486462952302055,8.24,2.96
19,-3.959999999999999,-6.526462952302055,8.08,3.69
19,-11.790000000000001,-3.2461193944238387,7.7,4.48
19,4.120000000000001,-3.112905290537988,9.07,3.04
19,-4.090000000000001,-2.8364629523020555,8.21,1.88
19,-4.090000000000001,-0.9564629523020556,7.97,3.78
19,3.879999999999999,-0.07290529053798789,9.54,2.15
19,-11.790000000000001,1.2338806055761617,7.55,4.6
19,3.879999999999999,2.077094709462012,9.49,2.15
19,-4.240000000000001,2.8235370476979442,8.09,3.29
19,3.8499999999999988,4.227094709462012,8.67,2.03
19,-11.420000000000002,5.833880605576161,7.18,2.47
19,-4.240000000000002,6.113537047697944,7.97,3.38
19,3.7299999999999978,6.257094709462011,7.4,2.45
19,-9.390000000000002,8.303880605576161,5.15,2.26
19,3.7299999999999978,8.707094709462012,5.74,1.79
19,-4.240000000000002,9.493537047697945,7.76,3.98
20,-3.885,-13.595821968531363,7.77,4.33
20,-12.975,-5.620407013731304,9.09,3.01
20,-11.344999999999999,-8.370407013731304,7.46,2.75
20,-9.425,-10.380407013731304,5.54,2.01
20,3.885,-8.035320466540213,7.75,4.34
20,3.885,-10.325320466540212,5.74,2.29
20,11.635,-4.6458126307461,1.72,8.86
20,-3.885,-9.265821968531363,7.64,4.37
20,-3.885,-4.895821968531362,7.58,4.36
20,3.885,-3.6953204665402133,7.75,4.15
20,-13.115,-2.6104070137313045,9.23,2.3
20,-3.7550000000000017,-0.5358219685313621,7.64,4.24
20,-13.105000000000002,-0.31040701373130464,9.35,1.9
20,3.884999999999998,0.45467953345978707,7.75,3.07
20,-12.925000000000002,1.5895929862686953,9.17,2.9
20,3.9949999999999983,3.524679533459787,7.64,4.02
20,-3.6450000000000014,3.704178031468638,7.64,3.85
20,-12.535000000000002,4.489592986268695,8.89,1.8
20,-11.175,6.289592986268695,7.53,2.23
20,3.9949999999999983,7.544679533459787,5.79,2.1
20,-3.6450000000000005,7.554178031468638,7.64,2.45
20,-8.925,8.519592986268695,5.28,2.42
20,-3.6450000000000005,10.004178031468637,9.11,2.9
21,-4.355,-13.452641933835897,8.71,3.32
21,-11.435,-8.317474075703512,7.08,4.92
21,-13.425,-4.439479136114954,1.99,8.68
21,4.3549999999999995,-8.27607243805901,7.11,4.88
21,11.465,-4.439479136114954,1.96,8.15
21,-9.862513241596705,-10.132641933835897,8.17,1.8
21,-1.5949999999999998,-10.132641933835897,5.95,4.97
21,-4.355,-8.332641933835896,2.74,9.09
21,-1.6150000000000002,-5.162641933835897,4.01,5.92
21,2.3949999999999996,-5.162641933835897,1.96,5.41
21,-11.435,-3.397474075703512,7.08,4.25
21,4.3549999999999995,-3.3960724380590106,7.11,4.5
21,2.4849999999999994,0.24735806616410283,1.87,8.2
21,-4.305000000000001,0.7573580661641035,6.79,4.96
21,-11.435,0.8525259242964882,7.13,3.34
21,4.3549999999999995,1.1039275619409894,7.11,3.73
21,-11.435,4.192525924296488,7.13,3.11
21,4.3549999999999995,4.833927561940989,7.71,2.5
21,-2.7250000000000005,5.7173580661641035,5.21,2.73
21,-10.175,7.3025259242964875,7.45,2.1
21,4.3549999999999995,7.333927561940989,5.69,2.53
21,-2.6750000000000007,8.447358066164103,7.03,4.89
21,-7.955000000000001,9.402525924296487,5.28,2.25
22,-3.645,-13.662121906936711,7.29,4.69
22,-11.035,-8.841288084888989,7.39,4.59
22,-13.245000000000001,-4.950714594884256,2.21,9.27
22,-8.855,-10.98128808488899,5.21,2.14
22,3.6449999999999996,-6.307977092539257,9.01,2.96
22,3.645,-8.177977092539258,7.52,1.87
22,3.645,-10.567977092539259,5.69,2.39
22,-3.6450000000000005,-8.97212190693671,7.29,4.65
22,-3.505000000000001,-4.32212190693671,7.15,4.75
22,-11.035,-4.251288084888989,7.53,2.52
22,3.6449999999999996,-3.3479770925392573,9.12,2.84
22,-11.035,-1.7312880848889889,7.35,4.35
22,3.6449999999999996,-0.5079770925392575,9.11,2.82
22,-3.6850000000000005,0.42787809306329017,7.33,3.11
22,3.6449999999999996,2.3120229074607423,8.88,3.02
22,-11.035,2.6187119151110108,7.23,4.57
22,-3.8049999999999997,3.53787809306329,7.45,3.42
22,3.6450000000000005,5.332022907460742,8.1,2.39
22,-3.624999999999999,6.9578780930632895,7.27,3.95
22,-10.485,7.188711915111011,6.86,2.28
22,3.6450000000000005,7.722022907460742,5.98,2.55
22,-4.637530900259308,10.907878093063289,9.12,2.45
23,-4.275,-13.478277894449276,8.55,3.35
23,-11.315000000000001,-8.479998525943268,7.04,4.83
23,-13.515,-4.1574481355754775,2.2,8.01
23,4.275,-4.616965995109775,9.09,2.69
23,4.275,-7.106965995109775,7.81,2.49
23,4.275,-10.066965995109776,5.65,2.96
23,-4.185000000000001,-10.128277894449276,8.46,3.25
23,-4.175,-6.878277894449276,8.45,3.22
23,-4.175,-3.658277894449276,8.45,3.11
23,-11.315000000000001,-3.6499985259432677,7.14,3.46
23,4.2749999999999995,-1.9269659951097746,9.17,2.58
23,-3.925,-0.5482778944492761,8.2,3.47
23,-11.315000000000001,-0.18999852594326772,7.39,3.54
23,4.2749999999999995,0.6530340048902255,9.12,2.59
23,-3.9250000000000016,2.921722105550724,8.2,3.55
23,4.274999999999998,3.2430340048902253,8.31,3.15
23,-11.315000000000001,3.3500014740567323,7.39,3.49
23,4.274999999999998,6.393034004890225,6.57,2.67
23,-3.9250000000000016,6.4717221055507235,8.2,2.7
23,-10.465,6.8400014740567325,6.54,2.66
23,-3.925,9.171722105550725,9.16,2.36
23,-3.899319197691282,11.531722105550724,7.34,2.06
24,-2.365,-13.940816869896828,4.73,7.04
24,-9.225000000000001,-10.71629483543636,6.86,4.83
24,-13.645000000000001,-3.7085812651201246,4.42,7.03
24,2.365,-10.664350660026143,6.92,4.77
24,9.285,-7.9770906350623845,2.39,9.04
24,11.675,-4.02511801069236,1.88,7.32
24,-2.365000000000001,-6.900816869896828,4.65,7.04
24,2.415,-5.894350660026143,6.87,4.76
24,-11.405000000000001,-5.868581265120125,9.04,2.16
24,-9.225000000000001,-3.7085812651201246,4.51,7.03
24,-4.715000000000002,-3.7085812651201246,2.35,5.62
24,2.3049999999999997,-1.1343506600261435,6.98,4.65
24,-2.2849999999999997,0.13918313010317185,4.59,6.97
24,9.285,1.0629093649376147,2.34,6.69
24,-4.715000000000002,1.9114187348798755,2.43,7.56
24,-12.625000000000002,3.3214187348798756,7.91,2.89
24,2.365,3.515649339973857,6.92,4.47
24,-11.375000000000002,6.211418734879876,6.66,2.12
24,-2.2850000000000015,7.109183130103172,4.65,5.9
24,2.364999999999999,7.985649339973857,6.75,2.71
24,-8.015000000000002,9.471418734879876,5.73,2.17
25,-2.445,-13.927008831762835,4.89,6.52
25,-9.025,-10.885264121738158,6.58,4.83
25,-13.215,-5.030246017840481,4.19,7.17
25,2.4449999999999994,-10.9018152158253,6.56,4.82
25,9.004999999999999,-5.997630782233934,3.8,7.56
25,-2.4450000000000003,-7.407008831762836,4.75,6.56
25,2.3049999999999997,-6.0818152158253,6.7,4.33
25,-9.024999999999999,-6.055264121738158,6.58,2.63
25,-9.024999999999999,-3.4252641217381585,6.45,4.5
25,2.464999999999999,-1.7518152158252995,6.54,4.22
25,-2.445000000000001,-0.8470088317628361,4.91,5.97
25,-8.985000000000001,1.0747358782618415,6.54,3.97
25,9.004999999999999,1.562369217766066,3.26,5.13
25,-11.785,2.139753982159519,2.8,5.66
25,2.6549999999999994,2.4681847841747,6.35,4.56
25,-8.985,5.044735878261841,6.34,4.05
25,-2.6449999999999996,5.122991168237164,5.3,3.42
25,2.6550000000000002,7.0281847841747,7.38,2.89
25,-2.5249999999999995,8.542991168237164,5.18,4.9
25,-8.114999999999998,9.09473587826184,5.59,2.47
26,-4.07,-13.541591486970798,8.14,3.22
26,-12.22,-7.114154904133027,8.15,3.2
26,-9.82,-10.164154904133028,5.75,3.05
26,4.070000000000001,-8.958571314668427,6.87,4.47
26,10.940000000000001,-5.515360369005817,2.08,9.07
26,-4.07,-10.321591486970798,8.14,2.68
26,-4.07,-7.641591486970798,7.91,3.36
26,3.9300000000000015,-4.488571314668428,7.01,4.24
26,-3.929999999999999,-4.2815914869707985,7.86,3.48
26,-12.459999999999999,-3.914154904133027,8.53,2.24
26,-12.2,-1.6741549041330268,8.27,2.99
26,-3.9299999999999997,-0.8015914869707985,7.86,3.18
26,4.050000000000002,-0.2485713146684274,6.89,4.17
26,-12.08,1.3158450958669734,8.15,3.09
26,-3.9299999999999997,2.3784085130292016,7.73,3.56
26,3.8000000000000007,3.9214286853315725,8.37,2.87
26,-11.8,4.405845095866973,7.87,3.34
26,-3.9300000000000006,5.938408513029202,7.73,2.23
26,3.8,6.791428685331573,6.71,2.64
26,-9.309999999999999,7.745845095866973,5.38,2.83
26,-3.929999999999999,8.168408513029203,7.59,3.27
26,-3.6213545422881257,11.438408513029202,7.16,2.23
27,-3.365,-13.733767691351124,6.73,4.56
27,-11.105,-8.75320369921779,7.74,3.47
27,-13.555,-4.02511801069236,2.45,8.04
27,-8.385,-11.24320369921779,5.02,2.49
27,3.365,-8.385784101680654,8.02,3.17
27,3.365,-10.855784101680655,5.67,2.47
27,11.385000000000002,-3.922674470307215,2.2,7.81
27,-3.3149999999999995,-9.173767691351124,6.68,3.79
27,-3.1849999999999996,-5.383767691351124,6.55,3.8
27,-11.105,-5.28320369921779,7.74,3.17
27,3.3750000000000018,-5.215784101680654,8.01,2.56
27,3.5050000000000017,-2.6557841016806543,7.88,2.39
27,-11.105,-2.11320369921779,7.72,3.03
27,-3.3850000000000007,-1.5837676913511238,6.76,3.83
27,3.575000000000002,-0.26578410168065414,7.81,2.42
27,-11.105,0.91679630078221,7.61,3.1
27,4.125000000000002,2.154215898319346,7.26,3.88
27,-3.304999999999998,2.2462323086488762,7.43,3.53
27,-11.764999999999999,4.01679630078221,8.46,2.5
27,-3.304999999999998,5.776232308648876,7.43,3.14
27,4.125000000000002,6.034215898319346,7.14,2.49
27,-10.934999999999999,6.51679630078221,7.63,2.38
27,-7.67428864136635,8.916232308648876,8.11,2.96
27,0.4357113586336494,8.916232308648876,7.5,2.71
28,-3.545,-13.688410243706171,7.09,3.88
28,-9.735,-10.255212089469433,6.19,4.75
28,-13.514999999999999,-4.15744813557548,3.78,7.16
28,3.545,-8.092933646089037,8.05,2.83
28,3.545,-10.302933646089038,5.63,2.21
28,11.595,-3.922674470307215,1.99,7.19
28,-3.505,-9.80841024370617,7.05,3.67
28,-3.5149999999999997,-6.13841024370617,7.06,3.46
28,-9.735,-5.505212089469433,6.22,4.29
28,3.5549999999999997,-5.262933646089037,8.04,2.69
28,-3.5149999999999997,-2.6784102437061703,7.06,3.09
28,4.214999999999999,-2.572933646089037,7.38,3.47
28,-9.735,-1.215212089469433,6.13,4.68
28,-3.6049999999999995,0.41158975629382955,7.58,2.57
28,4.114999999999998,0.8970663539109633,7.48,2.93
28,-3.365000000000002,2.9815897562938294,7.48,2.85
28,-11.515000000000002,3.464787910530567,8.15,2.55
28,4.114999999999998,3.8270663539109635,7.24,3.57
28,-3.2750000000000012,5.8315897562938295,7.39,2.88
28,-10.445000000000002,6.014787910530567,7.17,3.22
28,4.114999999999998,7.397066353910963,5.72,2.1
28,-3.1050000000000013,8.71158975629383,7.22,3.53
29,-3.145,-13.785810639929739,6.29,4.36
29,-9.415,-10.549757106208656,6.27,4.35
29,-13.075,-5.383676717634524,3.66,6.83
29,3.1449999999999996,-10.707678319785295,6.09,4.5
29,9.235,-5.030246017840481,3.98,6.41
29,-3.1449999999999996,-9.42581063992974,6.16,4.13
29,3.1549999999999994,-6.207678319785295,6.08,4.08
29,-9.415,-6.199757106208656,6.21,3.87
29,-3.204999999999999,-5.29581063992974,6.36,3.89
29,-9.415,-2.329757106208656,6.11,3.96
29,3.3449999999999998,-2.1276783197852946,5.89,4.46
29,-3.215,-1.4058106399297396,6.56,3.79
29,9.235,1.379753982159519,3.19,5.36
29,-12.285,1.4463232823654764,2.87,5.55
29,-9.415,1.630242893791344,6.2,3.71
29,3.4749999999999996,2.3323216802147053,5.76,4.57
29,-3.0150000000000006,2.3841893600702604,6.49,3.57
29,-9.415,5.340242893791344,6.38,3.55
29,-3.0349999999999993,5.95418936007026,6.43,3.82
29,3.3950000000000005,6.902321680214706,6.87,2.79
29,-8.594999999999999,8.890242893791344,5.56,2.25
29,-3.0349999999999993,9.77418936007026,7.51,2.63
30,-2.495,-13.91813834533915,4.99,5.55
30,-8.125,-11.572552657041575,5.63,4.9
30,-13.594999999999999,-3.8878753838054063,5.47,4.87
30,-10.795,-9.127875383805407,2.67,5.24
30,2.495,-11.690063087939262,5.46,4.82
30,7.955,-3.4803124859701926,5.75,4.52
30,7.955,-8.810312485970192,3.03,5.33
30,-2.495,-8.368138345339151,4.71,5.46
30,2.215,-6.870063087939261,5.74,3.66
30,-8.125,-6.6725526570415745,5.63,2.17
30,-8.125,-4.502552657041575,5.48,4.53
30,2.264999999999999,-3.210063087939261,5.69,4.4
30,-2.1850000000000014,-2.908138345339151,4.45,5.8
30,-7.995000000000001,0.027447342958425658,5.81,4.3
30,-13.645000000000001,0.9821246161945938,5.65,2.69
30,7.954999999999999,1.039687514029807,5.19,4.02
30,2.264999999999999,1.1899369120607393,5.69,4.4
30,-2.1350000000000016,2.8918616546608487,4.4,5.46
30,-10.905000000000001,3.6721246161945937,2.91,5.11
30,-7.995000000000001,4.3274473429584255,5.68,4.28
30,2.264999999999999,5.58993691206074,7.12,3.15
30,-2.195000000000001,8.351861654660848,4.46,5.17
30,-7.8450000000000015,8.607447342958427,5.65,2.94
30,2.264999999999999,8.73993691206074,6.45,2.36
31,-1.46,-14.064423201823814,2.92,7.32
31,-8.8,-11.067953740416518,7.34,2.86
31,-11.58,-8.11438229318782,2.78,7.36
31,-13.71,-3.460563537922687,2.13,6.9
31,1.46,-10.971472098127945,7.46,2.66
31,8.92,-8.213373241245037,2.59,7.52
31,11.51,-3.615342307444762,2.16,6.83
31,1.6899999999999995,-8.311472098127945,7.23,2.85
31,-8.8,-8.207953740416519,7.14,2.41
31,-1.6200000000000006,-6.744423201823814,3.31,6.24
31,-8.670000000000002,-5.797953740416519,7.05,2.79
31,1.6899999999999995,-5.461472098127945,7.03,2.57
31,-8.790000000000001,-3.007953740416519,7.17,2.3
31,1.6899999999999995,-2.8914720981279456,7.13,2.28
31,-11.580000000000002,-0.7543822931878195,2.7,6.9
31,-8.880000000000003,-0.707953740416519,7.25,4.53
31,8.860000000000001,-0.6933732412450375,2.65,6.63
31,2.2700000000000014,-0.6114720981279458,6.59,3.46
31,-1.6300000000000026,-0.5044232018238137,3.85,5.2
31,2.2199999999999975,2.848527901872054,6.64,3.21
31,-8.880000000000003,3.822046259583481,6.82,3.16
31,-2.0600000000000023,4.6955767981761865,4.15,5.88
31,2.089999999999998,6.058527901872054,6.83,3.11
31,-8.480000000000002,6.982046259583481,6.42,3.54
31,2.089999999999998,9.168527901872054,5.23,2.75
31,-4.740000000000004,10.575576798176186,6.83,2.7
32,-2.995,-13.819174179378448,5.99,3.97
32,-8.695,-11.15063114805615,5.7,4.21
32,-13.855,-2.8246371448382543,5.16,4.68
32,-11.565000000000001,-7.954637144838254,2.87,5.13
32,2.994999999999999,-11.048030367445595,5.83,4.0
32,8.825,-2.620796634613228,5.07,4.68
32,8.825,-7.890796634613228,2.71,5.27
32,-2.995,-9.849174179378448,5.82,3.57
32,3.0149999999999997,-7.048030367445595,5.81,3.54
32,-8.695,-6.940631148056149,5.7,3.76
32,-2.995,-6.2791741793784475,5.92,3.25
32,3.0649999999999995,-3.5080303674455946,5.76,3.6
32,-8.695,-3.1806311480561495,5.68,4.03
32,-3.0150000000000006,-3.0291741793784475,6.06,3.61
32,3.044999999999999,0.09196963255440549,5.78,3.46
32,-2.535000000000001,0.5808258206215524,5.58,4.12
32,-8.605,0.8493688519438507,6.07,3.39
32,-12.005,1.8553628551617454,3.4,5.55
32,8.825,2.0592033653867716,3.1,5.5
32,3.174999999999999,3.5519696325544055,5.65,4.04
32,-8.605,4.239368851943851,5.62,3.96
32,-2.9850000000000003,4.700825820621553,5.64,3.77
32,2.6549999999999994,7.591969632554406,6.68,2.96
32,-9.334999999999999,8.199368851943852,6.35,2.31
32,-2.8549999999999986,8.470825820621553,5.51,3.94
33,-2.66,-13.887548379753714,5.32,4.34
33,-8.11,-11.583069541360787,5.45,4.21
33,-11.51,-8.213373241245037,3.4,6.25
33,-13.83,-2.944605236699821,2.32,5.47
33,2.66,-10.563124537749236,6.74,2.87
33,9.4,-4.0419178616097575,4.15,5.43
33,-2.6599999999999993,-9.547548379753714,5.32,3.22
33,2.8499999999999988,-7.693124537749235,6.55,3.02
33,-8.11,-7.373069541360787,5.45,3.43
33,-2.6599999999999993,-6.327548379753713,5.44,4.11
33,2.7899999999999983,-4.673124537749235,6.61,2.9
33,-8.11,-3.9430695413607872,5.43,3.94
33,-2.6799999999999997,-2.2175483797537128,5.42,3.47
33,-11.51,-1.963373241245037,3.29,5.5
33,2.9400000000000004,-1.773124537749235,6.46,2.96
33,-8.219999999999999,-0.003069541360787298,5.52,4.03
33,2.7700000000000005,1.186875462250765,6.63,2.47
33,-2.6999999999999993,1.2524516202462874,5.4,3.48
33,9.4,1.3880821383902422,2.83,5.06
33,-10.87,3.536626758754963,2.65,5.29
33,2.7300000000000004,3.656875462250765,6.67,2.84
33,-8.219999999999999,4.026930458639213,5.39,3.39
33,-2.829999999999999,4.732451620246287,5.49,2.98
33,2.660000000000001,6.496875462250765,6.75,2.75
33,-8.059999999999999,7.416930458639213,5.23,4.14
33,-2.8299999999999983,7.712451620246288,5.37,3.2
33,2.540000000000002,9.246875462250765,5.22,2.56
33,-2.6999999999999984,10.912451620246287,5.24,2.54
34,-2.53,-13.911818716472697,5.06,4.5
34,-7.659999999999999,-11.88545329383781,5.13,4.36
34,-10.709999999999999,-9.23230740389422,3.05,6.42
34,-13.709999999999999,-3.460563537922695,3.0,6.38
34,2.5300000000000002,-10.987702216569213,6.37,3.09
34,8.9,-7.4147150990446,3.14,6.23
34,-2.5299999999999994,-9.411818716472697,5.05,2.82
34,2.6500000000000004,-7.897702216569213,6.25,2.97
34,-7.659999999999999,-7.525453293837809,5.08,4.1
34,-2.579999999999999,-6.591818716472696,5.23,3.78
34,3.6499999999999986,-4.927702216569212,5.25,4.07
34,-6.27,-3.4254532938378093,3.69,5.61
34,-10.709999999999999,-2.81230740389422,3.83,5.12
34,-2.5799999999999996,-2.8118187164726964,5.62,3.23
34,8.899999999999999,-1.1847150990445998,3.57,5.59
34,3.2899999999999983,-0.8577022165692121,5.61,3.19
34,-2.000000000000002,0.41818128352730355,5.29,3.42
34,-5.480000000000002,2.184546706162191,3.48,5.18
34,-10.709999999999999,2.30769259610578,5.23,3.22
34,3.66,2.332297783430788,5.24,3.24
34,-2.000000000000002,3.8381812835273035,5.36,3.33
34,-10.810000000000002,5.52769259610578,5.33,2.42
34,3.359999999999998,5.572297783430788,6.43,2.92
34,-2.000000000000002,7.1681812835273035,2.47,6.79
34,0.469999999999998,7.1681812835273035,2.3,6.67
34,-8.670000000000002,7.94769259610578,6.67,2.57
34,2.769999999999998,8.492297783430788,6.3,2.33
