Instance: CBPP
Bin radius: 14.14
Rotate enable: true
Bin num: 34
Lower bound: 30
Opt: false
Gap: 0.11764705882352941
Bin id,X coordinate of lower left corner,Y coordinate of lower left corner,Item's width,Item's height
1,-2.48,-13.920818941427262,4.96,9.83
1,-7.300000000000001,-12.109896779081149,4.82,9.94
1,-12.14,-7.249827584156743,4.84,9.79
1,-13.15,-5.197797610526981,1.01,9.93
1,2.4799999999999995,-12.234030407024498,4.61,9.98
1,7.09,-7.9989999374921865,4.57,9.99
1,11.66,-5.248113946933698,1.47,9.87
1,-2.4800000000000004,-4.090818941427262,4.96,8.91
1,2.4799999999999995,-2.254030407024498,4.61,8.76
1,-7.24,-2.1698967790811494,4.76,9.31
1,7.09,1.9910000625078137,4.57,5.26
1,-11.74,2.540172415843256,4.5,5.05
1,-2.4800000000000004,4.819181058572738,4.89,8.88
1,2.4099999999999993,6.505969592975502,4.68,5.31
1,-6.640000000000001,7.140103220918851,4.16,5.25
2,-2.295,-13.952511422679432,4.59,9.89
2,-7.205,-12.16665833333048,4.91,9.54
2,-12.125,-7.274886597054281,4.92,9.52
2,-13.185,-5.108363240804239,1.06,9.75
2,2.295,-12.316922302263663,4.65,9.78
2,6.945000000000001,-7.737724148611141,4.89,9.39
2,11.835,-5.003895982132319,1.39,9.94
2,-2.295,-4.062511422679432,4.59,5.23
2,-7.205,-2.6266583333304805,4.91,6.04
2,2.295,-2.5369223022636636,4.65,9.44
2,-2.2649999999999997,1.1674885773205688,4.56,9.69
2,6.945,1.6522758513888594,4.76,6.09
2,-11.825,2.2451134029457185,4.62,5.49
2,-7.204999999999999,3.4133416666695195,4.94,7.91
2,2.295,6.903077697736336,4.31,5.3
2,-6.4449999999999985,11.32334166666952,8.74,1.24
2,-3.9969191677073566,12.56334166666952,7.66,1.0
3,-2.045,-13.991339285429397,4.09,9.96
3,-6.615,-12.497254698532794,4.57,9.37
3,-10.815000000000001,-9.10908200643731,4.2,9.74
3,-13.125000000000002,-5.2606059536901215,2.31,9.98
3,2.045,-12.383819079750802,4.78,9.15
3,6.824999999999999,-8.702216671630282,4.32,9.57
3,11.145,-5.260605953690127,1.98,9.99
3,-2.045,-4.031339285429397,4.09,9.69
3,2.045,-3.233819079750802,4.78,7.75
3,-6.615000000000001,-3.127254698532795,4.57,8.61
3,-10.815000000000001,0.6309179935626901,4.2,7.57
3,6.825,0.8677833283697183,4.32,6.31
3,2.045,4.516180920249198,4.78,6.82
3,-6.515,5.4827453014672045,4.47,7.04
3,-2.045,5.658660714570603,4.09,6.83
3,-2.045,12.488660714570603,5.86,1.08
4,-2.49,-13.9190337308306,4.98,8.85
4,-7.09,-12.234030407024498,4.6,9.21
4,-11.83,-7.745366356732263,4.74,8.99
4,-13.26,-4.910397132615652,1.43,9.76
4,2.49,-11.999549991562183,4.99,8.73
4,7.4799999999999995,-6.703514003863947,4.97,8.74
4,12.45,-4.363152529994801,1.0,8.66
4,-2.49,-5.069033730830601,4.98,8.47
4,2.49,-3.269549991562183,4.88,8.58
4,-7.01,-3.0240304070244974,4.52,9.1
4,-11.73,1.2446336432677372,4.72,6.65
4,7.37,2.0364859961360535,5.08,1.86
4,-2.49,3.4009662691694,4.98,7.71
4,7.37,3.896485996136054,5.06,2.27
4,2.49,5.310450008437817,4.84,5.98
4,-7.010000000000001,6.075969592975502,4.52,5.9
4,-2.490000000000001,11.290450008437817,9.4,1.0
4,-4.483238848331657,12.290450008437816,8.75,1.12
5,-2.115,-13.980928974857143,4.23,9.48
5,-5.875,-12.86172519532275,3.76,9.95
5,-10.035,-9.961845963474842,4.16,9.51
5,-13.225,-5.003895982132325,3.19,9.9
5,2.115,-12.715556417239476,4.07,9.59
5,6.1850000000000005,-8.976857746450035,4.74,8.89
5,10.925,-5.134099239399253,2.25,9.92
5,-2.115,-4.500928974857143,4.23,9.4
5,2.115,-3.1255564172394763,4.07,9.09
5,-5.855,-2.9117251953227505,3.74,9.81
5,-10.035,-0.45184596347484174,4.18,8.18
5,6.1850000000000005,-0.08685774645003441,4.71,8.92
5,-2.115,4.899071025142858,4.12,8.98
5,2.005,5.9644435827605236,4.18,5.78
5,-5.855,6.89827480467725,3.74,5.71
6,-4.905,-13.261997398582162,9.81,3.82
6,-9.205000000000002,-10.733479165675963,4.3,9.32
6,-13.245000000000001,-4.950714594884256,4.04,9.54
6,4.905000000000001,-10.311836645331422,4.77,8.84
6,9.675,-5.260605953690127,3.45,9.96
6,-4.905000000000002,-9.441997398582162,9.58,4.0
6,-4.905000000000002,-5.441997398582162,9.74,3.55
6,-4.905000000000002,-1.8919973985821619,9.67,3.31
6,4.875000000000001,-1.4718366453314218,4.8,8.74
6,-9.205000000000002,-1.4134791656759624,4.3,7.2
6,-4.735,1.4180026014178382,9.61,3.32
6,-4.785000000000001,4.738002601417838,9.66,3.24
6,-11.995000000000001,5.786520834324038,7.21,1.62
6,4.874999999999999,7.268163354668578,5.93,1.8
6,-11.235,7.406520834324038,6.45,1.13
6,-4.784999999999999,7.978002601417838,9.66,1.31
6,-10.235,8.536520834324037,5.45,1.21
6,-4.784999999999999,9.288002601417839,9.96,3.26
6,-3.9810683751875926,12.548002601417839,7.94,1.02
7,-2.205,-13.967017398141953,4.41,9.13
7,-6.305,-12.65648351636425,4.1,9.42
7,-10.555,-9.409121903769767,4.25,9.22
7,-13.195,-5.082477250318,2.64,9.98
7,2.205,-12.475999959923053,4.45,9.0
7,6.654999999999999,-8.903335049294732,4.33,9.12
7,10.985,-5.50354204126761,2.04,9.92
7,-2.205,-4.837017398141953,4.41,6.92
7,2.205,-3.475999959923053,4.45,8.79
7,-6.305,-3.2364835163642507,4.1,5.94
7,-10.555,-0.18912190376976667,4.23,9.11
7,6.655,0.21666495070526715,4.33,7.24
7,-2.205,2.0829826018580473,4.41,6.1
7,-6.324999999999999,2.7035164836357497,4.12,6.37
7,2.205,5.314000040076946,4.4,7.16
7,-2.204999999999999,8.182982601858047,4.41,5.59
7,-9.665,9.07351648363575,7.46,1.23
7,-8.294999999999998,10.30351648363575,6.09,1.08
8,-4.71,-13.33249789049299,9.42,4.01
8,-9.370000000000001,-10.589745039423754,4.66,8.63
8,-13.280000000000001,-4.856047775712261,3.91,9.37
8,4.71,-10.473280288429219,4.79,8.49
8,9.5,-6.092782615521418,3.26,9.93
8,12.76,-2.8000000000000056,1.1,5.51
8,-4.710000000000001,-9.32249789049299,9.34,3.93
8,-4.710000000000001,-5.39249789049299,9.19,3.99
8,4.57,-1.9832802884292189,4.93,7.89
8,-9.370000000000001,-1.959745039423753,4.66,6.69
8,-4.67,-1.40249789049299,9.24,3.69
8,-4.51,2.28750210950701,9.08,3.81
8,9.5,3.8372173844785813,1.4,5.04
8,-12.58,4.730254960576247,8.07,1.56
8,4.57,5.906719711570781,4.14,5.23
8,-4.279999999999999,6.09750210950701,8.85,4.04
8,-11.899999999999999,6.290254960576247,7.62,1.24
8,-10.6,7.530254960576247,6.32,1.8
8,-5.390000000000001,10.137502109507011,9.96,2.85
9,-4.25,-13.486181816956199,8.5,4.76
9,-8.780000000000001,-11.083826054210702,4.53,8.73
9,-12.06,-7.382140610961025,3.28,9.85
9,-13.32,-4.745229183084838,1.26,9.4
9,4.249999999999999,-10.85615033057299,4.81,8.35
9,9.059999999999999,-4.4845847076401695,4.35,8.75
9,9.059999999999999,-9.514584707640172,1.35,5.03
9,-4.250000000000001,-8.726181816956199,8.5,3.4
9,-4.250000000000001,-5.326181816956199,8.5,1.05
9,-4.250000000000001,-4.276181816956199,8.34,4.7
9,4.129999999999999,-2.506150330572991,4.93,7.89
9,-8.780000000000001,-2.3538260542107015,4.53,7.92
9,-4.250000000000001,0.42381818304380126,8.38,2.76
9,-11.830000000000002,2.467859389038975,3.05,5.22
9,-4.250000000000001,3.183818183043801,8.22,4.76
9,9.059999999999999,4.2654152923598305,1.3,5.26
9,4.1099999999999985,5.383849669427009,4.95,5.34
9,-8.330000000000002,5.5661739457892985,4.08,5.64
9,-4.250000000000002,7.943818183043801,8.36,2.51
9,-4.250000000000002,10.4538181830438,8.32,2.94
10,-1.845,-14.019114629676157,3.69,9.4
10,-6.345000000000001,-12.636477950758273,4.5,8.52
10,-9.365,-10.594167027190009,3.02,9.99
10,-12.495000000000001,-6.619257888917759,3.13,9.85
10,-13.515,-4.1574481355754775,1.02,7.94
10,1.8449999999999998,-13.239651619283643,3.12,9.85
10,4.965,-11.703647935579744,2.97,10.0
10,7.9350000000000005,-8.107242132809406,3.65,9.31
10,11.585,-5.1596874905366095,1.58,9.69
10,-1.8450000000000006,-4.619114629676156,3.69,6.35
10,-6.345000000000001,-4.116477950758274,4.5,7.68
10,1.8449999999999993,-3.3896516192836437,3.12,8.35
10,4.965,-1.7036479355797436,2.97,8.72
10,-9.305,-0.6041670271900088,2.96,9.5
10,7.9350000000000005,1.202757867190595,3.58,7.0
10,-1.7850000000000006,1.7308853703238434,3.63,9.15
10,-11.334999999999999,3.2307421110822405,2.03,5.1
10,-6.345,3.563522049241726,4.56,7.89
10,1.8449999999999993,4.960348380716356,3.12,5.58
10,4.965,7.016352064420257,2.19,5.05
10,-1.7850000000000001,10.880885370323844,6.75,1.23
10,-5.195557138228995,12.110885370323846,9.52,1.04
11,-4.93,-13.252724248244208,9.86,3.04
11,-9.25,-10.694722997815324,4.32,8.56
11,-13.2,-5.069477290608967,3.95,8.92
11,4.93,-11.115394729833035,3.81,9.04
11,8.74,-6.19641025110507,3.97,8.86
11,12.71,-3.21351832109294,1.06,6.23
11,-4.82,-10.212724248244207,9.75,2.81
11,-4.720000000000001,-7.402724248244207,9.65,2.26
11,-4.82,-5.142724248244207,9.75,2.14
11,-4.9,-3.0027242482442067,9.83,2.03
11,-9.25,-2.1347229978153237,4.35,7.01
11,4.93,-2.075394729833036,3.81,9.0
11,-4.9,-0.9727242482442069,9.83,1.83
11,-4.58,0.8572757517557932,9.51,2.76
11,8.74,2.663589748894929,3.05,5.13
11,-4.59,3.617275751755793,9.52,2.61
11,-10.73,3.850522709391033,1.48,5.35
11,-9.25,4.875277002184676,4.64,5.7
11,-4.61,6.227275751755792,9.38,3.34
11,4.7700000000000005,6.924605270166964,2.45,5.21
11,-4.61,9.567275751755792,9.38,3.14
11,-3.225169511067125,12.707275751755793,6.45,1.06
12,-1.91,-14.010406846341045,3.82,8.99
12,-6.86,-12.364465212858985,4.95,7.85
12,-10.89,-9.019284894047864,4.03,8.77
12,-12.93,-5.723172197304569,2.04,9.91
12,1.9100000000000001,-12.541877849827753,4.62,8.16
12,6.53,-9.278507423071881,4.14,8.62
12,10.669999999999998,-5.2481139469337,2.46,9.97
12,-1.9100000000000001,-5.020406846341045,3.82,8.46
12,-6.84,-4.514465212858985,4.93,7.81
12,1.9099999999999997,-4.381877849827752,4.62,5.47
12,6.529999999999999,-0.6585074230718817,4.14,7.0
12,-10.89,-0.24928489404786447,3.98,8.37
12,1.9799999999999995,1.0881221501722473,4.55,7.97
12,-6.91,3.2955347871410146,5.0,5.07
12,-1.9100000000000001,3.439593153658956,3.89,6.2
12,6.529999999999999,6.341492576928118,5.07,1.72
12,-10.58,8.365534787141016,8.67,1.01
12,1.98,9.058122150172247,7.11,1.77
12,-8.870000000000001,9.375534787141016,6.96,1.59
12,-1.910000000000001,10.828122150172247,9.17,1.12
12,-7.21,10.965534787141015,5.3,1.19
12,-1.9100000000000001,11.948122150172246,7.31,1.05
13,-4.55,-13.387946070999838,9.1,3.63
13,-8.23,-11.498117237182791,3.68,9.03
13,-11.97,-7.527197353597154,3.74,8.96
13,-13.21,-5.04336197392176,1.24,9.95
13,4.549999999999999,-10.947013291304621,4.4,8.29
13,8.95,-6.00829426709445,3.85,8.83
13,-4.550000000000001,-9.75794607099984,8.89,3.62
13,-4.550000000000001,-6.137946070999839,8.97,3.51
13,4.42,-2.6570132913046223,4.53,6.23
13,-4.550000000000001,-2.6279460709998395,8.97,3.41
13,-8.23,-2.468117237182792,3.68,8.78
13,-4.550000000000001,0.7820539290001607,8.68,3.86
13,-11.91,1.4328026464028465,3.68,6.06
13,8.95,2.82170573290555,2.65,5.26
13,4.239999999999999,3.572986708695378,4.71,7.3
13,-4.550000000000001,4.642053929000161,8.79,2.8
13,-8.23,6.311882762817207,3.58,5.17
13,-4.65,7.442053929000161,8.89,3.53
13,-4.65,10.972053929000161,9.67,2.16
14,-4.22,-13.495599282729167,8.44,4.16
14,-8.489999999999998,-11.30749751271253,4.27,8.31
14,-12.639999999999999,-6.3379807509963335,4.15,8.43
14,-13.709999999999999,-3.460563537922695,1.07,6.79
14,4.219999999999999,-10.914188013773634,4.77,7.8
14,8.989999999999998,-5.395803925273792,4.08,8.46
14,-4.219999999999999,-9.335599282729167,8.3,4.19
14,-4.219999999999999,-5.145599282729166,8.21,4.27
14,4.129999999999998,-3.114188013773634,4.86,7.61
14,-8.489999999999998,-2.9974975127125294,4.27,5.03
14,-4.219999999999999,-0.8755992827291665,8.35,1.75
14,-3.9800000000000004,0.8744007172708335,8.11,4.39
14,-8.489999999999998,2.032502487287471,4.51,6.64
14,-11.719999999999999,2.092019249003666,3.23,5.74
14,8.989999999999998,3.064196074726209,2.42,5.22
14,4.2799999999999985,4.495811986226366,4.71,6.27
14,-3.9799999999999986,5.264400717270833,8.26,1.94
14,-3.9799999999999986,7.204400717270833,8.26,1.16
14,-3.9799999999999986,8.364400717270833,8.26,1.08
14,-9.749999999999998,8.67250248728747,5.77,1.43
14,-3.8900000000000023,9.444400717270833,8.17,4.0
15,-3.905,-13.59009105929758,7.81,4.72
15,-7.704999999999999,-11.856330587496286,3.8,8.72
15,-10.294999999999998,-9.692913648640436,2.59,9.91
15,-13.344999999999999,-4.6744598618450075,3.05,9.21
15,3.9050000000000002,-11.523088778621815,4.29,8.16
15,8.195,-6.347942580080572,4.44,8.0
15,12.635000000000002,-3.3599665176903146,1.1,5.81
15,-3.9049999999999994,-8.870091059297579,7.79,4.64
15,-3.9049999999999994,-4.230091059297579,7.58,4.73
15,3.705,-3.3630887786218153,4.49,7.76
15,-7.704999999999998,-3.1363305874962855,3.8,8.28
15,-10.294999999999998,0.21708635135956378,2.59,6.93
15,-3.9049999999999985,0.4999089407024213,7.45,4.88
15,8.195,1.6520574199194282,4.17,5.11
15,3.5550000000000006,4.3969112213781845,4.64,7.07
15,-7.704999999999998,5.143669412503714,3.72,5.83
15,-3.984999999999998,5.379908940702421,7.54,3.16
15,-3.984999999999998,8.539908940702421,7.54,1.65
15,-3.984999999999998,10.189908940702422,7.54,1.6
15,-4.8835557440727495,11.789908940702421,9.72,1.48
16,-1.7,-14.03743566325417,3.4,9.02
16,-5.109999999999999,-13.184365741286154,3.41,8.96
16,-8.82,-11.052022439354708,3.71,8.64
16,-12.06,-7.382140610961025,3.24,9.09
16,-13.31,-4.77320646945007,1.25,9.01
16,1.7000000000000002,-13.215093643255049,3.33,8.99
16,5.029999999999999,-11.411270744312397,3.32,8.99
16,8.35,-7.266546635094283,3.78,8.52
16,12.129999999999999,-4.6024667299177775,1.24,8.73
16,-1.6999999999999993,-5.017435663254171,3.4,8.47
16,1.7000000000000006,-4.2250936432550485,3.33,6.46
16,-5.11,-4.224365741286153,3.41,5.39
16,5.030000000000001,-2.4212707443123964,3.32,6.05
16,-8.82,-2.4120224393547076,3.71,8.34
16,-5.11,1.1656342587138466,3.35,8.73
16,8.350000000000001,1.2534533649057167,3.78,5.5
16,-12.0,1.7078593890389753,3.18,5.72
16,1.790000000000001,2.2349063567449514,3.24,7.95
16,-1.7600000000000002,3.45256433674583,3.55,7.85
16,5.030000000000001,3.6287292556876034,3.3,7.77
16,-8.53,5.927977560645292,3.42,5.29
16,-4.919999999999998,11.30256433674583,9.95,1.86
17,-1.765,-14.02941107103217,3.53,8.77
17,-5.595000000000001,-12.98597608961298,3.83,8.46
17,-9.275,-10.67304900204248,3.68,8.61
17,-13.115,-5.285487205546902,3.84,8.42
17,1.7649999999999997,-12.475999959923053,4.89,7.37
17,6.654999999999999,-8.466638943524167,4.67,7.59
17,11.325,-5.359325983740868,1.76,9.94
17,-1.7650000000000006,-5.25941107103217,3.53,8.57
17,1.7649999999999992,-5.105999959923053,4.89,6.16
17,-5.595000000000001,-4.525976089612978,3.83,6.4
17,-9.275,-2.063049002042481,3.68,6.98
17,6.715000000000001,-0.876638943524167,4.61,7.64
17,1.9050000000000002,1.0540000400769474,4.81,7.4
17,-5.595000000000001,1.874023910387022,3.74,8.43
17,-11.115,3.134512794453098,1.84,5.58
17,-1.8550000000000004,3.31058892896783,3.7,8.56
17,-9.275,4.916950997957519,3.68,5.32
17,1.8449999999999998,8.454000040076949,8.02,1.66
17,1.8449999999999998,10.114000040076949,6.58,1.24
17,-8.115,10.304023910387022,6.26,1.18
17,-5.093914379629021,11.87058892896783,9.75,1.32
18,-3.955,-13.575624295037043,7.91,4.32
18,-8.125,-11.572552657041575,4.17,8.05
18,-12.485,-6.638100255344148,4.36,7.83
18,-13.674999999999999,-3.5963836002295464,1.19,7.09
18,3.955,-11.341145224358959,4.49,7.68
18,8.445,-6.768114582363391,3.97,8.2
18,12.415000000000003,-4.058642014270288,1.13,8.11
18,-3.955,-9.255624295037043,7.91,1.76
18,-3.955,-7.495624295037043,7.66,4.39
18,3.795,-3.6611452243589593,4.65,7.35
18,-8.125,-3.522552657041574,4.17,6.13
18,-3.955,-3.1056242950370434,7.75,3.28
18,-3.715,0.1743757049629564,7.51,4.48
18,-12.215,1.191899744655852,4.09,5.88
18,8.445,1.4318854176366083,3.91,5.44
18,-8.125,2.6074473429584257,4.29,7.25
18,3.875,3.6888547756410404,4.57,7.3
18,-3.835,4.654375704962957,7.71,3.51
18,-3.675,8.164375704962957,7.55,4.18
18,-4.560491967803187,12.344375704962957,8.77,1.04
19,-1.47,-14.063381527925637,2.94,9.23
19,-4.340000000000001,-13.457488621581666,2.87,9.3
19,-7.16,-12.19319482334306,2.82,9.27
19,-11.01,-8.872401027906708,3.85,8.23
19,-13.17,-5.14691169537617,2.16,9.62
19,1.4699999999999998,-13.02226938747621,4.04,8.03
19,5.510000000000001,-10.65127222448098,3.79,8.27
19,9.3,-6.868041933477109,3.06,8.96
19,12.360000000000001,-4.301011508936007,1.11,8.51
19,1.47,-4.992269387476211,4.04,5.83
19,-1.4700000000000006,-4.833381527925637,2.94,7.16
19,-4.34,-4.157488621581665,2.87,5.71
19,-7.16,-2.92319482334306,2.82,7.96
19,5.57,-2.3812722244809805,3.73,8.08
19,-11.01,-0.6424010279067076,3.85,6.41
19,1.5,0.8377306125237887,4.07,7.41
19,-4.34,1.5525113784183349,2.83,9.15
19,9.3,2.091958066522892,2.76,5.28
19,-1.5099999999999998,2.3266184720743635,2.93,9.06
19,-7.16,5.03680517665694,2.82,5.53
19,5.57,5.6987277755190195,3.15,5.03
19,-8.9,5.7675989720932925,1.74,5.21
19,1.4200000000000004,8.247730612523789,3.06,5.11
19,-7.0,10.702511378418336,5.49,1.5
19,-4.42,12.202511378418336,5.84,1.22
20,-2.375,-13.939116722375203,4.75,7.25
20,-5.415,-13.062058604982601,3.04,8.9
20,-8.194999999999999,-11.523088778621817,2.78,9.15
20,-11.354999999999999,-8.426361907727442,3.16,8.75
20,-13.004999999999999,-5.550637350791353,1.65,9.96
20,2.375,-12.136909614889616,4.88,7.01
20,7.254999999999999,-9.073344201560968,3.59,8.28
20,10.844999999999999,-5.030246017840481,2.37,9.38
20,-2.375,-6.6891167223752035,4.63,6.56
20,2.255,-5.126909614889616,4.87,6.77
20,-5.325,-4.162058604982601,2.95,8.76
20,-8.105,-2.373088778621817,2.78,8.41
20,7.125,-0.7933442015609682,3.72,5.11
20,-2.375,-0.12911672237520389,4.48,7.28
20,-11.265,0.32363809227255835,3.16,8.13
20,2.1050000000000004,1.6430903851103835,4.55,6.84
20,6.655,4.316655798439032,3.81,5.16
20,-5.325000000000001,4.597941395017399,2.95,7.95
20,-8.035,6.036911221378183,2.71,5.54
20,-2.375000000000001,7.150883277624796,4.39,6.78
20,2.014999999999999,8.483090385110383,1.97,5.06
20,3.9849999999999985,9.476655798439033,5.13,1.24
21,-4.16,-13.514214738563243,8.32,3.53
21,-7.6899999999999995,-11.866065059656465,3.53,8.31
21,-11.049999999999999,-8.82253364969497,3.36,8.48
21,-13.149999999999999,-5.197797610526987,2.1,9.65
21,4.16,-11.590064710777073,3.94,7.87
21,8.1,-7.463209765241764,3.91,7.9
21,12.009999999999998,-4.573313896946067,1.37,9.01
21,-4.16,-9.984214738563244,8.32,1.8
21,-4.16,-8.184214738563243,8.2,3.53
21,-4.16,-4.654214738563244,8.11,3.6
21,3.9499999999999993,-3.7200647107770726,4.15,6.45
21,-7.6899999999999995,-3.556065059656465,3.53,7.8
21,-4.16,-1.0542147385632439,7.94,3.81
21,-11.049999999999999,-0.34253364969496936,3.36,7.65
21,8.129999999999995,0.4367902347582362,3.88,6.99
21,3.7800000000000002,2.7299352892229276,4.35,6.62
21,-4.16,2.755785261436756,7.94,2.32
21,-7.6899999999999995,4.243934940343535,3.48,7.6
21,-4.209999999999999,5.0757852614367565,7.9,3.71
21,-4.209999999999999,8.785785261436757,7.97,3.5
21,3.7600000000000007,9.349935289222927,5.63,1.22
21,-4.43710379795059,12.285785261436757,8.28,1.14
22,-4.505,-13.40315541206622,9.01,2.76
22,-7.124999999999999,-12.213679830419661,2.62,9.14
22,-9.225,-10.716294835436361,2.1,9.62
22,-13.405,-4.499508306470834,4.18,7.49
22,4.505,-11.690063087939262,3.45,8.22
22,7.955,-9.272754445147353,2.72,8.94
22,10.675,-4.469605687306207,2.74,8.88
22,-4.504999999999999,-10.64315541206622,8.95,2.5
22,-4.504999999999999,-8.14315541206622,8.85,2.52
22,-4.504999999999999,-5.62315541206622,8.88,2.41
22,4.375000000000002,-3.470063087939261,3.58,6.6
22,-4.464999999999998,-3.21315541206622,8.84,2.42
22,-7.125,-3.0736798304196604,2.66,6.95
22,-9.225,-1.0962948354363622,2.1,8.2
22,-4.465,-0.7931554120662199,8.56,3.07
22,7.964999999999999,-0.3327544451473532,2.71,7.98
22,-4.465,2.27684458793378,8.58,2.62
22,-11.174999999999999,2.990491693529166,1.95,5.67
22,4.195,3.1299369120607388,3.77,7.5
22,-7.125,3.8763201695803398,2.66,6.06
22,-4.3149999999999995,4.89684458793378,8.51,2.56
22,-4.355,7.45684458793378,8.55,2.46
22,-4.205,9.916844587933781,8.4,2.43
22,-4.341996514991386,12.34684458793378,8.25,1.11
23,-1.255,-14.08419593019069,2.51,9.11
23,-3.804999999999999,-13.618427772690943,2.55,9.03
23,-7.255,-12.136909614889616,3.45,8.12
23,-9.025,-10.885264121738158,1.77,9.74
23,-12.395,-6.804673026678065,3.37,8.13
23,-13.555,-4.02511801069236,1.16,7.69
23,1.255,-13.664785947829554,2.38,9.11
23,3.635,-13.070331862657506,1.76,9.73
23,5.395,-11.770827286134141,2.44,9.04
23,7.834999999999999,-10.245710077881379,1.91,9.56
23,9.745,-4.645812630746106,3.61,7.82
23,-1.254999999999999,-4.974195930190691,2.51,8.19
23,-3.8049999999999997,-4.5884277726909435,2.55,8.1
23,1.2550000000000008,-4.554785947829554,2.38,5.95
23,-7.195,-4.016909614889617,3.39,7.67
23,3.6350000000000007,-3.3403318626575054,1.72,9.52
23,5.355,-2.730827286134142,2.47,7.4
23,-9.024999999999999,-1.1452641217381583,1.83,9.44
23,7.825000000000001,-0.685710077881378,1.92,7.83
23,-12.084999999999999,1.3253269733219355,3.06,5.58
23,1.2850000000000006,1.395214052170446,2.35,8.34
23,9.745000000000001,3.174187369253894,1.38,5.48
23,-1.255,3.215804069809309,2.54,5.81
23,-3.775,3.511572227309056,2.52,7.3
23,-7.154999999999999,3.6530903851103833,3.38,7.68
23,5.355,4.6691727138658585,2.47,6.85
23,3.6350000000000007,6.179668137342494,1.72,6.61
23,-3.7749999999999995,10.811572227309057,7.41,2.64
24,-4.15,-13.517288929367457,8.3,3.12
24,-6.23,-12.693569238003944,2.08,9.33
24,-10.73,-9.209055326145023,4.5,6.86
24,-12.74,-6.134492644057861,2.01,9.34
24,-13.82,-2.9911870553343882,1.08,5.83
24,4.15,-11.381893515579911,4.24,7.12
24,8.39,-6.514376409143088,4.16,7.2
24,12.55,-3.7633362857974837,1.08,7.08
24,-4.15,-10.397288929367456,8.21,3.14
24,-4.15,-7.257288929367455,8.16,3.14
24,4.040000000000001,-4.261893515579911,4.35,5.96
24,-3.9999999999999982,-4.117288929367454,8.04,3.21
24,-6.23,-3.3635692380039437,2.23,9.11
24,-10.73,-2.349055326145023,4.5,5.76
24,-4.0,-0.9072889293674544,8.04,1.48
24,-4.0,0.5727110706325456,8.04,1.31
24,8.39,0.6856235908569124,4.12,5.9
24,4.15,1.698106484420089,4.24,5.95
24,-3.9299999999999997,1.8827110706325456,8.08,3.16
24,-13.05,3.410944673854977,6.82,1.91
24,-3.9399999999999995,5.042711070632546,8.09,3.1
24,-11.8,5.320944673854977,5.57,2.34
24,-6.1899999999999995,5.746430761996056,2.25,6.37
24,4.15,7.648106484420089,6.42,1.68
24,-3.9399999999999995,8.142711070632545,8.09,3.0
24,-3.9399999999999995,11.142711070632545,9.44,1.77
25,-3.675,-13.654082722760984,7.35,4.01
25,-7.605,-11.920720406082847,3.93,7.37
25,-11.085,-8.778517813389684,3.48,7.82
25,-13.375,-4.587916193654807,2.29,8.92
25,3.675,-12.19025738038373,3.49,7.74
25,7.164999999999999,-9.82915942489489,3.0,8.21
25,10.165,-7.947740244874643,1.53,9.64
25,11.694999999999999,-5.260605953690132,1.43,9.71
25,-3.6750000000000003,-9.644082722760984,7.35,3.7
25,-3.5450000000000004,-5.944082722760984,7.22,3.96
25,-7.605,-4.550720406082847,4.06,6.51
25,3.724999999999999,-4.45025738038373,3.44,7.03
25,-3.545000000000001,-1.9840827227609843,7.27,2.83
25,7.164999999999999,-1.6191594248948888,3.0,7.37
25,-11.085,-0.9585178133896832,3.46,6.94
25,-3.545000000000001,0.8459172772390158,7.27,2.49
25,10.165,1.6922597551253578,1.49,6.01
25,-7.625000000000001,1.9592795939171532,3.96,7.17
25,3.8249999999999984,2.57974261961627,3.34,6.96
25,-3.665000000000001,3.335917277239016,7.49,2.79
25,7.164999999999998,5.750840575105111,1.78,5.13
25,-3.665000000000001,6.125917277239016,7.49,2.28
25,-3.665000000000001,8.405917277239016,7.49,2.25
25,-8.945,9.129279593917154,5.28,1.7
25,-3.665,10.655917277239016,9.3,1.83
25,-3.476698374820717,12.485917277239016,6.65,1.22
26,-1.97,-14.002096271630188,3.94,7.24
26,-4.25,-13.486181816956199,2.28,8.86
26,-8.45,-11.337420341506263,4.2,6.92
26,-11.59,-8.100092592063378,3.14,7.98
26,-13.29,-4.828612637186798,1.7,9.41
26,1.9699999999999998,-12.751764583774278,4.14,6.97
26,6.109999999999999,-11.590064710777073,1.99,9.12
26,8.099999999999998,-9.936599015759871,1.96,9.15
26,10.059999999999999,-6.903911934548417,2.28,8.81
26,12.339999999999998,-4.07529140062402,1.2,8.04
26,-1.9700000000000002,-6.762096271630188,3.94,5.7
26,1.9699999999999998,-5.781764583774279,4.07,7.0
26,-4.24,-4.6261818169561995,2.27,7.34
26,-8.350000000000001,-4.417420341506263,4.11,6.76
26,6.04,-2.4700647107770735,2.05,8.91
26,-1.9700000000000002,-1.062096271630188,3.93,6.5
26,8.09,-0.7865990157598706,1.97,8.79
26,-11.59,-0.12009259206337752,3.17,7.84
26,2.049999999999999,1.2182354162257214,3.99,7.1
26,10.06,1.9060880654515833,1.95,5.41
26,-8.42,2.3425796584937366,4.11,6.71
26,-4.31,2.7138181830438004,2.34,5.87
26,-1.9699999999999998,5.437903728369812,4.0,7.03
26,6.039999999999999,6.439935289222927,1.52,5.4
26,2.0300000000000002,8.318235416225722,1.29,5.42
26,-9.439999999999998,9.052579658493737,7.47,1.39
26,-7.5699999999999985,10.442579658493738,5.6,1.25
26,-3.6099999999999985,12.467903728369812,5.64,1.15
27,-4.645,-13.355282662676968,9.29,1.8
27,-6.484999999999999,-12.56520493267022,1.84,9.23
27,-10.875,-9.03736549000869,4.39,6.65
27,-12.315,-6.948408091066616,1.44,9.56
27,-13.465,-4.316639317802685,1.15,7.67
27,4.645,-11.494536745776232,3.59,7.41
27,8.235,-10.3212099581396,1.43,9.57
27,9.665,-7.550998278373532,2.29,8.7
27,11.954999999999998,-4.702911332355746,1.38,9.27
27,-4.645,-11.555282662676968,9.29,1.47
27,-4.645,-10.085282662676967,9.16,1.82
27,-4.645,-8.265282662676967,9.16,1.77
27,-4.645,-6.495282662676967,9.07,1.85
27,-4.645,-4.645282662676967,9.25,1.65
27,4.674999999999999,-4.084536745776232,3.56,7.25
27,-6.485,-3.3352049326702193,1.84,8.08
27,-4.6450000000000005,-2.9952826626769675,9.07,1.41
27,-10.875,-2.3873654900086905,4.39,6.58
27,-4.6450000000000005,-1.5852826626769676,8.93,1.99
27,8.235,-0.751209958139599,1.43,7.3
27,-4.6450000000000005,0.4047173373230324,8.85,1.99
27,9.665,1.1490017216264672,2.22,6.38
27,-4.6450000000000005,2.3947173373230326,8.8,2.02
27,4.2749999999999995,3.165463254223768,3.96,6.75
27,-12.865,4.19263450999131,6.38,1.53
27,-4.525000000000001,4.414717337323033,8.8,1.79
27,-6.485,4.744795067329781,1.96,7.59
27,-12.004999999999999,5.72263450999131,5.52,1.17
27,-4.525,6.204717337323033,8.59,2.16
27,-4.525,8.364717337323032,8.58,2.05
27,-4.525,10.414717337323033,8.81,1.78
27,-4.525,12.194717337323032,6.69,1.18
28,-1.58,-14.051448323927325,3.16,7.8
28,-4.859999999999999,-13.278554138158267,3.28,7.56
28,-7.779999999999999,-11.80725200882915,2.92,7.92
28,-12.57,-6.47570073428351,4.79,5.99
28,-13.85,-2.8490524740692336,1.28,5.21
28,1.58,-13.444523048438722,2.8,7.98
28,4.38,-10.77190790900108,4.78,5.97
28,9.16,-4.660160941426807,4.19,6.55
28,-1.5799999999999996,-6.251448323927325,3.16,7.05
28,-4.77,-5.718554138158267,3.19,7.44
28,1.5800000000000005,-5.464523048438721,2.8,5.57
28,4.380000000000001,-4.80190790900108,4.78,5.74
28,-7.76,-3.887252008829151,2.99,7.42
28,-12.48,-0.48570073428351,4.72,5.17
28,1.6100000000000008,0.10547695156127901,2.77,7.83
28,-1.4899999999999993,0.798551676072675,3.1,7.34
28,4.380000000000001,0.9380920909989205,4.71,5.04
28,-4.459999999999999,1.7214458618417332,2.97,6.88
28,9.09,1.8898390585731928,2.85,5.65
28,-7.749999999999999,3.532747991170849,3.29,6.64
28,-9.69,4.68429926571649,1.94,5.3
28,4.380000000000001,5.978092090998921,3.51,5.64
28,1.6900000000000008,7.935476951561279,2.69,5.3
28,-1.209999999999999,8.138551676072675,2.9,5.85
28,-8.219999999999999,10.172747991170848,7.01,1.26
29,-1.3,-14.080113635905075,2.6,8.03
29,-5.460000000000001,-13.04331246271437,4.16,6.46
29,-8.200000000000001,-11.519531240462868,2.74,7.85
29,-11.98,-7.511271530173835,3.78,6.77
29,-13.4,-4.514377033434404,1.42,8.86
29,1.2999999999999998,-13.710142231209712,2.16,8.39
29,3.46,-11.917529106320655,4.15,6.39
29,7.610000000000001,-8.513254371860388,3.68,6.86
29,11.290000000000001,-5.515360369005817,1.73,8.81
29,-5.460000000000001,-6.58331246271437,4.11,6.3
29,-1.3500000000000005,-6.050113635905076,2.65,7.85
29,3.580000000000001,-5.527529106320656,4.03,5.9
29,1.2999999999999994,-5.3201422312097115,2.27,6.22
29,-8.110000000000001,-3.6695312404628684,2.65,7.68
29,7.610000000000001,-1.6532543718603874,3.68,6.84
29,-11.98,-0.7412715301738357,3.57,6.95
29,-5.460000000000001,-0.2833124627143704,3.98,5.9
29,3.5699999999999994,0.3724708936793446,4.04,5.63
29,1.4499999999999993,0.8998577687902882,2.12,8.39
29,-1.4600000000000009,1.7998863640949239,2.91,7.45
29,-8.41,4.010468759537131,2.89,7.25
29,-5.52,5.61668753728563,4.06,5.42
29,3.5699999999999994,6.0024708936793445,8.33,1.61
29,3.5699999999999994,7.612470893679345,7.26,1.45
29,3.5699999999999994,9.062470893679345,5.32,1.9
29,-1.46,10.962470893679345,8.4,1.3
29,-3.9658080942258143,12.262470893679346,7.86,1.31
30,-2.945,-13.829915943345426,5.89,4.61
30,-7.775,-11.810545076329035,4.83,5.61
30,-11.395,-8.372190573559587,3.62,6.82
30,-13.415,-4.469605687306211,2.02,8.39
30,2.9449999999999994,-13.131244228937334,2.3,8.13
30,5.244999999999999,-11.946144775616945,2.32,8.09
30,7.564999999999999,-8.65074418764074,3.62,6.78
30,11.184999999999999,-5.134099239399259,1.99,8.39
30,-2.9050000000000002,-9.219915943345427,5.85,4.19
30,-7.7749999999999995,-6.200545076329035,4.12,5.43
30,-3.6549999999999994,-5.029915943345427,6.41,3.92
30,2.755000000000001,-5.001244228937333,2.43,6.54
30,5.1850000000000005,-3.8561447756169454,2.33,8.02
30,7.515000000000001,-1.8707441876407396,3.61,6.51
30,-11.395,-1.552190573559587,3.62,6.01
30,-3.6549999999999994,-1.1099159433454266,6.41,2.61
30,-7.7749999999999995,-0.7705450763290349,4.01,5.58
30,-3.7649999999999997,1.5000840566545732,6.47,3.47
30,2.705,1.5387557710626671,2.44,5.86
30,5.145,4.163855224383054,2.3,7.39
30,-10.195,4.457809426440413,2.42,5.33
30,7.444999999999999,4.63925581235926,2.43,5.48
30,-7.775,4.809454923670965,3.89,5.91
30,-3.8850000000000002,4.970084056654573,6.53,3.46
30,2.7249999999999996,7.3987557710626675,2.42,5.3
30,-3.715000000000001,8.430084056654573,6.44,3.05
30,-5.954999999999998,11.480084056654572,8.68,1.28
31,-3.8,-13.619823787406355,7.6,2.77
31,-5.420000000000001,-13.05998468605534,1.62,8.72
31,-7.770000000000001,-11.813835109734688,2.35,7.89
31,-11.150000000000002,-8.695809335536282,3.38,6.83
31,-13.050000000000002,-5.443996693606633,1.9,8.27
31,3.8,-12.103863019713996,3.51,6.67
31,7.3100000000000005,-9.091243039320862,3.52,6.62
31,10.83,-6.571849054870328,1.69,8.43
31,12.52,-3.420701682403781,1.2,6.45
31,-3.8000000000000007,-10.849823787406356,7.6,1.4
31,-3.8000000000000007,-9.449823787406356,7.56,2.15
31,-3.8000000000000007,-7.299823787406355,7.53,1.91
31,3.7400000000000007,-5.433863019713996,3.57,6.36
31,-3.58,-5.389823787406355,7.32,2.6
31,-5.4,-4.33998468605534,1.82,7.98
31,-7.75,-3.9238351097346884,2.35,7.18
31,-3.58,-2.789823787406355,7.32,1.65
31,7.3100000000000005,-2.4712430393208615,3.52,5.42
31,-11.150000000000002,-1.865809335536282,3.4,5.62
31,-3.58,-1.139823787406355,7.19,2.84
31,3.7200000000000006,0.926136980286004,3.59,6.22
31,-3.4299999999999997,1.7001762125936448,7.15,2.58
31,7.3100000000000005,2.9487569606791384,5.17,2.45
31,-7.750000000000002,3.2561648902653113,2.35,7.16
31,-5.400000000000002,3.6400153139446605,1.97,6.95
31,-10.580000000000002,3.754190664463718,2.83,5.53
31,-3.4300000000000024,4.280176212593645,6.99,2.77
31,-3.4300000000000024,7.0501762125936445,6.94,2.81
31,3.509999999999998,7.146136980286004,7.56,1.62
31,3.509999999999998,8.766136980286003,5.83,1.85
31,-3.4300000000000024,9.860176212593645,6.94,2.16
31,-4.5434327326033275,12.020176212593643,8.52,1.37
32,-1.68,-14.039843303968889,3.36,6.75
32,-3.3199999999999994,-13.744715348089244,1.64,8.46
32,-5.390000000000001,-13.07239457788817,2.07,8.01
32,-7.03,-12.268606277813305,1.64,8.25
32,-9.05,-10.864488022912077,2.02,7.84
32,-10.370000000000001,-9.612632313783774,1.32,8.53
32,-12.56,-6.495075057303033,2.19,7.65
32,1.68,-13.789224053586192,1.45,8.34
32,3.1299999999999994,-13.36740438529485,1.48,8.27
32,4.609999999999999,-11.898319209031165,3.03,6.67
32,7.639999999999999,-9.82398595275869,2.53,7.17
32,10.169999999999998,-7.414715099044605,1.87,7.8
32,12.04,-4.205900616990374,1.46,7.95
32,-1.6799999999999995,-7.289843303968889,3.34,5.59
32,1.6600000000000004,-5.449224053586192,1.47,7.93
32,-3.3200000000000007,-5.284715348089243,1.64,6.71
32,4.639999999999999,-5.228319209031165,3.0,6.4
32,3.1300000000000003,-5.097404385294851,1.51,6.74
32,-5.390000000000001,-5.0623945778881705,2.07,7.09
32,-7.030000000000001,-4.018606277813305,1.64,6.37
32,-9.05,-3.0244880229120774,2.02,5.75
32,7.639999999999999,-2.65398595275869,2.53,6.9
32,-1.4200000000000002,-1.6998433039688887,3.08,6.23
32,-10.34,-1.0826323137837743,1.29,7.79
32,10.169999999999998,0.38528490095539514,1.87,6.94
32,-12.27,1.154924942696967,1.93,5.63
32,4.679999999999999,1.1716807909688356,2.96,6.32
32,-3.3200000000000007,1.425284651910757,1.9,7.1
32,3.1300000000000003,1.642595614705149,1.55,6.93
32,-5.3900000000000015,2.0276054221118294,2.07,6.02
32,-7.000000000000002,2.351393722186695,1.61,5.94
32,1.6700000000000004,2.4807759464138073,1.46,7.09
32,-9.030000000000001,2.7255119770879226,2.03,6.58
32,7.639999999999999,4.24601404724131,2.19,5.9
32,-1.3799999999999994,4.530156696031112,3.05,6.14
32,-6.889999999999999,8.525284651910756,5.51,3.47
32,1.6700000000000004,9.570775946413807,5.97,1.89
32,-1.379999999999999,11.460775946413808,7.29,1.22
33,-3.975,-13.569781685789938,7.95,1.72
33,-6.8149999999999995,-12.389325042148181,2.84,6.7
33,-8.674999999999999,-11.16619787573192,1.86,7.68
33,-10.485,-9.487063560449041,1.81,7.7
33,-13.174999999999999,-5.134099239399259,2.69,6.81
33,3.975,-12.36168981167219,2.89,6.58
33,6.865,-11.2584001971861,1.69,7.78
33,8.555,-6.638100255344148,3.93,5.53
33,12.485,-3.359966517690323,1.25,6.48
33,-3.9749999999999996,-11.849781685789937,7.78,1.36
33,-3.9749999999999996,-10.489781685789938,7.48,1.89
33,-3.9749999999999996,-8.599781685789937,7.21,2.12
33,-3.9749999999999996,-6.479781685789937,7.33,1.87
33,3.4050000000000002,-5.781689811672189,3.46,6.0
33,-6.814999999999999,-5.689325042148181,2.83,6.22
33,-3.9849999999999985,-4.609781685789937,7.26,1.93
33,-8.674999999999999,-3.4861978757319196,1.86,6.13
33,6.865,-3.4784001971861,1.69,7.33
33,-3.9849999999999985,-2.679781685789937,7.23,1.78
33,-10.485,-1.7870635604490408,1.81,5.57
33,8.555,-1.108100255344148,3.55,5.84
33,-3.9849999999999985,-0.899781685789937,7.23,1.77
33,3.3149999999999995,0.2183101883278109,3.55,5.84
33,-6.814999999999999,0.5306749578518186,2.83,5.79
33,-3.9849999999999985,0.870218314210063,7.2,1.72
33,-3.9849999999999985,2.590218314210063,6.8,2.57
33,-8.674999999999999,2.6438021242680803,1.86,5.74
33,-10.444999999999999,3.7829364395509595,1.77,5.66
33,6.864999999999999,3.8515998028139,1.66,6.82
33,-3.9849999999999985,5.160218314210063,6.87,2.11
33,3.2549999999999994,6.058310188327811,3.61,5.31
33,-6.814999999999999,6.320674957851819,2.81,5.94
33,-4.004999999999999,7.270218314210062,6.54,2.16
33,-4.004999999999999,9.430218314210062,6.62,1.93
33,-4.004999999999999,11.360218314210062,6.92,1.42
34,-3.16,-13.782380055708812,6.32,2.91
34,-4.83,-13.289495851987764,1.67,7.5
34,-7.720000000000001,-11.846569123590172,2.89,6.23
34,-10.3,-9.687600322061186,2.58,6.47
34,-13.22,-5.017090790488049,2.92,6.1
34,3.16,-12.78506941709743,2.88,6.1
34,6.039999999999999,-11.091740170054473,2.73,6.05
34,8.77,-8.446537752239081,2.57,6.17
34,11.34,-3.380340219563707,2.39,6.25
34,-3.16,-10.872380055708811,6.17,2.39
34,-3.16,-8.482380055708811,6.2,2.12
34,3.399999999999999,-6.685069417097431,2.64,5.82
34,-3.080000000000002,-6.362380055708811,6.48,2.13
34,-4.750000000000002,-5.789495851987764,1.67,6.22
34,-7.440000000000001,-5.616569123590171,2.69,5.3
34,6.039999999999999,-5.0417401700544735,2.56,5.85
34,-3.080000000000002,-4.232380055708811,6.41,1.91
34,-10.3,-3.2176003220611866,2.58,5.59
34,-3.080000000000002,-2.322380055708811,6.36,1.89
34,8.84,-2.276537752239081,2.5,5.84
34,3.4699999999999993,-0.8650694170974305,2.57,5.66
34,-3.070000000000001,-0.4323800557088109,6.54,1.56
34,-7.720000000000001,-0.3165691235901713,2.54,5.65
34,-5.180000000000001,0.43050414801223535,2.1,5.86
34,6.039999999999999,0.8082598299455261,2.36,6.01
34,-12.31,1.0829092095119508,2.01,5.85
34,-3.0800000000000005,1.1276199442911892,6.39,1.5
34,-10.3,2.3723996779388132,1.98,6.16
34,-3.0800000000000005,2.6276199442911894,6.41,1.37
34,8.399999999999999,3.563462247760919,1.82,6.15
34,-3.0800000000000005,3.9976199442911895,6.24,1.9
34,4.209999999999999,4.79493058290257,1.83,6.25
34,-8.32,5.333430876409829,2.01,5.93
34,-2.740000000000001,5.89761994429119,6.95,1.27
34,-6.3100000000000005,6.290504148012236,1.96,5.98
34,-4.3500000000000005,7.167619944291189,5.91,1.99
34,2.3099999999999983,7.167619944291189,1.9,5.68
