Instance: CBPP
Bin radius: 14.14
Rotate enable: true
Bin num: 9
Lower bound: 8
Opt: false
Gap: 0.1111111111111111
Bin id,X coordinate of lower left corner,Y coordinate of lower left corner,Item's width,Item's height
1,-2.405,-13.933971974996936,4.81,9.62
1,-12.145,-7.241448404842778,9.74,4.74
1,-13.375,-4.587916193654807,1.23,9.16
1,-10.905,-8.861448404842779,8.5,1.62
1,-9.965,-9.891448404842778,7.56,1.03
1,-8.524999999999999,-11.241448404842778,6.12,1.35
1,2.4049999999999994,-7.828727546670662,9.37,4.86
1,2.405,-9.368727546670662,8.03,1.54
1,2.405,-10.588727546670663,6.82,1.22
1,2.405,-11.648727546670663,5.4,1.06
1,11.774999999999999,-4.616965995109781,1.59,8.83
1,-2.4049999999999994,-4.313971974996937,4.7,9.53
1,2.295000000000001,-2.968727546670662,9.29,4.51
1,-12.045,-2.501448404842778,9.64,4.53
1,2.295000000000001,1.5412724533293378,9.24,4.34
1,-12.055,2.0285515951572224,9.65,3.84
1,-2.4049999999999994,5.216028025003062,4.7,6.27
1,-11.645,5.868551595157222,9.24,2.04
1,2.295000000000001,5.881272453329338,9.89,1.28
1,2.295000000000001,7.161272453329338,8.8,1.18
1,-10.604999999999999,7.908551595157222,8.2,1.36
1,2.295000000000001,8.341272453329339,7.83,1.39
1,-9.454999999999998,9.268551595157222,7.05,1.02
1,2.295000000000001,9.731272453329339,6.53,1.17
1,-6.365769106073301,11.486028025003062,9.61,1.14
1,-3.476261753353831,12.626028025003063,6.63,1.08
2,-2.32,-13.94837624958547,4.64,9.8
2,-10.89,-9.019284894047864,8.57,4.97
2,-13.21,-5.04336197392176,2.32,9.94
2,-9.14,-10.559284894047863,6.82,1.54
2,2.3200000000000003,-8.486666012045013,8.99,4.6
2,2.32,-9.856666012045014,7.63,1.37
2,2.32,-11.566666012045015,5.58,1.71
2,11.309999999999999,-4.141159257985623,2.21,8.26
2,-2.17,-4.1483762495854695,4.49,8.73
2,-10.89,-4.049284894047864,8.72,2.39
2,2.3200000000000003,-3.886666012045014,8.85,4.44
2,-10.89,-1.6592848940478642,8.72,2.2
2,-10.89,0.540715105952136,8.7,4.25
2,2.3200000000000003,0.5533339879549866,8.87,3.95
2,2.3200000000000003,4.503333987954987,9.51,2.96
2,-2.1799999999999997,4.581623750414531,4.5,7.02
2,-10.81,4.7907151059521365,8.63,3.97
2,2.3200000000000003,7.463333987954987,8.62,1.2
2,2.3200000000000003,8.663333987954987,7.93,1.07
2,-9.92,8.760715105952137,7.74,1.28
2,2.3200000000000003,9.733333987954987,5.36,1.78
2,-7.64,10.040715105952136,5.46,1.56
2,-3.6841239090342714,11.601623750414529,7.15,2.05
3,-4.18,-13.508042049090609,8.36,4.77
3,-12.35,-6.886007551549739,8.17,4.84
3,-13.59,-3.90531688855079,1.24,7.06
3,-10.7,-9.206007551549739,6.52,2.32
3,4.18,-6.93953888958049,8.14,4.85
3,4.18,-9.319538889580489,6.33,2.38
3,12.32,-3.460563537922687,1.39,6.91
3,-4.18,-8.738042049090609,8.17,4.71
3,-4.18,-4.028042049090609,8.14,4.55
3,4.17,-2.0895388895804903,8.15,4.22
3,-12.35,-2.0460075515497396,8.15,4.09
3,-4.130000000000001,0.5219579509093908,8.3,3.77
3,-12.280000000000001,2.0439924484502603,8.15,3.5
3,4.17,2.1304611104195095,7.93,3.54
3,-4.130000000000001,4.29195795090939,8.3,2.81
3,-12.25,5.54399244845026,8.12,1.07
3,4.17,5.6704611104195095,7.75,1.03
3,-11.89,6.613992448450261,7.76,1.01
3,4.17,6.70046111041951,7.13,1.63
3,-4.040000000000001,7.101957950909391,8.21,3.14
3,-10.580000000000002,7.62399244845026,6.54,1.71
3,4.17,8.33046111041951,5.08,1.87
3,-5.141898845706214,10.241957950909391,9.47,2.93
4,-2.01,-13.996410254061576,4.02,9.75
4,-11.06,-8.809994324629272,9.05,4.32
4,-13.23,-4.990661278828688,2.17,9.61
4,-8.94,-10.789994324629273,6.93,1.98
4,2.01,-8.65720509171407,9.17,4.25
4,2.01,-10.07720509171407,7.27,1.42
4,11.18,-4.42433045782071,2.25,8.59
4,-11.06,-4.489994324629272,8.81,3.88
4,2.0299999999999994,-4.40720509171407,9.15,3.81
4,-2.25,-4.246410254061576,4.28,7.67
4,-11.06,-0.6099943246292723,8.56,3.11
4,2.0300000000000002,-0.5972050917140703,9.15,2.89
4,2.1200000000000028,2.29279490828593,9.06,3.41
4,-11.06,2.5000056753707276,8.66,2.77
4,-2.2499999999999973,3.4235897459384237,4.37,6.62
4,-11.639999999999997,5.270005675370728,9.39,2.44
4,2.1200000000000028,5.70279490828593,9.37,2.4
4,-9.809999999999995,7.710005675370727,7.56,2.47
4,2.1200000000000028,8.10279490828593,7.34,2.23
4,-6.439999999999996,10.180005675370728,8.56,2.3
5,-2.44,-13.927885697405763,4.88,7.55
5,-11.83,-7.745366356732263,9.39,3.82
5,-13.74,-3.3394610343586906,1.91,6.52
5,-9.6,-9.965366356732263,7.16,2.22
5,2.4400000000000004,-10.41854116467368,7.12,4.82
5,9.56,-5.608850149540458,3.42,9.95
5,-2.4399999999999995,-6.377885697405763,4.84,6.52
5,2.49,-5.59854116467368,7.07,4.71
5,-11.83,-3.925366356732263,8.83,2.98
5,-11.83,-0.9453663567322632,8.51,3.06
5,2.5600000000000005,-0.88854116467368,7.0,3.78
5,-3.26,0.14211430259423619,5.82,4.87
5,-11.64,2.114633643267737,8.38,3.03
5,2.5600000000000005,2.8914588353263198,6.8,5.0
5,-3.2299999999999995,5.012114302594236,5.79,4.56
5,-12.1,5.144633643267737,8.87,2.13
5,-9.440000000000001,7.2746336432677365,6.21,3.08
5,2.5600000000000005,7.89145883532632,6.58,2.1
5,-3.2300000000000013,9.572114302594237,5.79,2.05
5,-4.26288563437772,11.622114302594238,6.32,1.86
6,-3.66,-13.658111143199854,7.32,4.63
6,-13.09,-5.347102018850961,9.43,3.53
6,-11.01,-8.697102018850961,7.35,3.35
6,3.66,-8.324343817983493,7.77,4.24
6,3.66,-10.934343817983493,5.3,2.61
6,11.43,-3.90531688855079,2.16,7.66
6,-3.66,-9.028111143199855,7.3,4.18
6,-3.66,-4.848111143199855,7.25,4.09
6,3.59,-4.084343817983493,7.84,2.85
6,-13.42,-1.8171020188509615,9.76,3.32
6,3.76,-1.234343817983493,7.67,4.1
6,-3.6100000000000003,-0.7581111431998551,7.37,4.0
6,-13.17,1.5028979811490384,9.56,3.19
6,3.9799999999999995,2.8656561820165067,7.45,3.94
6,-3.420000000000001,3.241888856800145,7.4,3.77
6,-11.690000000000001,4.692897981149038,8.27,3.05
6,3.9799999999999995,6.805656182016507,6.5,2.44
6,-3.4000000000000004,7.0118888568001445,7.38,3.02
6,-9.600000000000001,7.742897981149038,6.2,2.32
6,-3.4000000000000012,10.031888856800144,8.94,2.79
7,-2.495,-13.91813834533915,4.99,6.26
7,-8.755,-11.10358388089179,6.26,4.86
7,-11.845,-7.722407331914058,3.09,9.84
7,-13.665000000000001,-3.6341952341612007,1.82,6.33
7,2.495000000000001,-11.056010808605425,6.32,4.72
7,8.815000000000001,-6.3279992888748,3.83,7.78
7,-2.495000000000001,-7.65813834533915,4.57,6.42
7,2.2250000000000014,-6.336010808605425,6.59,4.29
7,-8.755,-6.24358388089179,6.07,4.76
7,2.285000000000001,-2.046010808605425,6.53,4.25
7,-8.755,-1.48358388089179,6.17,4.09
7,-2.585000000000001,-1.2381383453391503,4.53,5.61
7,8.815000000000001,1.4520007111252005,3.44,5.0
7,-11.845,2.1175926680859423,3.0,5.22
7,1.9650000000000016,2.203989191394575,6.85,3.23
7,-8.845,2.60641611910821,6.09,3.78
7,-2.755000000000001,4.37186165466085,4.6,5.35
7,1.8449999999999989,5.433989191394575,6.86,2.95
7,-8.685,6.38641611910821,5.93,4.05
7,1.8449999999999989,8.383989191394576,6.51,2.86
7,-5.865000000000001,10.436416119108209,7.71,2.4
8,-2.17,-13.972497987117407,4.34,6.28
8,-8.469999999999999,-11.322486476035202,6.3,4.27
8,-12.09,-7.332905290537988,3.62,7.11
8,2.17,-10.78040351749414,6.98,3.62
8,9.15,-6.297936169889309,3.51,6.98
8,-2.169999999999999,-7.692497987117407,4.2,5.68
8,2.6400000000000023,-7.16040351749414,6.51,3.3
8,-8.469999999999999,-7.052486476035202,6.3,3.72
8,2.9200000000000017,-3.86040351749414,6.23,3.57
8,-8.469999999999999,-3.332486476035202,6.25,2.75
8,-2.1099999999999985,-2.012497987117407,5.03,4.46
8,-7.939999999999999,-0.5824864760352022,5.83,3.7
8,2.9200000000000017,-0.29040351749413995,6.08,2.8
8,-13.719999999999999,-0.22290529053798736,5.78,3.29
8,9.000000000000002,0.6820638301106916,3.8,5.31
8,-2.1099999999999985,2.447502012882593,5.02,3.08
8,3.0999999999999996,2.50959648250586,5.9,3.45
8,-11.189999999999998,3.0670947094620127,3.25,5.54
8,-7.939999999999998,3.117513523964798,5.65,4.2
8,-2.2899999999999974,5.527502012882593,5.36,4.09
8,3.070000000000003,5.9595964825058605,5.86,3.43
8,-7.939999999999998,7.317513523964799,5.65,3.18
8,-2.2899999999999974,9.617502012882593,9.8,2.26
9,-14.06851804562229,-1.42,8.49,2.84
9,-13.585771969233107,-3.92,8.91,2.5
9,-12.775601747080254,-6.0600000000000005,8.73,2.14
9,-10.78040351749414,-9.15,7.71,3.09
9,-7.0623721227361,-12.25,7.46,3.1
9,0.3976278772638997,-12.81901000539834,5.57,4.18
9,5.967627877263899,-2.1367074962977806,8.01,2.84
9,5.9676278772639,-4.956707496297781,7.2,2.82
9,5.9676278772639,-7.706707496297781,5.54,2.75
9,-3.0704035174941398,-9.15,2.9,7.58
9,0.347627877263899,-8.63901000539834,5.62,2.58
9,0.2676278772638989,-6.05901000539834,5.7,2.45
9,0.807627877263899,-3.60901000539834,5.16,4.39
9,-4.6723721227361015,-1.5700000000000003,5.48,3.96
9,5.967627877263899,0.7032925037022193,7.58,2.87
9,0.9576278772638993,0.7809899946016596,5.01,3.02
9,-12.812372122736102,1.42,8.14,2.72
9,-4.6723721227361015,2.3899999999999997,5.46,2.68
9,5.967627877263899,3.5732925037022194,5.36,3.88
9,0.7976278772638992,3.8009899946016596,5.17,3.93
9,-11.922372122736101,4.140000000000001,7.25,2.66
9,-4.572372122736101,5.07,5.37,3.78
9,-9.802372122736102,6.800000000000001,5.23,2.6
9,0.7976278772638992,7.73098999460166,8.35,2.31
