Instance: CBPP
Bin radius: 14.14
Rotate enable: false
Bin num: 43
Lower bound: 38
Opt: false
Gap: 0.11627906976744186
Bin id,X coordinate of lower left corner,Y coordinate of lower left corner,Item's width,Item's height
1,-4.445,-13.423173060048061,8.89,5.0
1,-11.235,-8.585707600425257,6.79,4.98
1,-10.155000000000001,-9.645707600425258,5.71,1.06
1,4.445,-6.465986003696573,8.13,4.97
1,4.445,-7.5659860036965725,7.5,1.1
1,4.445,-8.755986003696572,6.59,1.19
1,4.445,-9.885986003696573,5.41,1.13
1,-4.444999999999999,-8.423173060048061,8.89,3.08
1,-4.444999999999999,-5.343173060048061,8.89,2.78
1,-13.615,-3.605707600425257,9.17,4.93
1,-4.445,-2.563173060048061,8.89,1.72
1,4.445,-1.495986003696573,9.39,4.34
1,-4.445,-0.8431730600480611,8.89,1.3
1,-4.305,0.4568269399519389,8.75,4.76
1,-13.815,1.3242923995747429,9.51,1.56
1,4.445,2.8440139963034268,8.76,1.91
1,-13.305,2.884292399574743,9.0,1.88
1,4.445,4.754013996303427,8.15,1.51
1,-12.775,4.764292399574742,8.47,1.04
1,-4.015000000000001,5.216826939951939,8.46,4.93
1,-11.925,5.804292399574742,7.91,1.41
1,4.445,6.264013996303427,7.61,1.06
1,-11.165000000000001,7.2142923995747426,7.15,1.38
1,4.445,7.324013996303426,6.8,1.08
1,4.445,8.404013996303426,5.56,1.38
1,-9.845,8.594292399574742,5.83,1.35
1,-7.370976027721846,10.14682693995194,8.51,1.92
1,1.1390239722781539,10.14682693995194,7.4,1.12
1,1.1390239722781539,11.26682693995194,5.43,1.05
1,-4.670976027721847,12.06682693995194,5.81,1.22
2,-4.765,-13.312940133569294,9.53,4.99
2,-10.835,-9.085283429811092,6.07,4.96
2,4.765000000000001,-6.581365739723026,7.75,4.95
2,4.765,-8.111365739723025,6.63,1.53
2,4.765,-9.801365739723025,5.34,1.69
2,-4.765000000000001,-8.322940133569293,9.53,2.99
2,-4.765000000000001,-5.332940133569293,9.53,2.93
2,-13.245000000000001,-4.125283429811092,8.48,4.68
2,-4.765000000000001,-2.402940133569293,9.53,1.14
2,4.764999999999999,-1.6313657397230257,9.07,4.5
2,-4.665000000000001,-1.2629401335692931,9.43,4.93
2,-13.845,0.5547165701889076,9.18,2.07
2,-13.195,2.6247165701889075,8.53,2.16
2,4.764999999999999,2.8686342602769743,8.53,1.75
2,-4.665000000000001,3.667059866430707,9.43,4.57
2,4.764999999999999,4.618634260276974,7.87,1.56
2,-12.705,4.784716570188907,8.04,1.33
2,-11.985000000000001,6.114716570188907,7.32,1.38
2,4.764999999999999,6.178634260276974,7.23,1.1
2,4.764999999999999,7.278634260276974,5.95,1.89
2,-11.055,7.494716570188907,6.39,1.28
2,-4.665,8.237059866430707,9.43,1.76
2,-10.035,8.774716570188907,5.37,1.01
2,-4.836697231157482,9.997059866430707,8.76,3.29
3,-3.0,-13.818089592993672,6.0,4.95
3,-12.89,-5.812701609406765,9.89,4.94
3,-12.29,-6.9027016094067655,9.29,1.09
3,-11.58,-8.052701609406766,8.58,1.15
3,-10.809999999999999,-9.062701609406766,7.81,1.01
3,-9.51,-10.342701609406765,6.51,1.28
3,-8.280000000000001,-11.362701609406765,5.28,1.02
3,3.000000000000001,-9.612632313783774,7.37,4.94
3,3.0,-11.042632313783773,5.82,1.43
3,-3.0,-8.868089592993673,6.0,1.89
3,-3.0,-6.9780895929936735,5.87,4.9
3,2.87,-4.672632313783773,9.64,4.89
3,-3.0,-2.078089592993673,5.87,2.91
3,-12.49,-0.8727016094067643,9.49,4.89
3,2.87,0.21736768621622637,9.87,4.88
3,-3.0,0.831910407006327,5.87,3.35
3,-12.4,4.017298390593235,9.4,2.73
3,-3.0,4.1819104070063275,5.87,2.96
3,2.87,5.097367686216226,9.57,1.37
3,2.87,6.467367686216226,8.69,1.66
3,-11.68,6.747298390593235,8.68,1.22
3,-3.0,7.1419104070063275,5.87,1.58
3,-10.18,7.967298390593235,7.18,1.77
3,2.87,8.127367686216227,7.14,1.74
3,-2.9399999999999995,8.721910407006327,5.81,4.63
3,-8.66,9.737298390593235,5.72,1.39
3,2.87,9.867367686216227,5.96,1.14
4,-3.665,-13.656770299012868,7.33,4.94
4,-9.674999999999999,-10.311836645331423,6.01,4.94
4,3.665,-9.025318553934815,7.22,4.92
4,3.665,-10.025318553934815,6.12,1.0
4,-3.664999999999999,-8.716770299012868,7.33,4.22
4,-12.825,-5.371836645331423,9.16,4.81
4,-3.664999999999999,-4.496770299012868,7.33,2.47
4,3.665000000000001,-4.105318553934815,9.6,4.88
4,-3.4449999999999994,-2.026770299012868,7.11,4.77
4,-13.245000000000001,-0.5618366453314234,9.8,4.72
4,3.665000000000001,0.774681446065185,9.49,4.1
4,-3.4450000000000003,2.7432297009871314,7.11,4.69
4,-13.095,4.158163354668576,9.65,1.1
4,3.665,4.874681446065185,8.79,1.69
4,-12.365,5.258163354668577,8.92,1.34
4,3.665,6.564681446065185,8.07,1.31
4,-11.715,6.598163354668577,8.27,1.26
4,-3.4450000000000003,7.433229700987132,7.11,4.61
4,-10.475000000000001,7.8581633546685765,7.03,1.24
4,3.665,7.8746814460651855,6.69,1.74
4,-9.615,9.098163354668577,6.17,1.25
4,3.665,9.614681446065186,5.36,1.19
4,-4.4448289499751175,12.043229700987133,8.68,1.38
5,-3.215,-13.76965413508996,6.43,2.03
5,-8.395,-11.37820614156731,5.18,4.9
5,-13.704999999999998,-3.4803124859701966,5.31,4.87
5,3.215,-8.624823186593451,7.99,4.89
5,3.215,-9.794823186593451,6.96,1.17
5,3.215,-11.08482318659345,5.53,1.29
5,-3.215,-11.73965413508996,6.43,3.71
5,-3.215,-8.02965413508996,6.43,2.82
5,-10.934999999999999,-6.440312485970196,7.72,2.96
5,-3.214999999999999,-5.209654135089959,6.43,1.03
5,-3.214999999999999,-4.179654135089959,6.42,4.87
5,3.205000000000001,-3.7348231865934514,9.88,4.71
5,-8.395,-3.480312485970196,5.18,3.47
5,-8.395,-0.010312485970195961,5.18,3.99
5,-3.215,0.6903458649100411,6.42,3.59
5,3.205,0.9751768134065486,9.85,4.44
5,-13.645,1.3896875140298035,5.25,2.11
5,-12.375,3.9796875140298043,9.16,2.52
5,-3.215,4.280345864910041,6.42,2.51
5,3.205,5.415176813406549,9.27,1.15
5,-11.815,6.499687514029804,8.6,1.14
5,3.205,6.5651768134065485,8.7,1.05
5,-3.215,6.790345864910041,6.42,1.69
5,3.205,7.615176813406548,7.76,1.21
5,-10.895,7.639687514029804,7.68,1.12
5,-3.0850000000000017,8.48034586491004,6.29,3.59
5,-10.115000000000002,8.759687514029803,7.03,1.12
5,3.2049999999999983,8.825176813406548,6.58,1.27
5,-8.205000000000002,9.879687514029804,5.12,1.53
5,3.2049999999999983,10.095176813406548,5.12,1.3
5,-4.601461882128657,12.07034586491004,9.11,1.3
6,-4.18,-13.508042049090609,8.36,4.88
6,-11.899999999999999,-7.637381750312083,7.72,4.87
6,-10.71,-9.197381750312083,6.53,1.56
6,4.18,-7.114154904133031,8.04,4.85
6,4.18,-8.334154904133031,6.99,1.22
6,4.18,-9.44415490413303,6.32,1.11
6,-4.179999999999999,-8.62804204909061,8.36,4.64
6,-4.179999999999999,-3.98804204909061,8.36,3.75
6,-13.82,-2.767381750312083,9.64,4.66
6,4.180000000000001,-2.264154904133031,9.65,4.41
6,-4.18,-0.2380420490906099,8.36,2.65
6,-13.16,1.8926182496879171,8.98,2.95
6,4.18,2.145845095866969,9.05,2.72
6,-4.18,2.41195795090939,8.36,1.79
6,-4.09,4.2019579509093905,8.27,4.82
6,-12.57,4.842618249687917,8.48,1.63
6,4.18,4.86584509586697,8.31,1.61
6,-11.8,6.472618249687917,7.71,1.1
6,4.18,6.47584509586697,7.64,1.05
6,4.18,7.52584509586697,7.0,1.12
6,-11.14,7.572618249687917,7.05,1.08
6,4.18,8.64584509586697,5.89,1.11
6,-9.39,8.652618249687917,5.3,1.69
6,-4.090000000000001,9.02195795090939,8.27,2.76
6,-4.418382691098859,11.78195795090939,8.68,1.65
7,-3.02,-13.813732297970741,6.04,4.85
7,-8.16,-11.547900242035347,5.14,4.85
7,-13.719999999999999,-3.420701682403781,5.56,2.51
7,3.0199999999999996,-8.734139911863105,8.1,4.82
7,3.02,-9.774139911863106,7.07,1.04
7,3.02,-11.374139911863105,5.22,1.6
7,-3.0200000000000005,-8.963732297970742,6.04,4.38
7,-10.809999999999999,-6.61070168240378,7.79,3.19
7,-3.0199999999999987,-4.583732297970742,6.04,2.63
7,3.0200000000000014,-3.9141399118631046,9.6,4.81
7,-8.16,-3.4207016824037804,5.0,4.69
7,-3.16,-1.9537322979707419,6.18,3.24
7,-14.05,-0.910701682403781,5.89,2.18
7,3.0199999999999996,0.895860088136895,9.47,4.75
7,-13.07,1.26929831759622,9.91,3.92
7,-3.1000000000000005,1.2862677020292583,6.12,4.7
7,-12.430000000000001,5.18929831759622,9.33,1.48
7,3.0199999999999996,5.645860088136895,8.58,2.43
7,-3.1000000000000014,5.9862677020292585,6.12,1.2
7,-11.810000000000002,6.669298317596221,8.71,1.02
7,-3.0700000000000003,7.186267702029259,6.09,4.69
7,-10.879999999999999,7.68929831759622,7.81,1.23
7,3.0199999999999996,8.075860088136896,7.63,1.21
7,-9.54,8.91929831759622,6.47,1.5
7,3.0199999999999996,9.285860088136896,6.31,1.06
7,-4.670839156486831,11.87626770202926,9.23,1.47
8,-3.95,-13.577079951152973,7.9,4.82
8,-11.579999999999998,-8.114382293187822,7.63,4.82
8,-10.59,-9.224382293187821,6.64,1.11
8,-9.29,-10.624382293187821,5.34,1.4
8,3.95,-8.446537752239081,7.39,4.82
8,3.95,-9.696537752239081,6.19,1.25
8,-3.9499999999999984,-8.757079951152972,7.9,1.8
8,-3.9499999999999984,-6.957079951152973,7.66,4.78
8,3.7100000000000017,-3.6265377522390807,9.57,4.74
8,-13.75,-3.2943822931878213,9.8,4.72
8,-3.9499999999999993,-2.1770799511529724,7.66,2.63
8,-3.9499999999999993,0.4529200488470275,7.53,4.73
8,3.580000000000001,1.1134622477609195,9.68,3.5
8,-13.819999999999999,1.4256177068121785,9.87,1.49
8,-13.319999999999999,2.9156177068121787,9.37,1.82
8,3.580000000000001,4.6134622477609195,8.84,1.88
8,-12.59,4.735617706812179,8.64,1.6
8,-3.9499999999999993,5.182920048847028,7.53,2.71
8,-11.11,6.3356177068121795,7.16,2.11
8,3.580000000000001,6.493462247760919,8.15,1.32
8,3.580000000000001,7.81346224776092,6.72,1.82
8,-3.7799999999999994,7.892920048847028,7.36,4.61
8,-9.7,8.445617706812179,5.92,1.84
8,-3.9298706017666136,12.502920048847027,7.25,1.08
9,-3.975,-13.569781685789938,7.95,4.79
9,-10.465,-9.50912062180305,6.49,4.78
9,3.9749999999999996,-7.10555944314028,8.25,4.76
9,3.975,-8.41555944314028,7.18,1.31
9,3.975,-9.68555944314028,6.29,1.27
9,-3.9749999999999996,-8.779781685789938,7.95,3.34
9,-3.8550000000000004,-5.439781685789939,7.83,4.76
9,-13.195,-4.729120621803049,9.34,4.72
9,3.9749999999999996,-2.3455594431402806,9.89,4.57
9,-3.8550000000000004,-0.6797816857899388,7.83,4.39
9,-13.815000000000001,-0.00912062180304929,9.96,2.7
9,3.9749999999999996,2.2244405568597196,9.26,2.5
9,-13.215,2.690879378196951,9.36,2.25
9,-3.8550000000000004,3.710218314210061,7.64,4.71
9,3.7849999999999993,4.72444055685972,8.68,1.94
9,-12.585,4.940879378196951,8.73,1.2
9,-11.825,6.140879378196951,7.97,1.57
9,3.7849999999999993,6.66444055685972,7.29,2.09
9,-10.385000000000002,7.710879378196951,6.53,1.62
9,-3.8550000000000013,8.42021831421006,7.64,4.71
9,3.7849999999999984,8.75444055685972,5.6,1.8
10,-3.335,-13.741083472565037,6.67,4.76
10,-10.195,-9.798039344685241,6.86,4.75
10,3.335000000000001,-10.377069673082088,6.27,4.75
10,-3.335,-8.981083472565038,6.67,2.35
10,-3.335,-6.631083472565038,6.63,4.6
10,3.295,-5.627069673082088,9.3,4.72
10,-13.155000000000001,-5.048039344685241,9.82,4.17
10,-3.335000000000001,-2.0310834725650384,6.53,4.37
10,3.1949999999999994,-0.9070696730820886,9.99,4.55
10,-13.265,-0.8780393446852415,9.93,4.21
10,-3.335000000000001,2.3389165274349617,6.53,2.48
10,-13.185,3.3319606553147585,9.85,1.73
10,3.1949999999999994,3.642930326917911,9.91,1.46
10,-3.1450000000000005,4.818916527434961,6.34,4.69
10,-12.334999999999999,5.061960655314758,9.19,1.75
10,3.1949999999999994,5.102930326917911,9.26,1.42
10,3.1949999999999994,6.522930326917911,7.77,2.39
10,-10.885,6.811960655314758,7.74,2.09
10,-9.405,8.901960655314758,6.26,1.5
10,3.1949999999999994,8.91293032691791,6.39,1.31
10,-3.1449999999999996,9.508916527434963,6.15,4.22
11,-3.625,-13.667442152795088,7.25,4.74
11,-11.875,-7.676195346654488,8.25,4.73
11,-10.335,-9.636195346654489,6.71,1.96
11,3.625,-10.793117019656556,5.51,4.72
11,-3.625,-8.927442152795088,7.25,2.34
11,-3.625,-6.587442152795088,7.08,4.69
11,3.455,-6.073117019656556,8.91,4.71
11,-13.165,-2.9461953466544877,9.54,4.62
11,-3.625,-1.8974421527950875,7.08,4.67
11,3.455,-1.3631170196565563,9.67,4.1
11,-13.115,1.6738046533455124,9.49,3.4
11,3.455,2.7368829803434434,9.66,2.35
11,-3.5250000000000004,2.7725578472049124,6.98,4.69
11,-12.385,5.073804653345512,8.86,1.57
11,3.455,5.086882980343443,9.05,1.13
11,3.455,6.216882980343443,8.22,1.65
11,-11.765,6.643804653345512,8.24,1.02
11,-3.5250000000000004,7.462557847204913,6.98,4.59
11,-10.355,7.663804653345512,6.83,1.92
11,3.455,7.866882980343442,6.92,1.72
11,-4.738043098989164,12.052557847204913,9.26,1.27
12,-3.43,-13.717678375002091,6.86,4.69
12,-9.379999999999999,-10.580888431507065,5.95,4.69
12,3.4299999999999997,-5.900601664237302,9.42,4.68
12,3.43,-7.7806016642373015,8.37,1.88
12,3.43,-9.430601664237301,6.84,1.65
12,-3.429999999999999,-9.02767837500209,6.86,2.91
12,-3.429999999999999,-6.1176783750020896,6.86,2.86
12,-12.75,-5.890888431507064,9.32,4.65
12,-3.4299999999999997,-3.2576783750020897,6.86,1.59
12,-3.25,-1.6676783750020896,6.68,4.48
12,-13.15,-1.2408884315070638,9.9,4.2
12,3.4299999999999997,-1.2206016642373019,9.64,4.22
12,-3.2300000000000004,2.812321624997911,6.66,4.28
12,-13.05,2.9591115684929363,9.82,2.4
12,3.4299999999999997,2.999398335762698,9.77,2.0
12,3.4299999999999997,4.999398335762698,8.96,1.72
12,-12.38,5.359111568492937,9.15,1.12
12,-10.870000000000001,6.479111568492937,7.64,2.19
12,3.4299999999999997,6.719398335762698,7.52,2.15
12,-3.2300000000000013,7.092321624997911,6.66,3.46
12,-10.260000000000002,8.669111568492937,7.03,1.01
12,3.429999999999999,8.869398335762698,5.56,1.84
12,-6.5600000000000005,10.552321624997912,9.99,1.69
12,-4.417276962407211,12.242321624997912,8.68,1.19
13,-4.235,-13.490899710545625,8.47,4.68
13,-12.715,-6.186143790763356,8.48,4.67
13,-11.995,-7.186143790763356,7.76,1.0
13,-11.225,-8.416143790763355,6.99,1.23
13,-9.334999999999999,-10.596143790763355,5.1,2.18
13,4.235000000000001,-10.09111366500249,5.67,4.67
13,-4.234999999999999,-8.810899710545625,8.47,4.07
13,4.235000000000001,-5.4211136650024905,8.52,4.66
13,-4.234999999999999,-4.740899710545625,8.47,2.22
13,-4.084999999999999,-2.5208997105456246,8.32,4.65
13,-13.834999999999999,-1.5161437907633557,9.75,4.08
13,4.235000000000001,-0.7611136650024903,9.65,3.39
13,-4.084999999999999,2.129100289454376,8.32,4.0
13,-13.235,2.5638562092366444,9.15,2.29
13,4.235000000000001,2.62888633499751,9.03,1.82
13,4.235000000000001,4.44888633499751,8.39,1.63
13,-12.534999999999998,4.853856209236644,8.45,1.61
13,4.235000000000001,6.0788863349975095,7.62,1.58
13,-4.084999999999999,6.129100289454376,8.32,3.9
13,-11.264999999999999,6.463856209236645,7.18,1.92
13,4.235000000000001,7.65888633499751,5.73,2.27
13,-9.805,8.383856209236644,5.72,1.8
13,-4.085,10.029100289454377,9.26,3.12
14,-4.08,-13.538581905059333,8.16,4.66
14,-11.64,-8.02807573457052,7.56,4.66
14,-9.93,-9.84807573457052,5.85,1.82
14,4.08,-8.566043427394003,7.17,4.66
14,4.08,-10.476043427394004,5.36,1.91
14,-4.080000000000001,-8.878581905059333,8.16,3.04
14,-4.080000000000001,-5.838581905059333,8.11,4.63
14,4.0299999999999985,-3.9060434273940032,9.44,4.61
14,-13.320000000000002,-3.3680757345705192,9.24,4.61
14,-4.080000000000002,-1.208581905059333,8.11,2.41
14,4.029999999999998,0.7039565726059971,9.83,1.61
14,-3.8800000000000026,1.2014180949406672,7.91,4.41
14,-13.820000000000002,1.241924265429481,9.94,1.65
14,4.029999999999998,2.3139565726059974,9.3,2.31
14,-13.260000000000003,2.891924265429481,9.38,1.85
14,4.029999999999998,4.623956572605998,8.43,2.06
14,-12.480000000000002,4.741924265429481,8.6,1.89
14,-3.8800000000000026,5.611418094940667,7.91,3.23
14,-11.190000000000001,6.631924265429481,7.31,1.87
14,4.029999999999998,6.683956572605998,7.24,1.79
14,4.029999999999998,8.473956572606,5.34,2.1
14,-9.270000000000003,8.50192426542948,5.39,2.1
14,-3.8800000000000034,8.841418094940668,7.67,4.48
15,-3.52,-13.694860349780862,7.04,4.64
15,-9.399999999999999,-10.563124537749237,5.88,4.64
15,3.5200000000000005,-10.979594710188533,5.39,4.64
15,8.91,-2.4279003274434534,5.02,4.48
15,-3.5199999999999987,-9.054860349780864,7.01,4.39
15,3.490000000000001,-6.339594710188533,5.42,4.37
15,-12.67,-5.923124537749238,9.15,4.55
15,-3.5199999999999996,-4.664860349780864,7.01,2.19
15,-3.5199999999999996,-2.474860349780864,6.97,4.37
15,3.46,-1.9695947101885327,5.45,4.44
15,-13.129999999999999,-1.3731245377492378,9.61,4.47
15,-3.5199999999999996,1.8951396502191362,6.98,3.15
15,3.460000000000001,2.4704052898114677,9.67,2.28
15,-13.12,3.096875462250762,9.6,1.88
15,3.460000000000001,4.750405289811468,9.03,1.84
15,-12.42,4.976875462250762,8.9,1.76
15,-3.5199999999999996,5.045139650219136,6.98,2.24
15,3.460000000000001,6.590405289811468,7.59,2.15
15,-10.96,6.736875462250762,7.44,1.91
15,-3.469999999999999,7.285139650219136,6.93,4.21
15,-9.569999999999999,8.646875462250762,6.1,1.68
15,3.460000000000001,8.740405289811468,5.4,2.2
15,-4.499092237121035,11.495139650219137,8.8,1.91
16,-4.125,-13.524939001710877,8.25,4.63
16,-9.815000000000001,-10.17867255588861,5.69,4.63
16,4.125,-10.72489510438214,5.09,4.63
16,-4.125000000000001,-8.894939001710878,8.25,3.27
16,4.124999999999999,-6.09489510438214,8.59,4.45
16,-4.075,-5.624939001710878,8.2,4.6
16,-12.944999999999999,-5.5486725558886105,8.87,4.53
16,4.124999999999999,-1.6448951043821403,9.71,3.84
16,-4.074999999999999,-1.0249390017108784,8.2,4.43
16,-13.825,-1.0186725558886103,9.75,3.83
16,4.125,2.1951048956178596,9.03,2.14
16,-13.135,2.81132744411139,9.06,2.13
16,-4.074999999999999,3.4050609982891213,8.2,3.26
16,4.125,4.33510489561786,8.38,2.09
16,-12.495,4.94132744411139,8.42,1.57
16,4.125,6.42510489561786,7.3,1.65
16,-11.544999999999998,6.51132744411139,7.47,1.47
16,-4.074999999999998,6.665060998289121,8.2,2.29
16,-9.515,7.98132744411139,5.44,2.37
16,4.125000000000001,8.07510489561786,5.16,2.35
16,-4.075,8.95506099828912,8.2,2.18
16,-4.408938191021797,11.13506099828912,8.5,2.3
17,-3.115,-13.792620309426342,6.23,4.62
17,-8.815000000000001,-11.056010808605425,5.7,4.6
17,-13.835,-2.921022937260165,5.02,4.45
17,3.115,-8.585707600425257,8.12,4.59
17,3.115,-9.665707600425257,7.19,1.08
17,-3.115000000000001,-9.172620309426343,6.23,2.92
17,-8.815000000000001,-6.456010808605425,5.7,3.29
17,-3.115000000000001,-6.252620309426343,6.13,4.55
17,3.014999999999999,-3.9957076004252574,9.34,4.38
17,-8.815000000000001,-3.1660108086054253,5.7,2.6
17,-3.115000000000001,-1.7026203094263428,6.13,3.68
17,-8.695,-0.5660108086054252,5.58,4.19
17,3.014999999999999,0.3842923995747425,9.52,4.37
17,-3.115,1.9773796905736574,6.13,3.6
17,-13.055,3.623989191394575,9.94,1.24
17,3.0149999999999997,4.754292399574743,9.35,1.89
17,-12.465,4.863989191394575,9.35,1.61
17,-3.115,5.5773796905736575,6.13,3.92
17,-11.595,6.473989191394575,8.48,1.61
17,3.0149999999999997,6.644292399574742,8.77,1.11
17,3.0149999999999997,7.754292399574743,7.56,1.63
17,-10.545,8.083989191394576,7.43,1.24
17,-8.695,9.323989191394576,5.58,1.63
17,3.0149999999999997,9.384292399574743,5.52,1.56
17,-3.115,9.497379690573657,6.13,2.85
17,-4.5809728894883746,12.347379690573657,9.0,1.03
18,-2.615,-13.896092076551595,5.23,4.59
18,-8.125,-11.572552657041575,5.51,4.58
18,-13.295,-4.81482865738751,5.17,4.55
18,2.6149999999999993,-9.921389771599543,7.46,4.55
18,-2.615,-9.306092076551595,5.23,4.45
18,-9.375,-6.98482865738751,6.76,2.17
18,2.615,-5.371389771599543,9.68,4.02
18,-2.4449999999999994,-4.856092076551595,5.06,4.33
18,-8.125,-4.81482865738751,5.52,4.09
18,2.615,-1.3513897715995435,9.85,3.98
18,-8.125,-0.7248286573875102,5.64,4.03
18,-2.4850000000000003,-0.5260920765515946,5.1,2.96
18,-13.985,-0.26482865738751027,5.86,2.31
18,-13.195,2.04517134261249,5.07,2.81
18,-2.4850000000000003,2.4339079234484053,5.08,3.07
18,2.5949999999999998,2.6286102284004564,9.96,3.87
18,-8.125,3.30517134261249,5.64,3.86
18,-2.4850000000000003,5.503907923448406,5.08,3.42
18,2.5949999999999998,6.498610228400457,8.86,1.75
18,-11.475,7.16517134261249,8.99,1.01
18,-9.995,8.17517134261249,7.51,1.77
18,2.5949999999999998,8.248610228400457,7.54,1.56
18,-2.4849999999999994,8.923907923448406,5.08,2.81
18,-4.561864607444524,11.733907923448406,9.03,1.65
19,-4.48,-13.411532350928436,8.96,4.51
19,-13.620000000000001,-3.7993683685581185,9.14,4.36
19,-13.22,-4.909368368558119,8.74,1.11
19,-11.95,-7.54936836855812,7.47,2.64
19,-10.11,-9.759368368558121,5.63,2.21
19,4.480000000000001,-9.043378793349309,6.39,4.5
19,-4.48,-8.901532350928436,8.88,4.48
19,4.4,-4.543378793349309,8.85,4.14
19,-4.48,-4.421532350928436,8.88,3.72
19,-4.48,-0.7015323509284355,8.88,2.45
19,4.4,-0.40337879334930893,9.58,2.44
19,-13.870000000000001,0.5606316314418818,9.39,1.77
19,-4.48,1.7484676490715647,8.61,4.43
19,4.129999999999999,2.036621206650691,9.33,2.2
19,-13.22,2.330631631441882,8.74,2.25
19,4.129999999999999,4.236621206650691,8.64,1.79
19,-12.76,4.580631631441882,8.28,1.49
19,4.129999999999999,6.026621206650691,7.7,1.68
19,-11.96,6.0706316314418824,7.48,1.34
19,-4.24,6.178467649071564,8.37,4.25
19,-10.7,7.410631631441882,6.46,1.72
19,4.129999999999999,7.7066212066506905,6.75,1.25
19,-4.606915748711609,10.428467649071564,9.2,2.94
20,-4.59,-13.374285027619234,9.18,4.49
20,-12.78,-6.05071896554451,8.19,4.49
20,-11.34,-8.36071896554451,6.75,2.31
20,4.589999999999999,-7.527197353597157,7.38,4.48
20,4.59,-9.697197353597158,5.6,2.17
20,-4.59,-8.884285027619233,9.05,4.31
20,-4.59,-4.574285027619234,9.07,4.19
20,4.48,-3.0471973535971566,9.27,4.41
20,-13.83,-1.5607189655445097,9.24,3.93
20,-4.59,-0.38428502761923333,9.06,4.18
20,4.470000000000001,1.3628026464028435,9.43,1.11
20,-13.19,2.3692810344554904,8.6,2.09
20,4.470000000000001,2.472802646402844,8.82,2.15
20,-4.59,3.7957149723807664,9.06,1.97
20,-12.62,4.45928103445549,8.03,1.86
20,4.470000000000001,4.622802646402844,8.31,1.27
20,-4.59,5.765714972380766,9.02,4.18
20,4.43,5.892802646402844,7.59,1.37
20,-11.309999999999999,6.31928103445549,6.72,1.99
20,4.43,7.262802646402844,6.83,1.25
20,-5.478114197317168,9.945714972380767,8.56,3.09
21,-3.59,-13.676677228040443,7.18,4.44
21,-9.89,-10.105815157620883,6.3,4.43
21,3.589999999999999,-8.631315079407079,7.61,4.42
21,3.59,-10.76131507940708,5.4,2.13
21,-3.5900000000000007,-9.236677228040442,7.18,1.18
21,-3.5600000000000014,-8.056677228040442,7.15,4.33
21,-12.780000000000003,-5.6758151576208835,9.22,4.36
21,3.589999999999999,-4.211315079407079,9.77,3.77
21,-3.5600000000000023,-3.726677228040442,7.15,3.41
21,-13.530000000000003,-1.3158151576208832,9.97,3.73
21,3.589999999999998,-0.44131507940707904,9.79,3.73
21,-3.480000000000002,-0.31667722804044196,7.07,4.3
21,-13.340000000000002,2.414184842379117,9.86,2.24
21,3.589999999999998,3.288684920592921,9.67,1.58
21,-3.480000000000002,3.983322771959558,7.07,3.61
21,-12.380000000000003,4.654184842379117,8.9,1.8
21,3.589999999999998,4.868684920592921,9.16,1.01
21,3.589999999999998,5.878684920592921,8.24,1.67
21,-11.070000000000002,6.454184842379116,7.59,2.32
21,3.589999999999998,7.548684920592921,6.92,1.61
21,-3.480000000000002,7.593322771959558,7.07,2.43
21,-8.590000000000003,8.774184842379116,5.11,2.27
21,-3.480000000000003,10.023322771959558,8.95,2.84
22,-4.105,-13.531022688621878,8.21,4.39
22,-11.815000000000001,-7.768228562548864,7.71,4.39
22,-9.955,-9.898228562548864,5.85,2.13
22,4.105,-7.341142622235314,7.98,4.35
22,4.105,-9.181142622235315,6.48,1.84
22,-3.945000000000001,-9.141022688621877,8.05,4.25
22,-3.8850000000000007,-4.891022688621877,7.99,4.12
22,-13.115000000000002,-3.3782285625488644,9.23,4.28
22,4.1049999999999995,-2.991142622235315,9.39,4.26
22,-3.8850000000000016,-0.7710226886218772,7.99,3.83
22,-13.165000000000001,0.9017714374511359,9.28,4.08
22,4.104999999999999,1.268857377764685,9.76,1.13
22,4.104999999999999,2.398857377764685,9.14,1.86
22,-3.8850000000000016,3.058977311378123,7.99,2.19
22,4.104999999999999,4.258857377764685,8.52,2.09
22,-12.675,4.981771437451136,8.79,1.16
22,-3.7050000000000027,5.248977311378123,7.81,4.02
22,-11.725000000000001,6.141771437451136,8.02,1.66
22,4.104999999999997,6.348857377764685,7.57,1.6
22,-10.425,7.801771437451136,6.72,1.52
22,4.104999999999997,7.948857377764686,5.16,2.72
22,-3.705000000000001,9.268977311378123,7.81,3.8
23,-3.17,-13.780083454028862,6.34,4.34
23,-10.86,-9.055385138137419,7.69,4.32
23,-8.44,-11.225385138137419,5.27,2.17
23,3.170000000000001,-10.711988610897604,6.06,4.32
23,-3.169999999999999,-9.440083454028862,6.21,4.18
23,3.040000000000001,-6.391988610897604,9.27,3.95
23,-3.169999999999999,-5.260083454028862,6.21,3.87
23,-13.149999999999999,-4.735385138137419,9.98,3.67
23,3.040000000000001,-2.441988610897604,9.99,3.15
23,-3.169999999999998,-1.3900834540288622,6.21,2.65
23,-13.099999999999998,-1.0653851381374189,9.93,3.39
23,3.040000000000002,0.708011389102396,9.64,3.73
23,-2.969999999999998,1.2599165459711377,6.01,4.13
23,-12.409999999999998,2.3246148618625813,9.44,3.7
23,3.040000000000002,4.438011389102396,9.46,2.08
23,-2.969999999999999,5.389916545971138,6.01,3.92
23,-11.659999999999998,6.024614861862581,8.69,1.82
23,3.040000000000001,6.518011389102396,8.17,1.98
23,-9.37,7.844614861862581,6.4,2.45
23,3.040000000000001,8.498011389102397,6.46,1.94
23,-2.969999999999999,9.309916545971138,6.01,3.88
24,-3.615,-13.67009052640106,7.23,4.31
24,-9.445,-10.522907155344477,5.83,4.31
24,3.6149999999999993,-8.878602085914203,7.39,4.28
24,-3.5550000000000006,-9.36009052640106,7.17,4.26
24,-12.385,-6.212907155344477,8.83,4.06
24,-3.5549999999999997,-5.100090526401059,6.99,4.06
24,3.4350000000000005,-4.5986020859142025,9.87,3.64
24,-13.424999999999999,-2.1529071553444776,9.87,3.51
24,-3.5549999999999997,-1.0400905264010598,6.99,3.37
24,3.4350000000000005,-0.9586020859142024,9.76,3.46
24,-13.275,1.3570928446555222,9.72,3.39
24,-3.5549999999999997,2.3299094735989403,6.9,4.02
24,3.3450000000000006,2.5013979140857976,9.74,2.74
24,-12.535,4.747092844655523,8.98,1.67
24,3.3450000000000006,5.241397914085798,8.31,2.55
24,-3.5549999999999997,6.34990947359894,6.9,3.2
24,-11.075,6.417092844655523,7.52,2.31
24,3.3450000000000006,7.791397914085798,6.87,1.41
24,-5.396023197867915,9.549909473598941,8.91,3.52
25,-2.62,-13.895150233084925,5.24,4.27
25,-7.730000000000001,-11.840046452611578,5.11,4.26
25,-13.650000000000002,-3.6901354988672117,5.92,4.23
25,2.62,-9.92646462744919,7.45,4.24
25,-2.5700000000000003,-9.625150233084925,5.19,4.06
25,-11.55,-7.570135498867211,8.98,3.88
25,2.62,-5.68646462744919,9.91,3.33
25,-2.5700000000000003,-5.565150233084926,5.19,3.19
25,-7.730000000000002,-3.6901354988672113,5.0,4.08
25,-2.730000000000002,-2.3751502330849257,5.32,4.09
25,2.589999999999998,-2.3564646274491903,9.75,3.31
25,-7.730000000000002,0.3898645011327888,5.0,2.98
25,-13.520000000000003,0.5398645011327887,5.79,3.29
25,2.589999999999998,0.9535353725508098,9.84,3.27
25,-2.730000000000002,1.7148497669150742,5.32,3.55
25,-12.240000000000002,3.8298645011327888,9.51,3.24
25,2.589999999999998,4.22353537255081,9.82,2.54
25,-2.730000000000002,5.264849766915074,5.32,3.14
25,2.589999999999998,6.76353537255081,8.32,2.13
25,-10.970000000000002,7.069864501132789,8.24,1.67
25,-2.6600000000000037,8.404849766915074,5.25,3.87
25,-9.280000000000005,8.73986450113279,6.62,1.86
25,2.5899999999999963,8.89353537255081,6.89,1.33
25,-3.957657616025638,12.274849766915075,6.81,1.3
26,-4.145,-13.518822988707264,8.29,4.23
26,-9.524999999999999,-10.450549028639598,5.38,4.23
26,4.144999999999999,-7.9330054203939655,7.56,4.22
26,4.145,-10.373005420393966,5.44,2.44
26,-4.144999999999999,-9.288822988707263,8.29,1.52
26,-4.045000000000001,-7.768822988707264,8.19,4.11
26,-12.535000000000002,-6.2205490286395975,8.49,4.13
26,4.144999999999999,-3.7130054203939657,9.19,4.03
26,-3.905000000000001,-3.6588229887072634,8.05,4.05
26,-13.835,-2.0905490286395976,9.93,3.18
26,4.145,0.3169945796060345,9.67,2.19
26,-3.8550000000000004,0.3911770112927364,8.0,3.9
26,-13.195,1.0894509713604026,9.34,3.66
26,4.145,2.5069945796060344,9.0,2.62
26,-3.6750000000000007,4.291177011292737,7.82,3.43
26,-11.775,4.749450971360403,8.1,2.66
26,4.145,5.126994579606034,7.72,2.51
26,-9.845,7.409450971360403,6.17,2.27
26,4.145,7.636994579606034,5.88,2.3
26,-3.6750000000000007,7.7211770112927365,7.82,2.62
26,-4.4207560542651025,10.341177011292736,8.63,3.09
27,-3.255,-13.7602534497007,6.51,4.2
27,-9.524999999999999,-10.450549028639598,6.27,4.16
27,3.255,-9.50912062180305,7.21,4.15
27,-3.125,-9.5602534497007,6.38,4.12
27,-12.505,-6.290549028639598,9.38,3.65
27,-3.125,-5.440253449700699,6.38,4.06
27,3.255,-5.359120621803049,9.83,3.27
27,-13.055,-2.640549028639598,9.93,3.14
27,3.255,-2.089120621803049,9.93,3.14
27,-3.125,-1.3802534497006995,6.38,2.08
27,-13.065,0.4994509713604023,9.94,2.97
27,-3.125,0.6997465502993006,6.3,4.09
27,3.175,1.0508793781969512,9.89,2.79
27,-12.405,3.4694509713604025,9.28,3.3
27,3.175,3.8408793781969512,9.36,2.55
27,-3.125,4.7897465502993,6.1,4.12
27,2.9749999999999996,6.390879378196951,8.01,2.4
27,-10.855,6.769450971360403,7.73,2.26
27,2.9749999999999996,8.790879378196951,5.63,2.3
27,-3.125,8.9097465502993,6.1,3.72
28,-3.65,-13.660786946585471,7.3,4.14
28,-10.17,-9.823985952758687,6.52,4.12
28,3.6500000000000004,-10.580888431507063,5.73,4.11
28,-3.6500000000000004,-9.52078694658547,7.09,3.96
28,3.4399999999999995,-6.4708884315070625,8.98,4.05
28,-12.6,-5.7039859527586865,8.95,4.01
28,-3.6500000000000004,-5.560786946585471,7.03,3.93
28,3.38,-2.4208884315070627,9.84,2.73
28,-13.21,-1.6939859527586867,9.56,3.34
28,-3.6500000000000004,-1.6307869465854705,7.03,3.78
28,3.38,0.3091115684929373,9.77,2.72
28,-13.17,1.6460140472413132,9.52,3.33
28,-3.6500000000000004,2.1492130534145293,7.03,3.2
28,3.38,3.0291115684929375,9.74,2.07
28,-11.96,4.976014047241313,8.31,2.46
28,3.38,5.099111568492937,9.05,1.57
28,-3.6500000000000004,5.3492130534145295,6.89,3.87
28,3.2399999999999993,6.669111568492937,7.64,2.28
28,-9.74,7.436014047241313,6.09,2.47
28,-3.6500000000000004,9.21921305341453,8.91,3.72
29,-3.77,-13.628158349534981,7.54,4.1
29,-11.489999999999998,-8.241328776356399,7.72,4.08
29,-9.73,-10.241328776356399,5.96,2.0
29,3.7699999999999996,-8.65720509171407,7.41,4.07
29,-3.7699999999999987,-9.528158349534982,7.54,1.81
29,-3.7699999999999987,-7.718158349534981,7.49,4.06
29,3.7200000000000015,-4.58720509171407,9.56,3.27
29,-13.309999999999999,-4.161328776356399,9.54,3.27
29,-3.7699999999999996,-3.6581583495349816,7.45,4.06
29,3.6800000000000006,-1.31720509171407,9.62,3.19
29,-13.11,-0.8913287763563988,9.34,3.27
29,-3.7699999999999996,0.40184165046501796,7.45,3.7
29,3.6800000000000006,1.8727949082859299,9.56,2.99
29,-13.25,2.378671223643601,9.48,2.42
29,-3.7699999999999996,4.101841650465018,7.45,2.82
29,-12.48,4.798671223643601,8.71,1.61
29,3.6800000000000006,4.86279490828593,8.04,2.6
29,-11.079999999999998,6.408671223643601,7.31,2.19
29,-3.7699999999999987,6.9218416504650175,7.31,3.96
29,3.540000000000001,7.462794908285931,6.03,2.77
29,-4.567922289387127,10.881841650465017,8.81,2.5
30,-3.125,-13.790358044662945,6.25,4.06
30,-9.775,-10.217092296734918,6.65,4.05
30,3.124999999999999,-10.531874239659341,6.31,4.05
30,-3.125,-9.730358044662946,6.25,2.21
30,-3.125,-7.520358044662946,6.25,2.25
30,3.125,-6.481874239659342,9.29,3.56
30,-12.375,-6.167092296734919,9.25,3.54
30,-3.125,-5.270358044662946,6.14,4.04
30,3.0149999999999997,-2.9218742396593416,9.35,3.09
30,-12.355,-2.6270922967349186,9.23,3.45
30,-3.125,-1.230358044662946,6.14,3.04
30,3.0149999999999997,0.1681257603406583,9.68,2.96
30,-12.375,0.8229077032650816,9.25,3.04
30,-3.125,1.809641955337054,6.14,2.93
30,3.0149999999999997,3.1281257603406583,9.58,2.95
30,-12.665,3.8629077032650816,9.54,2.41
30,-3.125,4.739641955337055,6.07,3.93
30,2.9450000000000003,6.078125760340658,7.92,2.77
30,-10.865,6.272907703265082,7.74,2.48
30,-2.9749999999999996,8.669641955337054,5.92,3.91
30,-8.614999999999998,8.752907703265082,5.64,2.45
30,2.9450000000000003,8.848125760340658,6.06,2.01
31,-3.84,-13.608600221918492,7.68,4.04
31,-10.129999999999999,-9.865226809354159,6.29,4.04
31,3.84,-6.813772816876125,8.55,4.03
31,3.84,-9.373772816876125,6.55,2.56
31,-3.839999999999999,-9.56860022191849,7.68,3.07
31,-3.7800000000000002,-6.49860022191849,7.62,4.01
31,-12.860000000000001,-5.825226809354159,9.08,4.0
31,3.84,-2.783772816876125,9.36,2.94
31,-3.780000000000001,-2.4886002219184906,7.62,3.72
31,-13.350000000000001,-1.8252268093541586,9.57,2.82
31,3.839999999999999,0.15622718312387507,9.48,2.63
31,-13.600000000000001,0.9947731906458412,9.82,2.57
31,-3.780000000000001,1.2313997780815096,7.62,3.07
31,3.839999999999999,2.786227183123875,9.3,1.37
31,-13.110000000000001,3.564773190645841,9.33,1.25
31,3.839999999999999,4.156227183123875,8.79,2.05
31,-3.630000000000001,4.301399778081509,7.47,3.94
31,-11.71,4.814773190645841,8.08,2.95
31,3.839999999999999,6.2062271831238744,7.6,1.97
31,-9.690000000000001,7.764773190645841,6.06,2.49
31,3.839999999999999,8.176227183123874,6.16,1.8
31,-3.6300000000000017,8.24139977808151,7.44,3.76
31,-4.627374630423109,12.00139977808151,9.25,1.36
32,-3.345,-13.73865259041075,6.69,3.96
32,-9.915000000000001,-10.081288360125406,6.57,4.01
32,3.3449999999999998,-11.37082121044914,5.06,4.01
32,8.405000000000001,-4.091866933320293,5.13,3.91
32,-3.3450000000000006,-9.77865259041075,6.69,2.34
32,-3.3450000000000006,-7.438652590410751,6.54,3.98
32,3.3150000000000013,-7.36082121044914,5.09,3.78
32,-12.515,-6.071288360125406,9.17,3.7
32,3.255000000000001,-3.5808212104491406,5.15,4.83
32,-3.3450000000000006,-3.458652590410751,6.6,3.81
32,-13.255,-2.371288360125406,9.91,2.52
32,8.405000000000001,-0.18186693332029247,5.22,3.78
32,-13.255,0.14871163987459424,9.91,2.55
32,-3.3450000000000006,0.35134740958924926,6.59,3.56
32,3.244999999999999,1.2491787895508595,5.04,3.58
32,-13.205,2.698711639874594,9.86,2.22
32,-3.3450000000000006,3.9113474095892493,6.4,3.39
32,3.0549999999999997,4.829178789550859,9.32,1.31
32,-12.375,4.918711639874594,9.03,1.7
32,3.0549999999999997,6.13917878955086,7.88,2.45
32,-11.065000000000001,6.618711639874594,7.72,2.03
32,-3.3450000000000015,7.301347409589249,6.19,3.7
32,2.844999999999999,8.58917878955086,6.02,2.36
32,-8.955000000000002,8.648711639874595,5.61,2.13
32,-4.824902489958234,11.00134740958925,8.9,2.29
33,-4.205,-13.500280552640378,8.41,3.97
33,-12.945,-5.689162943702703,8.74,3.95
33,-11.844999999999999,-7.399162943702703,7.64,1.71
33,-9.844999999999999,-9.889162943702704,5.64,2.49
33,4.205000000000001,-10.07144354102231,5.72,3.94
33,-4.205,-9.530280552640377,8.24,3.91
33,4.035,-6.1314435410223105,8.5,3.72
33,-4.205,-5.620280552640377,8.24,4.03
33,4.035,-2.4114435410223103,9.88,1.93
33,-13.875,-1.739162943702703,9.67,2.17
33,-4.205,-1.590280552640377,8.24,3.17
33,4.035,-0.48144354102231035,9.9,2.11
33,-13.855,0.43083705629729696,9.65,2.13
33,-4.205,1.579719447359623,8.15,3.78
33,3.9450000000000003,1.6285564589776895,9.49,2.54
33,-12.515,2.560837056297297,8.31,3.76
33,3.9450000000000003,4.168556458977689,7.92,3.28
33,-4.205,5.359719447359623,8.15,2.06
33,-10.515,6.320837056297297,6.31,3.08
33,-4.205000000000001,7.419719447359624,8.13,3.62
33,3.925,7.44855645897769,5.79,2.71
33,-4.801777027468504,11.039719447359623,8.93,2.26
34,-2.875,-13.844637048330304,5.75,3.86
34,-8.485,-11.311249930931595,5.61,3.86
34,-13.825,-2.967991745271545,5.34,3.41
34,2.875,-9.420327754383072,7.67,3.11
34,-2.715,-9.984637048330304,5.59,3.81
34,-8.445,-7.177991745271545,5.73,4.21
34,2.875,-6.3103277543830725,9.58,2.25
34,-2.715,-6.174637048330304,5.59,3.31
34,2.875,-4.0603277543830725,9.6,2.23
34,-8.485,-2.9679917452715454,5.73,3.77
34,-2.754999999999999,-2.864637048330304,5.49,3.39
34,2.735000000000001,-1.8303277543830725,9.58,2.05
34,2.735000000000001,0.21967224561692733,9.76,2.11
34,-13.605,0.4420082547284552,5.12,2.85
34,-2.754999999999999,0.5253629516696963,5.49,3.37
34,-8.485,0.8020082547284546,5.73,2.71
34,2.735000000000001,2.329672245616927,9.87,1.91
34,-12.475,3.5120082547284546,9.72,1.81
34,-2.754999999999999,3.8953629516696964,5.47,3.29
34,2.7150000000000007,4.239672245616927,9.84,1.46
34,-12.315,5.322008254728455,9.56,1.29
34,2.7150000000000007,5.699672245616927,9.56,1.18
34,-10.815,6.612008254728455,8.06,2.4
34,2.7150000000000007,6.879672245616927,8.33,1.53
34,-2.754999999999999,7.185362951669696,5.47,2.65
34,2.7150000000000007,8.409672245616926,6.55,2.26
34,-8.084999999999999,9.012008254728455,5.33,2.57
34,-2.754999999999999,9.835362951669696,5.36,3.29
35,-3.405,-13.723905238670223,6.81,3.83
35,-10.174999999999999,-9.818807208617553,6.77,3.8
35,3.4049999999999994,-9.00114298297722,7.5,3.78
35,-3.4049999999999994,-9.893905238670223,6.81,2.87
35,-3.4049999999999994,-7.023905238670223,6.81,3.41
35,-12.405,-6.018807208617553,9.0,3.56
35,3.4050000000000002,-5.22114298297722,9.72,1.81
35,-3.4049999999999994,-3.613905238670223,6.75,2.8
35,3.3450000000000006,-3.41114298297722,9.1,3.27
35,-13.094999999999999,-2.458807208617553,9.69,1.09
35,-12.385,-1.3688072086175531,8.98,3.35
35,-3.4049999999999994,-0.8139052386702232,6.65,3.49
35,3.245000000000001,-0.14114298297721994,9.09,3.29
35,-12.434999999999999,1.981192791382447,9.03,3.2
35,-3.4049999999999994,2.676094761329777,6.65,3.43
35,3.245000000000001,3.14885701702278,9.17,3.07
35,-11.684999999999999,5.181192791382447,8.28,2.65
35,-3.4049999999999994,6.106094761329777,6.61,3.48
35,3.205000000000001,6.2188570170227795,7.86,2.12
35,-9.535,7.831192791382447,6.13,2.13
35,3.205000000000001,8.338857017022779,6.24,2.13
35,-3.4050000000000002,9.586094761329777,6.61,3.08
36,-3.64,-13.663454907160194,7.28,3.76
36,-10.600000000000001,-9.358397298683146,6.96,3.76
36,3.6400000000000006,-8.618323502862955,7.57,3.75
36,-3.579999999999999,-9.903454907160194,7.22,3.64
36,-3.5199999999999996,-6.2634549071601935,7.16,3.58
36,-12.379999999999999,-5.598397298683146,8.86,3.69
36,3.6400000000000006,-4.868323502862955,9.47,1.06
36,3.6400000000000006,-3.808323502862955,8.86,3.63
36,-3.379999999999999,-2.6834549071601934,7.02,3.72
36,-12.749999999999998,-1.9083972986831461,9.37,2.54
36,3.6400000000000006,-0.17832350286295506,8.78,3.61
36,-12.37,0.6316027013168539,8.99,3.76
36,-3.379999999999999,1.0365450928398068,7.02,3.02
36,3.6400000000000006,3.431676497137045,8.79,3.28
36,-3.379999999999999,4.056545092839807,7.02,2.82
36,-11.729999999999999,4.391602701316854,8.35,3.25
36,3.6400000000000006,6.711676497137045,7.59,1.81
36,-3.1799999999999997,6.876545092839807,6.82,3.55
36,-9.68,7.641602701316854,6.5,2.62
36,-4.641368675610343,10.426545092839806,8.69,2.93
37,-3.815,-13.615629805484579,7.63,3.73
37,-12.195,-7.1569249681689415,8.38,3.72
37,-9.745,-10.026924968168942,5.93,2.87
37,3.8149999999999995,-7.1569249681689415,8.38,3.72
37,3.815,-9.81692496816894,5.88,2.66
37,-3.8149999999999995,-9.885629805484578,7.43,3.63
37,-3.8149999999999995,-6.2556298054845785,7.41,3.45
37,-12.495,-3.4369249681689413,8.68,3.48
37,3.5950000000000006,-3.4369249681689413,8.8,3.36
37,-3.8149999999999995,-2.8056298054845783,7.21,3.26
37,3.3950000000000005,-0.07692496816894145,8.54,3.71
37,-12.495,0.04307503183105865,8.68,3.63
37,-3.8149999999999995,0.4543701945154215,7.11,3.22
37,3.295000000000001,3.6330750318310585,8.43,3.39
37,-12.455,3.6730750318310585,8.64,2.64
37,-3.8149999999999995,3.6743701945154217,7.11,2.72
37,-11.375,6.313075031831058,7.56,1.92
37,-3.8150000000000004,6.394370194515422,6.94,2.8
37,3.125,7.023075031831059,7.81,1.69
37,3.125,8.713075031831059,5.27,2.66
37,-5.8149999999999995,9.194370194515422,8.94,3.38
38,-3.855,-13.604358676541867,7.71,3.36
38,-10.135000000000002,-9.860090009731147,6.28,3.64
38,3.8550000000000004,-9.991975530394377,6.15,3.6
38,-3.8550000000000013,-10.244358676541868,7.71,3.35
38,-3.8550000000000013,-6.894358676541868,7.71,3.25
38,3.8549999999999986,-6.391975530394378,8.64,3.31
38,-12.495000000000001,-6.2200900097311465,8.64,3.05
38,-3.735000000000003,-3.6443586765418683,7.59,3.45
38,-12.545000000000003,-3.1700900097311466,8.81,3.03
38,3.854999999999997,-3.0819755303943777,8.59,2.89
38,-3.735000000000003,-0.19435867654186811,7.46,3.3
38,3.724999999999997,-0.19197553039437754,8.71,3.29
38,-12.415000000000003,-0.14009000973114683,8.68,2.66
38,-12.635000000000003,2.5199099902688533,8.9,3.36
38,3.724999999999997,3.0980244696056225,8.82,2.61
38,-3.735000000000003,3.1056413234581317,7.32,3.25
38,3.5849999999999973,5.708024469605622,7.39,3.13
38,-11.715000000000003,5.879909990268853,7.98,1.67
38,-3.735000000000003,6.355641323458132,7.32,2.81
38,-9.695000000000004,7.549909990268853,5.96,2.36
38,-3.735000000000004,9.165641323458132,8.94,2.66
38,-4.2833037391139515,11.825641323458132,7.75,1.65
39,-4.09,-13.535564266036344,8.18,3.55
39,-9.969999999999999,-10.026898822666958,5.88,3.55
39,4.090000000000001,-9.854947995803936,6.05,3.5
39,-4.089999999999999,-9.985564266036345,8.18,3.24
39,-3.9899999999999993,-6.745564266036345,8.08,3.38
39,-12.509999999999998,-6.476898822666958,8.52,3.15
39,4.090000000000001,-6.354947995803936,8.46,2.97
39,4.090000000000001,-3.384947995803936,8.45,2.92
39,-3.84,-3.365564266036345,7.93,3.39
39,-12.53,-3.326898822666958,8.69,2.54
39,-12.7,-0.786898822666958,8.86,2.48
39,4.09,-0.4649479958039362,8.44,2.53
39,-3.7,0.02443573396365517,7.79,3.17
39,-12.61,1.693101177333042,8.91,2.47
39,4.09,2.0650520041960636,8.43,2.39
39,-3.6999999999999993,3.194435733963655,7.79,3.22
39,-12.54,4.163101177333042,8.84,2.31
39,4.090000000000001,4.455052004196064,7.73,2.89
39,-3.459999999999999,6.414435733963655,7.55,3.12
39,-11.28,6.473101177333042,7.82,1.95
39,4.090000000000001,7.345052004196065,5.8,2.62
39,-8.649999999999999,8.423101177333042,5.19,2.73
39,-3.459999999999998,9.534435733963655,7.55,3.12
40,-2.925,-13.834159714272495,5.85,3.48
40,-8.635000000000002,-11.197159237949597,5.71,3.46
40,-13.915000000000003,-2.512444029227307,5.28,3.4
40,2.9250000000000007,-10.245710077881375,6.82,2.6
40,-2.7649999999999997,-10.354159714272495,5.69,2.71
40,-11.035,-7.292444029227307,8.27,4.78
40,2.9250000000000007,-7.645710077881375,8.72,3.0
40,-2.7650000000000006,-7.644159714272495,5.69,3.25
40,2.925,-4.645710077881375,8.86,3.16
40,-2.7650000000000006,-4.394159714272495,5.69,3.06
40,-8.635000000000002,-2.512444029227307,5.71,3.02
40,2.925,-1.4857100778813752,8.84,2.54
40,-2.915,-1.3341597142724946,5.84,2.98
40,-8.515,0.5075559707726929,5.6,2.94
40,-13.525,0.8875559707726928,5.01,3.17
40,2.925,1.0542899221186248,8.76,2.39
40,-2.915000000000001,1.6458402857275054,5.82,2.38
40,2.9049999999999994,3.444289922118625,8.94,2.29
40,-8.515,3.447555970772693,5.51,3.86
40,-3.005000000000001,4.025840285727505,5.88,3.25
40,2.874999999999999,5.734289922118625,8.09,3.11
40,-2.5250000000000012,7.275840285727505,5.4,3.21
40,-10.005000000000003,7.307555970772693,7.48,2.65
40,2.874999999999999,8.844289922118625,5.3,2.68
40,-4.605,10.485840285727505,7.48,2.85
41,-3.275,-13.755507078984765,6.55,3.12
41,-9.205,-10.733479165675964,5.93,3.27
41,3.2749999999999995,-10.339902078840012,6.37,3.22
41,-3.205000000000001,-10.635507078984766,6.48,2.75
41,-3.2650000000000006,-7.885507078984766,6.54,3.22
41,-11.705,-7.463479165675965,8.44,2.33
41,3.2749999999999995,-7.119902078840012,8.33,2.64
41,-12.195,-5.133479165675965,8.93,3.13
41,-3.2650000000000006,-4.665507078984765,6.54,2.82
41,3.2749999999999995,-4.479902078840011,8.22,3.2
41,-11.395000000000001,-2.003479165675965,8.13,3.31
41,-3.2650000000000006,-1.8455070789847654,6.54,2.51
41,3.2749999999999995,-1.2799020788400108,8.22,2.78
41,-3.205000000000001,0.6644929210152344,6.48,2.19
41,-11.265000000000002,1.306520834324035,8.06,3.52
41,3.2749999999999995,1.500097921159989,7.72,3.73
41,-2.995,2.8544929210152343,6.27,2.81
41,-10.975000000000001,4.826520834324035,7.98,2.94
41,3.2749999999999995,5.230097921159989,7.78,2.88
41,-2.8950000000000005,5.664492921015235,6.17,3.21
41,-10.704999999999998,7.7665208343240355,7.81,1.41
41,3.2749999999999995,8.110097921159989,5.64,2.65
41,-2.8050000000000006,8.874492921015236,6.08,3.08
41,-4.6472700397710875,11.954492921015236,7.77,1.4
42,-3.645,-13.662121906936711,7.29,3.19
42,-9.594999999999999,-10.386316719607583,5.95,3.16
42,3.6450000000000005,-10.15934914253861,6.19,3.14
42,-3.5549999999999997,-10.472121906936712,7.2,2.98
42,-3.4849999999999994,-7.4921219069367115,7.13,2.78
42,-11.035,-7.226316719607583,7.55,2.68
42,3.6450000000000005,-7.01934914253861,8.06,3.51
42,-3.4850000000000003,-4.712121906936712,7.13,3.25
42,-11.044999999999998,-4.546316719607583,7.56,3.98
42,3.6449999999999996,-3.5093491425386105,7.39,2.94
42,-3.4849999999999985,-1.4621219069367122,6.92,2.84
42,3.4350000000000014,-0.5693491425386106,7.57,3.83
42,-11.135,-0.5663167196075833,7.65,2.03
42,-3.344999999999998,1.3778780930632877,6.78,3.57
42,-11.014999999999999,1.4636832803924165,7.67,2.88
42,3.4350000000000023,3.2606508574613895,7.69,1.79
42,-10.774999999999999,4.343683280392416,7.43,3.04
42,-3.344999999999999,4.947878093063288,6.64,2.6
42,3.295000000000001,5.05065085746139,7.39,2.78
42,-10.254999999999999,7.383683280392416,6.91,2.34
42,-3.344999999999999,7.547878093063288,6.5,2.56
42,3.155000000000001,7.830650857461389,5.27,3.04
42,-3.634999999999999,10.107878093063288,6.79,2.92
43,-14.066484990927904,-1.44,5.27,2.88
43,-13.562433409974775,-3.9999999999999996,6.87,2.56
43,-12.552270710911234,-6.51,6.88,2.51
43,-10.938829919145832,-8.96,6.83,2.45
43,-5.700526291492741,-12.940000000000001,7.12,3.98
43,1.419473708507259,-12.42514404979553,5.33,2.87
43,6.749473708507258,-5.9017476576333525,6.1,2.93
43,1.4894737085072585,-9.55514404979553,5.26,3.07
43,-3.9405262914927413,-8.96,5.43,3.28
43,1.4894737085072585,-6.4851440497955295,5.26,4.92
43,-5.650526291492741,-5.6800000000000015,7.14,2.48
43,-6.692433409974774,-3.2000000000000015,7.43,2.64
43,6.749473708507258,-2.9717476576333524,6.76,2.47
43,0.8194737085072585,-1.5651440497955296,5.93,3.37
43,-6.230526291492741,-0.5600000000000014,7.05,3.42
43,6.749473708507258,-0.5017476576333522,6.85,2.23
43,-13.130526291492743,1.44,6.9,2.13
43,6.749473708507258,1.7282523423666478,6.31,2.71
43,1.4094737085072584,1.8048559502044705,5.34,3.11
43,-4.690526291492741,2.8599999999999985,6.1,3.49
43,-11.00052629149274,3.57,6.31,3.81
43,6.749473708507258,4.438252342366647,5.15,2.89
43,1.4894737085072585,4.914855950204471,5.26,3.42
43,-4.530526291492741,6.349999999999999,6.02,3.13
43,-9.560526291492742,7.38,5.03,2.93
43,1.4894737085072585,8.33485595020447,6.1,3.57
43,-3.900526291492741,9.479999999999999,5.39,3.82
