Instance: CBPP
Bin radius: 14.14
Rotate enable: true
Bin num: 123
Lower bound: 103
Opt: false
Gap: 0.16260162601626016
Bin id,X coordinate of lower left corner,Y coordinate of lower left corner,Item's width,Item's height
1,-4.775,-13.30935667115432,9.55,7.45
1,-12.145,-7.241448404842778,7.37,9.98
1,4.775,-4.616965995109775,8.59,6.02
1,4.775,-9.626965995109774,5.36,5.01
1,-4.7749999999999995,-5.859356671154321,9.55,9.38
1,4.775000000000001,1.403034004890225,7.61,5.11
1,-11.564999999999998,2.7385515951572224,6.79,5.18
1,-4.774999999999998,3.52064332884568,9.55,7.43
2,-4.24,-13.4893291160087,8.48,9.11
2,-13.28,-4.8560477757122635,9.04,8.56
2,-9.95,-10.026047775712263,5.71,5.17
2,4.24,-7.527197353597154,7.73,6.54
2,-4.24,-4.3793291160087,8.48,5.02
2,4.24,-0.9871973535971543,9.02,5.13
2,-4.24,0.6406708839912998,8.48,6.81
2,-11.08,3.703952224287737,6.84,5.07
2,4.24,4.142802646402846,6.38,5.14
2,-3.99,7.450670883991299,8.23,5.87
3,-3.955,-13.575624295037043,7.91,9.15
3,-9.265,-10.68173089906313,5.31,7.12
3,3.954999999999999,-9.073344201560968,6.89,9.14
3,-3.745000000000001,-4.425624295037043,7.7,5.99
3,-13.205000000000002,-3.5617308990631296,9.46,5.19
3,3.954999999999999,0.06665579843903302,8.54,6.54
3,-3.745000000000001,1.5643757049629574,7.7,6.01
3,-11.845,1.6282691009368708,8.1,5.36
3,-5.481300026624286,7.574375704962958,8.55,5.46
4,-3.155,-13.783525492413036,6.31,7.49
4,-10.125,-9.870358402813952,6.97,7.5
4,3.1550000000000002,-9.156362541970474,7.62,8.75
4,-3.1550000000000002,-6.2935254924130355,6.31,5.98
4,-13.055000000000001,-2.3703584028139524,9.9,6.3
4,3.1549999999999994,-0.4063625419704735,9.91,5.52
4,-3.085000000000001,-0.31352549241303507,6.24,7.94
4,-10.835,3.9296415971860474,7.75,5.04
4,3.1549999999999994,5.113637458029526,6.46,5.06
4,-3.085000000000001,7.626474507586965,6.24,5.17
5,-4.77,-13.311149462011162,9.54,8.56
5,-13.37,-4.6024667299177775,8.6,7.27
5,-10.1,-9.862466729917777,5.33,5.26
5,4.77,-6.722053257747965,7.67,5.01
5,-4.77,-4.751149462011162,9.54,9.83
5,4.77,-1.7120532577479652,8.72,5.49
5,-11.77,2.667533270082222,7.0,5.16
5,4.77,3.777946742252035,6.04,5.19
5,-4.77,5.0788505379888385,9.54,6.89
6,-2.89,-13.84151364555192,5.78,7.59
6,-10.73,-9.209055326145023,7.84,8.56
6,2.8900000000000006,-10.006972569163963,7.1,8.68
6,-2.8900000000000006,-6.2515136455519205,5.78,5.7
6,2.8899999999999997,-1.3269725691639636,9.69,6.78
6,-12.270000000000001,-0.6490553261450227,9.38,5.39
6,-2.8900000000000006,-0.5515136455519203,5.78,8.34
6,-10.02,4.740944673854977,7.13,5.08
6,2.8899999999999997,5.453027430836037,6.41,5.06
6,-2.8600000000000003,7.78848635444808,5.75,5.39
7,-4.02,-13.556518727165908,8.04,9.28
7,-9.93,-10.066513795748754,5.91,5.87
7,4.019999999999999,-7.527197353597157,7.95,6.81
7,-4.02,-4.276518727165909,8.04,8.78
7,-13.18,-4.196513795748754,9.16,6.21
7,4.02,-0.7171973535971574,9.42,5.08
7,-11.829999999999998,2.0134862042512456,7.81,5.16
7,4.02,4.362802646402843,6.02,5.34
7,-4.019999999999999,4.50348127283409,8.04,8.59
8,-4.65,-13.353542601122745,9.3,9.73
8,-11.31,-8.486666012045013,6.66,9.03
8,4.650000000000001,-8.872401027906706,6.36,7.54
8,-4.65,-3.623542601122745,9.3,9.18
8,4.65,-1.3324010279067062,8.62,5.99
8,-12.700000000000001,0.5433339879549859,8.05,5.41
8,4.65,4.657598972093294,5.23,5.03
8,-4.65,5.556457398877255,9.3,5.52
9,-4.26,-13.483026366509858,8.52,9.5
9,-13.19,-5.095439137110759,8.93,8.83
9,-9.54,-10.32543913711076,5.28,5.23
9,4.26,-9.63416317071701,6.09,5.04
9,4.26,-4.594163170717009,8.92,6.6
9,-4.26,-3.9830263665098578,8.52,9.46
9,4.26,2.0058368292829902,7.64,5.13
9,-10.559999999999999,3.734560862889241,6.3,5.11
9,-4.259999999999999,5.476973633490143,8.52,7.62
10,-4.785,-13.305764728116909,9.57,9.21
10,-13.115,-5.285487205546902,8.33,8.67
10,4.785,-6.040146935298842,8.0,6.19
10,-4.785,-4.095764728116908,9.57,8.98
10,4.785,0.14985306470115844,7.84,5.56
10,-10.844999999999999,3.384512794453098,6.06,5.35
10,-4.784999999999999,4.884235271883092,9.56,7.46
11,-3.27,-13.75669655113465,6.54,5.45
11,-12.969999999999999,-5.631935724065043,9.7,8.72
11,-9.12,-10.791935724065043,5.85,5.16
11,3.2699999999999996,-7.984403546915701,8.4,5.72
11,-3.2699999999999996,-8.30669655113465,6.54,7.77
11,3.2700000000000005,-2.264403546915701,9.95,5.9
11,-3.2699999999999996,-0.53669655113465,6.54,5.57
11,-10.93,3.0880642759349577,7.66,5.27
11,3.2700000000000005,3.6355964530842995,7.67,5.19
11,-3.2699999999999996,5.03330344886535,6.54,6.62
12,-3.815,-13.615629805484579,7.63,7.43
12,-11.125,-8.727770333825244,7.31,8.58
12,3.8149999999999995,-9.013244421405647,7.08,7.68
12,-3.8150000000000004,-6.185629805484579,7.63,6.72
12,3.8149999999999995,-1.333244421405647,9.61,5.62
12,-13.235000000000001,-0.1477703338252443,9.42,5.05
12,-3.8150000000000013,0.5343701945154207,7.63,6.8
12,3.8149999999999986,4.286755578594353,6.62,5.07
12,-9.815000000000001,4.9022296661747555,6.0,5.0
12,-3.8150000000000013,7.3343701945154205,7.45,5.81
13,-3.21,-13.77082060009497,6.42,7.93
13,-10.21,-9.78240767909414,7.0,6.75
13,3.21,-10.607407788899229,6.14,6.11
13,-3.210000000000001,-5.84082060009497,6.42,7.97
13,3.209999999999999,-4.4974077888992285,9.92,8.85
13,-13.090000000000002,-3.03240767909414,9.88,7.93
13,-3.210000000000001,2.1291793999050297,6.42,6.01
13,3.209999999999999,4.352592211100771,6.93,5.09
13,-9.41,4.89759232090586,6.2,5.65
13,-3.21,8.139179399905029,6.32,5.58
14,-4.285,-13.475102040429974,8.57,7.94
14,-11.035,-8.841288084888989,6.75,5.74
14,4.285,-6.4853970580065505,8.28,9.69
14,-4.285,-5.535102040429973,8.57,9.03
14,-13.545,-3.1012880848889885,9.26,7.03
14,4.285,3.204602941993449,6.9,5.27
14,-4.1850000000000005,3.494897959570026,8.47,9.35
14,-10.565000000000001,3.9287119151110117,6.38,5.38
15,-4.695,-13.33778748518659,9.39,9.74
15,-13.315,-4.759241010917605,8.62,9.1
15,-9.915,-10.029241010917605,5.22,5.27
15,4.695,-7.45515761067464,7.32,5.47
15,-4.695,-3.59778748518659,9.39,9.95
15,4.695,-1.9851576106746398,8.67,5.83
15,4.695,3.8448423893253603,6.13,5.1
15,-10.165,4.340758989082395,5.47,5.43
15,-4.694999999999999,6.352212514813409,9.39,5.16
16,-4.63,-13.360490260465744,9.26,6.62
16,-10.09,-9.906134463048643,5.46,5.81
16,4.63,-6.93953888958049,7.69,9.72
16,-4.63,-6.7404902604657435,9.26,9.78
16,-13.299999999999999,-4.096134463048643,8.67,6.61
16,-11.41,2.513865536951357,6.78,5.53
16,4.63,2.7804611104195107,6.73,5.58
16,-4.63,3.039509739534256,9.26,5.55
16,-3.9070225286148035,8.589509739534256,7.51,5.0
17,-4.005,-13.560957746413047,8.01,9.59
17,-13.544999999999998,-4.058642014270299,9.54,6.58
17,-10.535,-9.318642014270297,6.53,5.26
17,4.005000000000001,-8.778517813389684,7.08,7.82
17,-4.004999999999999,-3.970957746413047,8.01,8.85
17,4.005000000000001,-0.9585178133896832,9.37,5.41
17,-11.954999999999998,2.5213579857297015,7.95,5.01
17,4.005000000000001,4.451482186610317,5.84,5.19
17,-4.004999999999998,4.879042253586952,8.01,5.81
18,-3.58,-13.679298227613872,7.16,5.36
18,-10.51,-9.459360443497225,6.93,7.75
18,3.58,-10.144806553108838,6.27,7.17
18,-3.58,-8.31929822761387,7.16,8.52
18,3.58,-2.974806553108838,9.65,5.75
18,-13.21,-1.709360443497225,9.63,5.82
18,-3.58,0.20070177238612885,7.16,5.28
18,3.58,2.775193446891162,7.76,5.22
18,-10.43,4.110639556502775,6.85,5.04
18,-3.58,5.480701772386129,7.05,6.82
19,-3.435,-13.71642719515545,6.87,6.89
19,-11.885,-7.6607032966954165,8.45,5.68
19,3.4350000000000005,-6.3279992888748,9.21,8.88
19,-3.4350000000000005,-6.826427195155451,6.87,7.67
19,-13.175,-1.9807032966954168,9.74,5.01
19,-3.4350000000000005,0.8435728048445492,6.87,7.62
19,3.4349999999999996,2.552000711125201,8.28,5.36
19,-11.405000000000001,3.029296703304583,7.97,5.11
19,-3.857772277272701,8.46357280484455,7.42,5.14
20,-4.545,-13.389644319398482,9.09,8.64
20,-13.225,-5.003895982132325,8.68,9.14
20,-9.594999999999999,-10.203895982132323,5.05,5.2
20,4.545000000000001,-9.453802145168895,5.97,7.32
20,-4.545,-4.749644319398481,9.09,9.16
20,4.545,-2.133802145168895,8.86,6.3
20,-10.665,4.136104017867676,6.12,5.08
20,4.545,4.166197854831105,5.51,5.25
20,-4.544999999999999,4.410355680601519,9.09,7.06
21,-4.505,-13.40315541206622,9.01,7.14
21,-12.895,-5.801601072117938,8.39,9.07
21,4.505000000000001,-6.485397058006549,8.06,8.24
21,-4.504999999999999,-6.26315541206622,9.01,7.15
21,-4.504999999999999,0.8868445879337807,9.01,6.71
21,4.505000000000001,1.7546029419934515,7.42,5.56
21,-11.334999999999999,3.268398927882062,6.83,5.16
21,-4.504999999999999,7.596844587933781,9.77,5.28
22,-4.645,-13.355282662676968,9.29,8.96
22,-12.325,-6.930654730976001,7.68,9.65
22,4.6450000000000005,-6.712791893094855,7.8,6.7
22,-4.645,-4.395282662676967,9.29,9.67
22,4.645,-0.012791893094854956,8.35,5.4
22,-11.605,2.719345269023999,6.96,5.19
22,-4.6450000000000005,5.2747173373230325,9.29,6.56
23,-4.53,-13.394726574290347,9.06,9.74
23,-13.38,-4.573313896946065,8.85,8.22
23,-10.010000000000002,-9.973313896946065,5.48,5.4
23,4.530000000000001,-5.812701609406765,8.36,7.78
23,-4.530000000000001,-3.654726574290347,9.06,9.94
23,4.529999999999999,1.9672983905932355,7.61,5.28
23,-10.8,3.646686103053936,6.27,5.1
23,-4.530000000000001,6.2852734257096525,9.04,7.05
24,-4.44,-13.424827745636069,8.88,9.23
24,-13.280000000000001,-4.856047775712261,8.84,7.41
24,-9.680000000000001,-10.146047775712262,5.24,5.29
24,4.440000000000001,-6.758934827323014,7.98,6.81
24,-4.440000000000001,-4.1948277456360685,8.88,8.68
24,4.4399999999999995,0.05106517267698596,8.1,5.71
24,-11.530000000000001,2.5539522242877393,7.09,5.37
24,-4.440000000000001,4.485172254363931,8.88,8.49
25,-4.175,-13.509588261675484,8.35,8.64
25,-12.405000000000001,-6.786425789765919,8.23,7.32
25,4.174999999999999,-9.921389771599543,5.9,6.17
25,-4.175000000000001,-4.869588261675483,8.35,6.85
25,4.174999999999999,-3.751389771599543,9.07,6.82
25,-12.505,0.5335742102340815,8.33,5.18
25,-4.175000000000001,1.9804117383245163,8.16,8.51
25,3.9849999999999994,3.0686102284004573,7.28,5.03
26,-4.9,-13.263845596206252,9.8,8.8
26,-13.64,-3.726929030716843,8.74,6.11
26,-10.79,-9.046929030716843,5.89,5.32
26,4.9,-5.654909371510739,8.06,8.73
26,-4.9,-4.4638455962062515,9.8,7.41
26,-11.43,2.3830709692831573,6.53,5.5
26,-4.8999999999999995,2.9461544037937486,9.8,6.55
26,4.900000000000001,3.075090628489262,5.9,5.75
27,-3.415,-13.721420298205285,6.83,6.57
27,-12.575,-6.465986003696577,9.16,8.59
27,3.415,-10.20751561350753,6.37,6.21
27,-3.414999999999999,-7.151420298205284,6.83,8.6
27,3.415000000000001,-3.99751561350753,9.88,6.64
27,-3.414999999999999,1.4485797017947153,6.83,5.85
27,-11.715,2.1240139963034226,8.3,5.39
27,3.415000000000001,2.6424843864924696,8.23,5.22
27,-3.414999999999999,7.298579701794715,6.83,6.0
28,-3.645,-13.662121906936711,7.29,5.93
28,-12.334999999999999,-6.912841311646032,8.69,9.64
28,3.6449999999999996,-5.159687490536615,9.52,5.98
28,3.645,-10.289687490536615,5.83,5.13
28,-3.6449999999999996,-7.732121906936712,7.29,9.37
28,3.6450000000000005,0.8203125094633856,8.75,5.96
28,-3.6449999999999996,1.6378780930632875,7.29,7.2
28,-11.024999999999999,2.7271586883539687,7.38,5.93
28,-2.859348233366808,8.837878093063289,5.69,5.01
29,-3.69,-13.650036629987483,7.38,9.65
29,-9.92,-10.076368393424291,6.23,7.19
29,3.6899999999999995,-8.772200408107421,7.4,7.99
29,-3.6400000000000006,-4.000036629987482,7.33,9.89
29,-13.14,-2.8863683934242905,9.5,6.0
29,3.6899999999999995,-0.7822004081074212,9.42,5.76
29,-11.06,3.1136316065757095,7.42,5.63
29,3.6899999999999995,4.977799591892579,6.19,5.13
29,-3.6400000000000006,5.889963370012518,7.33,6.91
30,-4.77,-13.311149462011162,9.54,8.42
30,-12.559999999999999,-6.495075057303036,7.79,7.85
30,4.77,-6.722053257747965,7.67,5.94
30,-4.769999999999999,-4.891149462011162,9.54,9.46
30,4.7700000000000005,-0.7820532577479646,8.52,5.41
30,-12.14,1.3549249426969636,7.37,5.85
30,-4.7700000000000005,4.568850537988839,9.54,8.21
30,4.769999999999999,4.6279467422520355,5.22,5.15
31,-4.16,-13.514214738563243,8.32,8.86
31,-9.99,-10.006972569163963,5.83,8.16
31,4.16,-9.289994617867118,6.5,8.12
31,-4.16,-4.654214738563244,8.32,9.6
31,-13.15,-1.8469725691639631,8.99,5.85
31,4.16,-1.1699946178671183,9.0,5.58
31,-10.879999999999999,4.0030274308360365,6.72,5.01
31,4.16,4.410005382132882,5.82,5.25
31,-4.159999999999999,4.945785261436756,8.32,8.0
32,-4.035,-13.552061651276532,8.07,8.61
32,-12.665000000000001,-6.287875237311885,8.63,8.62
32,4.035000000000001,-8.107242132809406,7.55,6.3
32,-4.035,-4.942061651276532,8.07,9.79
32,4.035,-1.8072421328094057,9.27,6.59
32,-11.935,2.332124762688114,7.9,5.2
32,4.035,4.782757867190594,5.8,5.15
32,-4.035,4.847938348723467,8.07,7.03
33,-4.025,-13.555035042374476,8.05,6.05
33,-10.475000000000001,-9.498103758119301,6.45,6.14
33,4.025,-7.722407331914058,7.82,5.75
33,-4.025000000000001,-7.505035042374476,8.05,8.7
33,-13.255000000000003,-3.3581037581193014,9.23,7.77
33,4.0249999999999995,-1.9724073319140576,9.56,5.76
33,-4.025000000000002,1.1949649576255235,8.05,8.99
33,4.024999999999999,3.787592668085942,6.49,5.45
33,-10.135000000000002,4.411896241880698,6.11,5.3
34,-4.675,-13.344810789216908,9.35,8.98
34,-13.635000000000002,-3.745180235983306,8.96,6.78
34,-10.755,-9.075180235983305,6.08,5.33
34,4.674999999999999,-5.431995489688852,8.38,6.98
34,-4.675000000000001,-4.364810789216907,9.35,7.96
34,4.674999999999999,1.5480045103111486,7.28,5.73
34,-11.445,3.034819764016694,6.77,5.05
34,-4.675000000000001,3.5951892107830927,9.35,9.14
35,-3.28,-13.754315686358229,6.56,7.9
35,-11.169999999999998,-8.670103805606946,7.89,9.78
35,3.2799999999999994,-5.043361973921765,9.93,8.78
35,3.28,-10.453361973921766,6.19,5.41
35,-3.2799999999999985,-5.854315686358229,6.56,9.75
35,-12.479999999999997,1.1098961943930536,9.2,5.51
35,3.280000000000001,3.736638026078234,7.68,5.15
35,-3.2799999999999976,3.8956843136417714,6.56,7.19
36,-4.94,-13.248999962261303,9.88,7.65
36,-13.670000000000002,-3.615342307444754,8.73,6.15
36,-10.830000000000002,-9.035342307444754,5.89,5.42
36,4.9399999999999995,-4.773206469450076,8.37,6.02
36,-4.940000000000001,-5.598999962261303,9.88,9.23
36,4.9399999999999995,1.2467935305499234,7.09,5.97
36,-11.39,2.534657692555246,6.45,5.72
36,-4.94,3.6310000377386977,9.88,6.97
37,-4.21,-13.498722161745533,8.42,8.82
37,-12.74,-6.134492644057861,8.53,9.68
37,4.209999999999999,-8.92181035440678,6.76,6.97
37,-4.210000000000001,-4.678722161745533,8.42,8.98
37,4.209999999999999,-1.9518103544067804,8.99,6.7
37,-11.170000000000002,3.5455073559421386,6.96,5.09
37,-4.210000000000002,4.301277838254467,8.42,9.07
37,4.209999999999998,4.74818964559322,5.71,5.3
38,-4.64,-13.357020625873123,9.28,8.79
38,-13.01,-5.538907834582556,8.37,6.52
38,4.640000000000001,-8.282994627548662,6.82,9.27
38,-4.640000000000001,-4.567020625873123,9.28,8.06
38,-12.580000000000002,0.9810921654174436,7.94,5.19
38,4.639999999999999,0.9870053724513372,7.92,5.33
38,-4.6400000000000015,3.492979374126877,9.28,7.85
39,-4.81,-13.296747722657598,9.62,9.81
39,-11.77,-7.836242722121363,6.96,8.89
39,4.8100000000000005,-3.9742546471005107,8.76,6.88
39,4.81,-9.03425464710051,5.91,5.06
39,-4.81,-3.486747722657597,9.62,7.56
39,-11.989999999999998,1.0537572778786375,7.18,5.97
39,4.81,2.905745352899489,6.74,5.19
39,-4.630000000000001,4.0732522773424025,9.44,8.85
40,-3.075,-13.801593205133964,6.15,6.01
40,-12.934999999999999,-5.711862655911822,9.86,9.69
40,-8.785,-11.051862655911822,5.71,5.34
40,3.075,-10.139949457467726,6.78,7.58
40,-3.0749999999999993,-7.791593205133964,6.15,9.24
40,3.075000000000001,-2.5599494574677255,10.0,6.17
40,-3.0749999999999993,1.4484067948660364,6.15,6.86
40,3.075000000000001,3.6100505425322744,7.87,5.26
40,-10.225,3.9781373440881778,7.15,5.46
40,-3.0749999999999993,8.308406794866038,6.04,5.43
41,-4.125,-13.524939001710877,8.25,7.73
41,-12.595,-6.426941340949052,8.47,5.98
41,4.125,-9.849800759406255,6.02,7.83
41,-4.125,-5.794939001710876,8.25,7.41
41,4.125,-2.0198007594062553,9.27,5.95
41,-13.195,-0.4469413409490519,9.07,5.07
41,-4.125,1.615060998289124,8.25,5.22
41,4.125,3.930199240593745,6.36,5.46
41,-9.805,4.623058659050948,5.68,5.44
41,-4.125,6.835060998289124,8.25,5.79
42,-4.57,-13.381132239089487,9.14,7.41
42,-11.55,-8.157027644920667,6.98,7.28
42,4.57,-5.3225557770680085,8.53,8.87
42,-4.57,-5.971132239089487,9.14,8.53
42,-13.44,-0.8770276449206671,8.87,5.18
42,-4.57,2.5588677609105126,9.14,9.32
42,4.57,3.5474442229319907,6.1,5.67
42,-10.100000000000001,4.302972355079333,5.53,5.39
43,-4.98,-13.234016774962923,9.96,9.35
43,-12.82,-5.965500817198837,7.84,6.96
43,4.98,-3.9742546471005107,8.59,6.36
43,4.98,-9.02425464710051,5.84,5.05
43,-4.779999999999999,-3.884016774962923,9.76,6.52
43,-12.419999999999998,0.9944991828011629,7.64,5.64
43,4.98,2.3857453528994896,6.49,5.87
43,-4.7799999999999985,2.6359832250370765,9.76,7.81
44,-3.345,-13.73865259041075,6.69,6.25
44,-10.905000000000001,-9.001142982977218,7.56,9.41
44,3.3449999999999998,-10.558672975331703,6.06,6.26
44,-3.3450000000000015,-7.48865259041075,6.69,9.41
44,3.344999999999999,-4.298672975331703,9.95,8.5
44,-12.765000000000002,0.40885701702278254,9.42,5.59
44,-3.3450000000000024,1.9213474095892504,6.69,6.19
44,3.344999999999998,4.201327024668297,7.0,5.31
44,-4.895000000000001,8.11134740958925,8.24,5.13
45,-3.285,-13.753122372755941,6.57,8.03
45,-10.094999999999999,-9.901039086883761,6.81,8.68
45,3.285000000000001,-10.69904551817591,5.96,9.59
45,-3.2849999999999993,-5.723122372755942,6.57,9.46
45,-13.145,-1.2210390868837617,9.86,6.12
45,3.285000000000001,-1.1090455181759094,9.95,6.02
45,-3.2749999999999986,3.736877627244059,6.56,6.47
45,-9.564999999999998,4.898960913116238,6.29,5.41
45,3.285000000000001,4.91095448182409,6.21,5.46
46,-3.97,-13.571245337108898,7.94,8.27
46,-12.05,-7.398452540903402,8.08,5.26
46,3.9699999999999998,-8.338057327699302,7.45,8.31
46,-3.9700000000000006,-5.301245337108899,7.94,7.95
46,-13.190000000000001,-2.138452540903402,9.22,7.05
46,3.9699999999999998,-0.028057327699301027,9.17,5.22
46,-3.9700000000000006,2.6487546628911014,7.94,7.19
46,-9.330000000000002,4.911547459096598,5.36,5.4
46,3.9699999999999998,5.191942672300699,5.69,5.12
47,-4.745,-13.32008164389393,9.49,8.82
47,-13.045000000000002,-5.455966917055122,8.3,6.76
47,4.745,-8.940222312672097,6.21,8.63
47,-4.745000000000001,-4.50008164389393,9.49,6.01
47,4.744999999999999,-0.31022231267209577,7.83,5.84
47,-11.995000000000001,1.304033082944878,7.25,5.05
47,-4.745000000000001,1.5099183561060698,9.49,5.04
47,-5.1726346150315425,6.54991835610607,9.64,6.61
48,-3.215,-13.76965413508996,6.43,7.76
48,-10.625,-9.330004019291739,7.41,9.4
48,3.215,-7.173937203516629,8.97,9.31
48,-3.215,-6.00965413508996,6.43,6.51
48,-13.084999999999999,0.06999598070826174,9.87,5.12
48,-3.215,0.5003458649100399,6.43,5.6
48,3.215,2.1360627964833716,8.95,5.07
48,-9.515,5.189995980708262,6.3,5.06
48,-3.2150000000000007,6.1003458649100395,6.3,6.11
49,-3.6,-13.674048412960955,7.2,9.46
49,-11.41,-8.351736346413242,7.81,6.14
49,3.5999999999999996,-5.121249847449352,9.58,9.38
49,3.6,-10.611249847449352,5.72,5.49
49,-3.6000000000000005,-4.214048412960954,7.2,9.31
49,-13.520000000000001,-2.2117363464132422,9.92,5.38
49,-11.200000000000001,3.1682636535867577,7.6,5.14
49,3.5999999999999996,4.258750152550649,6.84,5.23
49,-3.6000000000000014,5.095951587039046,7.2,8.22
50,-3.44,-13.715174078370278,6.88,8.7
50,-10.649999999999999,-9.301456875135209,7.21,6.81
50,3.4399999999999995,-9.266995198013216,7.24,8.14
50,-3.4399999999999986,-5.015174078370279,6.88,7.73
50,-13.079999999999998,-2.491456875135209,9.64,7.37
50,3.4400000000000013,-1.1269951980132156,9.68,5.61
50,-3.4399999999999977,2.7148259216297213,6.88,9.05
50,3.440000000000002,4.483004801986785,6.1,5.91
50,-9.509999999999998,4.878543124864791,6.07,5.38
51,-3.21,-13.77082060009497,6.42,7.88
51,-10.13,-9.865226809354157,6.92,6.41
51,3.209999999999999,-7.34936731970855,8.87,7.51
51,-3.210000000000001,-5.89082060009497,6.42,9.04
51,-13.14,-3.4552268093541567,9.93,7.21
51,3.209999999999999,0.1606326802914495,9.33,5.79
51,-3.210000000000001,3.1491793999050293,6.42,9.38
51,-10.91,3.7547731906458433,7.7,5.23
52,-3.8,-13.619823787406355,7.6,9.39
52,-11.09,-8.772200408107421,7.29,7.34
52,3.8000000000000007,-6.974926522910474,8.5,8.79
52,-3.8,-4.229823787406355,7.6,6.18
52,-13.21,-1.4322004081074216,9.41,6.35
52,3.8,1.8150734770895252,8.13,5.39
52,-3.8000000000000007,1.9501762125936448,7.6,5.99
52,-9.25,4.917799591892578,5.45,5.48
52,-3.8,7.940176212593645,8.97,5.06
53,-4.105,-13.531022688621878,8.21,8.91
53,-9.825,-10.1690203559635,5.72,8.56
53,4.105,-8.064203308449013,7.51,8.74
53,-4.1049999999999995,-4.621022688621878,8.21,7.66
53,-13.395,-1.6090203559634997,9.29,5.47
53,4.105000000000001,0.6757966915509872,8.6,5.52
53,-4.105,3.0389773113781224,8.21,6.44
53,-10.635000000000002,3.8609796440365,6.53,5.45
54,-4.46,-13.418196600139678,8.92,5.15
54,-10.48,-9.492586581116866,6.02,7.84
54,4.46,-9.079317154940673,6.38,6.62
54,-4.460000000000001,-8.268196600139678,8.92,7.95
54,4.459999999999999,-2.459317154940673,9.36,5.17
54,-13.22,-1.652586581116866,8.76,5.83
54,-4.460000000000001,-0.3181966001396779,8.92,6.44
54,4.459999999999999,2.7106828450593268,6.92,5.59
54,-10.43,4.177413418883134,5.97,5.34
54,-4.46,6.1218033998603225,8.83,5.91
55,-3.335,-13.741083472565037,6.67,8.96
55,-10.315000000000001,-9.67162731912267,6.98,9.12
55,3.335000000000001,-9.168117309458905,7.43,7.2
55,-3.335000000000001,-4.781083472565037,6.56,9.29
55,3.2249999999999988,-1.968117309458905,9.89,6.99
55,-13.275,-0.5516273191226713,9.94,5.33
55,-3.335000000000001,4.5089165274349625,6.56,6.6
55,-9.575000000000001,4.778372680877329,6.24,5.53
55,3.2249999999999988,5.021882690541095,6.2,5.44
56,-4.855,-13.280383089354013,9.71,7.97
56,-11.835,-7.737724148611141,6.98,9.42
56,4.8549999999999995,-8.816267634322362,6.2,8.97
56,-4.855,-5.310383089354013,9.56,8.53
56,4.705,0.15373236567763904,7.97,6.11
56,-12.035,1.6822758513888587,7.18,5.59
56,-4.855,3.2196169106459864,9.56,9.92
57,-4.565,-13.382838824404933,9.13,8.71
57,-11.685000000000002,-7.962435243064773,7.12,7.68
57,4.565000000000001,-7.4065899711000585,7.48,7.92
57,-4.565000000000002,-4.672838824404932,9.13,5.62
57,-12.765,-0.2824352430647732,8.2,6.35
57,4.564999999999999,0.5134100288999415,8.07,5.53
57,-4.565000000000001,0.9471611755950677,9.13,5.74
57,-7.764940550320305,6.687161175595068,8.81,5.13
57,1.0450594496796954,6.687161175595068,6.64,5.11
58,-3.64,-13.663454907160194,7.28,9.19
58,-13.540000000000001,-4.075291400624006,9.9,7.23
58,-10.440000000000001,-9.485291400624007,6.8,5.41
58,3.6399999999999997,-9.06736455647395,7.21,8.38
58,-3.6400000000000006,-4.473454907160194,7.28,7.97
58,3.6399999999999997,-0.6873645564739483,9.47,5.88
58,-11.290000000000001,3.1547085993759945,7.65,5.27
58,-3.6400000000000006,3.4965450928398054,7.28,6.26
58,3.6399999999999997,5.1926354435260516,5.48,5.21
59,-4.735,-13.323639705425842,9.47,8.38
59,-12.825,-5.954743907171831,8.09,6.73
59,4.735000000000001,-6.0189347064077685,8.06,8.73
59,-4.554999999999998,-4.943639705425841,9.29,5.15
59,-4.645,0.20636029457415894,9.38,7.73
59,-12.715,0.7752560928281698,8.07,5.35
59,4.735000000000001,2.711065293592232,6.64,5.56
59,-5.025,7.936360294574159,9.76,5.07
60,-4.36,-13.451022265984099,8.72,8.28
60,-12.5,-6.609810889881799,8.14,9.05
60,4.359999999999999,-7.414715099044605,7.68,8.4
60,-4.359999999999999,-5.171022265984099,8.72,7.45
60,4.360000000000001,0.9852849009553957,8.15,5.37
60,-4.359999999999999,2.2789777340159008,8.72,6.02
60,-11.919999999999998,2.440189110118202,7.56,5.13
60,-4.803830891085713,8.2989777340159,8.78,5.0
61,-4.11,-13.529504795076575,8.22,7.86
61,-10.84,-9.079317154940673,6.73,7.65
61,4.11,-8.14284962405668,7.45,6.68
61,-4.109999999999999,-5.669504795076574,8.22,8.4
61,4.110000000000001,-1.4628496240566804,9.04,5.95
61,-13.28,-1.429317154940673,9.17,5.76
61,-4.109999999999999,2.730495204923426,8.22,9.69
61,-10.29,4.330682845059327,6.18,5.36
61,4.110000000000001,4.48715037594332,5.66,5.52
62,-4.08,-13.538581905059333,8.16,9.72
62,-12.95,-5.677772450530227,8.87,9.72
62,4.08,-6.237267029717426,8.61,7.23
62,-4.08,-3.8185819050593324,8.16,8.37
62,4.08,0.9927329702825745,8.0,6.29
62,-9.91,4.042227549469773,5.83,5.97
62,-4.08,4.551418094940667,7.92,8.47
63,-4.52,-13.398104343525617,9.04,7.74
63,-10.579999999999998,-9.381002078669423,6.06,6.2
63,4.519999999999999,-6.831925058136985,7.86,8.71
63,-4.519999999999999,-5.658104343525617,9.04,6.71
63,-13.2,-3.1810020786694233,8.68,6.76
63,-4.52,1.0518956564743833,9.04,7.22
63,4.52,1.8780749418630158,7.42,5.35
63,-10.629999999999999,3.5789979213305765,6.11,5.68
63,-4.519999999999999,8.271895656474383,7.42,5.08
64,-4.23,-13.49246826937162,8.46,7.2
64,-12.08,-7.3493673197085485,7.85,9.64
64,4.23,-7.096950049140829,8.0,8.09
64,-4.23,-6.2924682693716205,8.46,7.94
64,4.23,0.993049950859171,7.65,5.71
64,-4.23,1.6475317306283799,8.46,7.01
64,-11.36,2.290632680291452,7.13,5.98
65,-4.845,-13.284034590439758,9.69,7.05
65,-12.094999999999999,-7.3246552819910935,7.25,7.05
65,4.845000000000001,-8.546307682268408,6.42,8.51
65,-4.764999999999999,-6.234034590439758,9.61,6.26
65,-12.905,-0.2746552819910937,8.14,5.29
65,4.845000000000001,-0.03630768226840786,7.97,5.41
65,-4.764999999999999,0.02596540956024196,9.61,5.71
65,-8.751978766064932,5.735965409560241,9.33,5.37
65,0.5780212339350683,5.735965409560242,8.07,5.37
66,-2.965,-13.825641938080127,5.93,6.22
66,-10.085,-9.91122469728136,7.12,7.97
66,2.965,-5.801601072117938,9.93,7.68
66,-2.9650000000000007,-7.605641938080127,5.93,7.93
66,-12.395,-1.9412246972813607,9.43,7.75
66,-2.965,0.32435806191987293,5.93,7.83
66,2.965,1.8783989278820616,8.98,5.24
66,-4.676292111841826,8.154358061919872,8.82,5.19
67,-3.55,-13.687114378129527,7.1,7.82
67,-9.870000000000001,-10.125349376688193,6.32,8.98
67,3.549999999999999,-7.77582793019496,8.26,8.45
67,-3.5500000000000007,-5.867114378129527,7.1,7.95
67,-13.33,-1.145349376688193,9.78,5.49
67,3.549999999999999,0.6741720698050395,8.96,5.62
67,-3.5500000000000007,2.0828856218704734,7.1,5.85
67,-10.010000000000002,4.344650623311807,6.46,5.58
67,-3.5500000000000016,7.932885621870473,7.74,5.36
68,-4.87,-13.274889830051322,9.74,9.89
68,-13.020000000000001,-5.515360369005817,8.15,8.99
68,4.870000000000001,-5.223025942880239,8.27,7.27
68,-4.870000000000001,-3.3848898300513213,9.74,9.58
68,4.869999999999999,2.046974057119761,7.36,5.02
68,-10.260000000000002,3.474639630994183,5.39,6.24
68,-4.870000000000002,6.195110169948679,9.74,5.24
69,-4.95,-13.245267079224941,9.9,8.83
69,-12.419999999999998,-6.75893482732302,7.47,6.78
69,4.950000000000001,-7.925623003903225,6.76,7.13
69,-4.949999999999998,-4.415267079224941,9.9,9.78
69,4.950000000000002,-0.7956230039032253,8.28,5.61
69,-12.69,0.02106517267698038,7.74,6.09
69,-4.949999999999999,5.364732920775058,9.61,7.76
70,-4.99,-13.230249430755265,9.98,8.55
70,-11.7,-7.9403778247637575,6.71,9.35
70,4.989999999999999,-8.324343817983493,6.44,9.16
70,-4.989999999999999,-4.680249430755264,9.98,9.67
70,4.990000000000001,0.8356561820165069,7.64,5.52
70,-12.119999999999997,1.4096221752362421,7.13,5.82
70,-4.9899999999999975,4.989750569244736,9.72,7.83
71,-4.8,-13.30036089735914,9.6,9.32
71,-12.14,-7.249827584156743,7.34,8.47
71,4.8,-8.970769197789007,6.13,9.34
71,-4.800000000000001,-3.980360897359139,9.6,6.13
71,4.799999999999999,0.3692308022109927,7.84,5.96
71,-12.0,1.2201724158432574,7.2,6.0
71,-4.8,2.1496391026408608,9.6,5.82
71,-4.515448141544537,7.969639102640862,8.61,5.43
72,-4.235,-13.490899710545625,8.47,5.94
72,-12.725,-6.165547420951364,8.49,8.28
72,4.234999999999999,-9.226503942447541,6.48,7.5
72,-4.234999999999999,-7.550899710545624,8.47,7.87
72,4.235000000000001,-1.7265039424475415,9.17,5.9
72,-4.234999999999999,0.31910028945437574,8.47,7.65
72,-11.355,2.1144525790486357,7.12,5.9
72,-4.235,7.969100289454376,9.74,5.0
73,-3.065,-13.803817406790051,6.13,7.57
73,-10.834999999999999,-9.085283429811094,7.77,7.63
73,3.0649999999999995,-6.749738883838399,9.36,8.29
73,-3.0649999999999995,-6.233817406790051,6.13,8.85
73,-13.035,-1.455283429811094,9.97,5.28
73,3.0650000000000004,1.5402611161616004,8.79,6.0
73,-3.045,2.616182593209949,6.11,8.7
73,-10.275,3.8247165701889063,7.23,5.59
74,-4.955,-13.243397411540592,9.91,8.93
74,-13.135,-5.235587359599687,8.18,8.77
74,4.954999999999999,-8.372190573559587,6.44,9.33
74,-4.955,-4.313397411540592,9.91,7.62
74,4.955,0.9578094264404129,7.11,6.3
74,-4.664999999999999,3.306602588459408,9.62,9.33
74,-10.774999999999999,3.534412640400313,6.11,5.61
75,-3.255,-13.7602534497007,6.51,6.85
75,-11.215,-8.611816010575238,7.96,8.3
75,3.254999999999999,-10.959259783397783,5.68,6.78
75,-3.255,-6.910253449700701,6.51,8.91
75,3.255,-4.179259783397783,9.82,8.62
75,-13.155,-0.311816010575237,9.9,5.23
75,-3.254999999999999,1.9997465502992995,6.51,5.84
75,3.255000000000001,4.440740216602216,6.33,5.81
75,-9.344999999999999,4.918183989424763,6.09,5.54
75,-3.254999999999999,7.839746550299299,6.37,5.84
76,-3.21,-13.77082060009497,6.42,7.65
76,-11.040000000000001,-8.835043859540257,7.83,7.72
76,3.209999999999999,-10.202720225508491,6.58,8.39
76,-3.210000000000001,-6.120820600094969,6.42,8.94
76,3.209999999999999,-1.8127202255084907,9.84,6.26
76,-13.08,-1.1150438595402568,9.87,5.59
76,-3.210000000000001,2.81917939990503,6.42,7.99
76,3.209999999999999,4.447279774491509,6.78,5.47
76,-9.84,4.474956140459743,6.63,5.48
77,-3.785,-13.62399996330006,7.57,9.52
77,-11.415,-8.344901137820628,7.63,6.72
77,3.7849999999999993,-9.386638109568304,6.79,6.25
77,-3.7849999999999993,-4.10399996330006,7.57,7.82
77,3.785000000000001,-3.1366381095683042,9.53,6.2
77,-13.115,-1.6249011378206282,9.33,6.2
77,3.785000000000001,3.063361890431696,7.25,5.32
77,-3.785,3.71600003669994,7.57,7.75
77,-9.675,4.575098862179372,5.89,5.71
78,-3.875,-13.598675486972986,7.75,7.02
78,-12.265,-7.036289860430709,8.39,7.45
78,3.875,-7.324655281991092,8.22,8.82
78,-3.875,-6.578675486972987,7.75,9.95
78,-12.685,0.41371013956929126,8.81,5.82
78,3.875,1.4953447180089086,8.0,5.96
78,-3.875,3.3713245130270124,7.75,7.14
79,-4.275,-13.478277894449276,8.55,7.45
79,-12.905000000000001,-5.779323057244678,8.63,7.02
79,4.275,-4.409124062668229,9.16,6.81
79,-4.275,-6.028277894449276,8.55,9.61
79,-11.935,1.2406769427553215,7.66,6.26
79,4.275,2.4008759373317705,6.92,6.12
79,-4.135,3.581722105550724,8.41,6.05
80,-3.145,-13.785810639929739,6.29,8.78
80,-9.985,-10.011961596011044,6.84,5.67
80,3.1449999999999996,-7.783416666220562,8.66,6.91
80,-3.1449999999999996,-5.00581063992974,6.29,8.81
80,-13.075,-4.3419615960110445,9.93,7.8
80,3.1450000000000005,-0.873416666220562,9.55,7.0
80,-10.754999999999999,3.4580384039889553,7.61,5.69
80,-3.1449999999999987,3.8041893600702608,6.2,7.58
81,-4.66,-13.350056179657074,9.32,9.24
81,-12.68,-6.257571413895332,8.02,8.95
81,4.659999999999999,-7.1483984220243375,7.54,7.17
81,-4.66,-4.110056179657073,9.32,9.86
81,4.66,0.021601577975662423,8.1,5.81
81,-11.39,2.6924285861046675,6.73,5.67
81,-4.66,5.749943820342926,9.32,5.64
82,-3.8,-13.619823787406355,7.6,8.99
82,-11.290000000000001,-8.513254371860388,7.49,9.79
82,3.8,-9.255457849290872,6.89,7.72
82,-3.8000000000000007,-4.629823787406355,7.6,7.42
82,3.799999999999999,-1.5354578492908724,9.5,5.8
82,-11.950000000000001,1.2767456281396115,8.15,6.27
82,-3.8000000000000007,2.7901762125936447,7.42,8.65
82,3.619999999999999,4.2645421507091275,6.03,5.86
83,-3.18,-13.77777921146946,6.36,6.02
83,-9.96,-10.03683216956426,6.78,6.32
83,3.1799999999999997,-6.903911934548414,9.16,7.78
83,-3.1800000000000006,-7.75777921146946,6.36,8.31
83,-13.07,-3.7168321695642597,9.89,7.89
83,-3.1799999999999997,0.5522207885305406,6.23,6.77
83,3.0500000000000007,0.8760880654515866,9.45,5.4
83,-10.5,4.17316783043574,7.32,5.14
83,-3.1799999999999997,7.32222078853054,9.76,5.08
84,-3.235,-13.764969124556728,6.47,9.08
84,-11.504999999999999,-8.220375599691296,8.27,8.6
84,3.2350000000000003,-9.607235554518272,7.14,7.7
84,-3.2349999999999994,-4.684969124556728,6.47,9.29
84,3.2350000000000003,-1.9072355545182722,9.87,6.37
84,-12.504999999999999,0.37962440030870326,9.27,6.02
84,3.2350000000000003,4.462764445481728,6.07,5.58
84,-3.135,4.605030875443271,6.37,8.49
85,-3.425,-13.718927618440153,6.85,9.23
85,-12.155000000000001,-7.224650510578348,8.73,9.63
85,3.424999999999999,-5.997630782233934,9.38,8.77
85,-3.4250000000000007,-4.488927618440153,6.85,9.75
85,-11.575000000000001,2.4053494894216527,8.15,5.71
85,3.424999999999999,2.772369217766066,7.55,5.75
85,-3.4250000000000007,5.261072381559847,6.85,8.11
86,-3.66,-13.658111143199854,7.32,7.31
86,-12.24,-7.079689258717505,8.58,8.6
86,3.6599999999999993,-9.719398129513989,6.61,6.9
86,-3.66,-6.348111143199854,7.32,7.48
86,3.66,-2.8193981295139885,9.52,6.32
86,-3.66,1.1318888568001464,7.32,5.19
86,-11.83,1.5203107412824943,8.17,6.22
86,3.66,3.500601870486012,7.13,5.57
86,-3.66,6.321888856800147,7.32,6.56
87,-3.905,-13.59009105929758,7.81,6.96
87,-11.605,-8.078587438407782,7.7,7.05
87,3.9049999999999994,-6.186143790763356,8.81,8.39
87,-3.9050000000000002,-6.6300910592975795,7.81,8.02
87,-13.345,-1.028587438407782,9.44,5.69
87,-3.905000000000001,1.38990894070242,7.81,5.51
87,3.9049999999999985,2.203856209236645,7.42,5.82
87,-5.735000000000003,6.89990894070242,9.64,5.73
88,-4.76,-13.31472868668378,9.52,9.63
88,-13.58,-3.939949238251681,8.82,6.66
88,4.76,-5.856850689577125,8.11,8.93
88,-4.76,-3.68472868668378,9.52,8.09
88,-10.85,2.720050761748319,6.09,6.25
88,-4.76,4.40527131331622,9.9,7.71
89,-4.905,-13.261997398582162,9.81,9.84
89,-12.075000000000001,-7.357579425327327,7.17,7.54
89,4.905,-8.164102828847762,6.64,8.02
89,-4.905000000000001,-3.421997398582162,9.76,8.49
89,4.854999999999999,-0.14410282884776215,7.95,5.55
89,-12.735000000000001,0.18242057467267347,7.83,5.79
89,-4.905000000000001,5.068002601417838,9.76,6.42
90,-3.92,-13.585771969233107,7.84,9.24
90,-11.33,-8.45994680834342,7.41,6.46
90,3.92,-6.8680419334771114,8.44,6.5
90,-3.92,-4.345771969233107,7.84,6.61
90,-13.15,-1.9999468083434193,9.23,6.08
90,3.92,-0.36804193347711145,9.0,6.01
90,-3.92,2.264228030766893,7.84,9.65
91,-3.945,-13.578533610077342,7.89,8.24
91,-13.105,-5.310233045733493,9.16,7.58
91,3.9450000000000003,-5.620407013731304,9.03,7.41
91,-3.9450000000000003,-5.3385336100773415,7.89,9.27
91,3.9449999999999994,1.789592986268696,8.08,5.35
91,-11.125,2.2697669542665073,7.18,6.05
91,-3.9450000000000003,3.931466389922658,7.89,7.33
92,-3.525,-13.693574222970422,7.05,6.98
92,-10.815000000000001,-9.10908200643731,7.29,9.34
92,3.5250000000000004,-6.930654730975999,8.8,9.43
92,-3.5250000000000012,-6.713574222970422,7.05,9.01
92,-12.425000000000002,0.23091799356268972,8.9,5.63
92,-3.525000000000002,2.2964257770295777,7.05,7.02
92,3.5249999999999977,2.4993452690240003,8.18,5.2
93,-4.295,-13.471918014893054,8.59,8.99
93,-11.305,-8.493325320509042,7.01,8.9
93,4.295,-6.446500988908637,8.29,9.23
93,-4.135,-4.481918014893054,8.43,9.64
93,-12.495,0.40667467949095837,8.36,6.19
93,4.295,2.7834990110913633,7.26,5.35
93,-4.135,5.158081985106946,8.43,8.25
94,-3.195,-13.774308512589661,6.39,6.46
94,-12.825000000000001,-5.954743907171825,9.63,9.99
94,3.1949999999999994,-8.803713705022446,7.87,8.24
94,-3.1950000000000003,-7.314308512589661,6.39,5.9
94,-3.1950000000000003,-1.4143085125896606,6.34,8.41
94,3.1449999999999996,-0.5637137050224457,9.18,6.24
94,-10.145,4.035256092828175,6.95,5.53
94,-3.1949999999999994,6.9956914874103395,9.83,5.26
95,-3.595,-13.675363797720337,7.19,6.84
95,-10.495000000000001,-9.47599994723512,6.9,7.09
95,3.5949999999999998,-8.506619481321591,7.7,7.26
95,-3.5950000000000006,-6.835363797720337,7.19,7.27
95,-13.315000000000001,-2.3859999472351205,9.72,6.33
95,3.5949999999999998,-1.2466194813215914,9.72,5.79
95,-3.5950000000000006,0.4346362022796626,7.19,7.57
95,-10.205000000000002,3.9440000527648795,6.61,5.76
95,-3.5950000000000015,8.004636202279663,7.54,5.52
96,-4.68,-13.343058120236156,9.36,8.2
96,-13.06,-5.419963099505384,8.38,8.15
96,4.680000000000001,-6.85001459852459,7.69,8.49
96,-4.68,-5.143058120236157,9.27,7.8
96,4.59,1.6399854014754105,6.69,6.04
96,-4.68,2.656941879763843,9.27,8.73
96,-11.03,2.730036900494617,6.35,5.96
97,-4.025,-13.555035042374476,8.05,7.99
97,-11.715,-7.918230547287697,7.69,5.85
97,4.025,-8.164102828847762,7.52,6.2
97,-4.004999999999998,-5.565035042374475,8.03,9.67
97,-13.415,-2.0682305472876976,9.41,5.67
97,4.025000000000001,-1.9641028288477616,9.41,5.95
97,-5.666434765061248,4.1049649576255245,9.97,8.85
98,-3.325,-13.743506648595911,6.65,7.29
98,-13.264999999999999,-4.896874002871631,9.94,8.29
98,3.325000000000001,-8.03532046654021,8.31,9.1
98,-3.3249999999999993,-6.453506648595911,6.65,7.57
98,3.325000000000001,1.06467953345979,9.17,5.55
98,-3.3249999999999993,1.1164933514040891,6.65,6.18
98,-10.184999999999999,3.393125997128368,6.86,5.67
98,-3.3249999999999984,7.296493351404089,8.81,5.66
99,-3.17,-13.780083454028862,6.34,6.46
99,-9.51,-10.464200877276774,6.34,6.52
99,3.17,-8.128634571685456,8.4,6.14
99,-3.0300000000000002,-7.320083454028862,6.2,7.82
99,-12.8,-3.9442008772767743,9.77,8.37
99,3.17,-1.9886345716854565,9.97,6.33
99,-3.030000000000001,0.4999165459711383,6.08,7.72
99,3.049999999999999,4.3413654283145435,7.1,5.4
99,-9.66,4.425799122723225,6.63,5.89
100,-4.045,-13.549080227085527,8.09,5.8
100,-10.605,-9.352730884613328,6.56,7.68
100,4.045,-9.531084670697245,6.4,8.77
100,-4.025000000000001,-7.7490802270855275,8.07,6.76
100,-13.375000000000002,-1.672730884613328,9.35,5.71
100,-4.025000000000002,-0.9890802270855277,8.03,6.46
100,4.004999999999997,-0.7610846706972456,8.76,6.25
100,-5.4950000000000045,5.470919772914472,9.5,7.34
101,-3.115,-13.792620309426342,6.23,7.8
101,-11.395,-8.372190573559587,8.28,9.18
101,3.1149999999999993,-10.100919512598841,6.78,8.96
101,-3.115,-5.992620309426342,6.23,9.66
101,3.115,-1.14091951259884,9.59,6.53
101,-12.515,0.8078094264404125,9.4,5.64
101,-3.115,3.667379690573658,6.04,8.98
102,-3.4,-13.725144807979259,6.8,8.26
102,-10.18,-9.81362318412522,6.78,6.91
102,3.4000000000000004,-6.071795451100114,9.37,8.74
102,-3.3999999999999995,-5.465144807979259,6.8,5.9
102,-13.099999999999998,-2.9036231841252196,9.7,7.2
102,-3.3999999999999986,0.4348551920207413,6.75,5.84
102,3.3500000000000014,2.668204548899886,7.9,5.88
102,-5.419999999999998,6.274855192020741,8.77,6.48
103,-3.805,-13.618427772690943,7.61,6.89
103,-12.215,-7.12273648256062,8.41,9.7
103,3.8049999999999997,-5.889700756405203,9.05,6.99
103,-3.8049999999999997,-6.728427772690943,7.61,7.11
103,-3.8049999999999997,0.38157222730905715,7.41,5.84
103,3.6050000000000004,1.1002992435947974,8.25,6.37
103,-11.254999999999999,2.5772635174393796,7.45,5.79
103,-3.804999999999999,6.221572227309057,7.33,6.84
104,-4.375,-13.446150936234503,8.75,7.14
104,-11.265,-8.546307682268408,6.89,7.15
104,4.375,-5.620407013731304,8.6,8.13
104,-4.375000000000001,-6.306150936234503,8.75,6.61
104,-13.215,-1.3963076822684073,8.84,5.98
104,-4.375,0.30384906376549736,8.75,6.12
104,4.375,2.5095929862686965,7.18,5.64
104,-5.1850000000000005,6.4238490637654975,9.56,5.7
105,-3.82,-13.614227851773306,7.64,8.02
105,-12.47,-6.66623581941113,8.65,8.21
105,3.8200000000000003,-7.430928609534611,8.21,7.45
105,-3.8200000000000003,-5.594227851773306,7.5,9.53
105,3.6799999999999997,0.019071390465389193,8.73,6.68
105,-11.950000000000001,1.5437641805888704,8.13,6.01
105,-3.8200000000000003,3.935772148226693,7.5,7.97
106,-4.495,-13.406512410019245,8.99,9.45
106,-13.395000000000001,-4.529191428941812,8.9,8.61
106,4.495000000000001,-7.629585506434801,7.41,8.53
106,-4.495000000000001,-3.9565124100192453,8.74,7.53
106,4.244999999999999,0.9004144935651981,8.27,5.66
106,-4.335000000000001,3.573487589980755,8.58,9.55
107,-3.925,-13.584328286669166,7.85,7.72
107,-13.125,-5.260605953690127,9.2,9.19
107,3.924999999999999,-9.901039086883761,6.17,8.24
107,-3.9250000000000007,-5.864328286669166,7.72,8.25
107,3.794999999999999,-1.6610390868837612,9.82,5.32
107,-3.9250000000000007,2.385671713330834,7.72,7.65
107,3.794999999999999,3.658960913116239,6.74,5.77
108,-4.965,-13.239651619283643,9.93,8.52
108,-10.965,-8.927954692985399,6.0,8.15
108,4.965,-7.918230547287697,6.75,8.5
108,-4.965,-4.719651619283644,9.93,9.58
108,-12.795,-0.7779546929853982,7.83,6.53
108,4.965,0.5817694527123027,7.18,6.27
108,-4.645,4.860348380716356,9.61,8.16
109,-4.245,-13.487756485049692,8.49,9.45
109,-13.085,-5.359325983740866,8.84,8.2
109,4.244999999999999,-8.903335049294732,6.74,8.71
109,-4.245000000000001,-4.037756485049693,8.27,8.69
109,4.024999999999999,-0.19333504929473122,8.95,5.68
109,-10.785,2.8406740162591335,6.54,6.09
109,-4.245,4.652243514950307,8.1,7.02
110,-4.91,-13.260147058008068,9.82,8.02
110,-12.39,-6.813772816876125,7.48,7.24
110,4.91,-6.813772816876125,7.48,6.4
110,-4.91,-5.240147058008068,9.82,6.33
110,4.91,-0.41377281687612477,7.77,6.21
110,-12.33,0.4262271831238751,7.42,6.41
110,-4.91,1.089852941991932,9.78,9.26
111,-4.54,-13.391340485552595,9.08,9.31
111,-12.489999999999998,-6.628687652921959,7.95,6.56
111,4.540000000000001,-5.095439137110754,8.65,7.63
111,-4.340000000000001,-4.0813404855525945,8.88,7.55
111,-12.6,-0.06868765292195977,8.26,6.38
111,4.54,2.534560862889246,6.9,5.63
111,-4.07,3.4686595144474053,8.61,9.34
112,-3.99,-13.56537872674405,7.98,6.94
112,-10.97,-8.921810354406778,6.98,6.79
112,3.99,-8.552894246978623,7.27,8.91
112,-3.96,-6.62537872674405,7.95,9.85
112,-13.200000000000001,-2.1318103544067784,9.24,7.14
112,3.99,0.3571057530213775,8.6,5.42
112,-3.8099999999999996,3.2246212732559494,7.8,9.59
113,-4.105,-13.531022688621878,8.21,9.95
113,-12.415000000000001,-6.768114582363391,8.31,6.83
113,4.105,-5.310233045733493,9.0,8.27
113,-3.885,-3.5810226886218786,7.99,9.26
113,-12.515,0.06188541763660904,8.63,5.91
113,4.105,2.959766954266507,6.75,5.87
113,-3.755,5.678977311378121,7.86,7.2
114,-3.165,-13.78123270973972,6.33,6.4
114,-12.764999999999999,-6.082300140571825,9.6,6.91
114,3.165000000000001,-8.385784101680652,8.22,8.77
114,-3.164999999999999,-7.38123270973972,6.19,9.45
114,3.0250000000000012,0.3842158983193471,9.35,5.69
114,-12.594999999999999,0.8276998594281748,9.43,5.42
114,-3.164999999999999,2.068767290260279,6.19,7.54
115,-4.155,-13.515752846216152,8.31,6.91
115,-10.835,-9.085283429811092,6.68,6.99
115,4.154999999999999,-8.24829527841966,7.33,8.56
115,-4.145000000000001,-6.605752846216152,8.3,7.49
115,-13.735000000000001,-2.095283429811092,9.59,5.22
115,4.154999999999999,0.311704721580341,8.54,5.82
115,-3.955,0.8842471537838481,8.11,5.45
115,-11.265,3.124716570188908,7.31,5.4
115,-3.955000000000001,6.334247153783848,9.25,6.64
116,-4.565,-13.382838824404933,9.13,9.85
116,-10.435000000000002,-9.54203201629506,5.87,8.72
116,4.5649999999999995,-7.918230547287697,7.15,9.34
116,-4.2749999999999995,-3.5328388244049336,8.84,9.92
116,-12.854999999999999,-0.8220320162950596,8.58,5.98
116,4.565,1.4217694527123026,7.17,5.66
116,-5.034999999999998,6.387161175595066,9.6,6.78
117,-4.53,-13.394726574290347,9.06,9.27
117,-12.430000000000001,-6.7405266856529815,7.9,9.7
117,4.53,-7.745366356732263,7.3,8.32
117,-4.530000000000001,-4.124726574290348,8.96,9.87
117,4.43,0.5746336432677372,8.18,5.7
117,-4.950000000000001,5.745273425709652,9.38,6.98
118,-4.345,-13.455875110894869,8.69,7.53
118,-12.864999999999998,-5.8678254064005735,8.52,6.85
118,4.344999999999999,-5.66635464827256,8.61,9.79
118,-4.1850000000000005,-5.925875110894869,8.53,6.3
118,-4.275,0.374124889105131,8.62,5.74
118,-11.985,0.9821745935994262,7.71,6.0
118,-4.2749999999999995,6.114124889105131,9.41,6.38
119,-3.94,-13.579985272451514,7.88,9.45
119,-11.34,-8.446537752239081,7.4,7.02
119,3.9399999999999995,-9.255457849290872,6.75,6.5
119,-3.9399999999999995,-4.129985272451515,7.77,9.78
119,3.83,-2.755457849290872,9.66,5.78
119,-13.459999999999999,-1.4265377522390814,9.52,5.72
119,3.83,3.024542150709128,7.03,5.83
119,-5.370000000000001,5.650014727548484,9.2,6.93
120,-4.36,7.891022265984099,8.72,5.56
120,-11.733344263156315,-0.308977734015901,9.41,8.2
120,-12.055812210142346,-7.388977734015901,8.7,7.08
120,-5.046038765434939,-13.208977734015901,9.27,5.82
120,4.223961234565061,1.3410222659840985,7.05,6.55
120,4.223961234565061,-4.388977734015903,8.4,5.73
120,-3.3558122101423464,-7.388977734015901,7.54,6.77
120,-2.323344263156315,-0.6189777340159015,6.38,8.26
121,-3.765,-13.629540527838786,7.53,6.11
121,-9.775,-10.217092296734918,6.01,8.08
121,3.7649999999999997,-7.888559754479903,7.97,7.44
121,-3.705,-7.519540527838786,7.47,7.86
121,-13.445,-2.1370922967349184,9.74,5.79
121,3.7649999999999997,-0.44855975447990293,8.26,6.12
121,-3.6550000000000002,0.3404594721612142,7.42,6.9
121,-5.042158321035352,7.240459472161215,8.1,5.97
122,-4.87,-13.274889830051322,9.74,9.75
122,-11.47,-8.269141430644417,6.6,7.2
122,4.870000000000001,-6.19641025110507,7.84,7.57
122,-4.549999999999999,-3.524889830051322,9.42,7.83
122,-12.469999999999999,-1.0691414306444171,7.92,7.05
122,4.870000000000001,1.37358974889493,6.05,7.44
122,-4.51,4.305110169948678,9.38,8.34
123,3.5788229887072642,-4.145,9.94,8.29
123,-7.722407331914061,-11.844999999999999,9.61,7.7
123,1.8875926680859383,-10.774999999999999,7.15,6.63
123,-4.661177011292734,-4.144999999999999,8.24,8.4
123,-13.461177011292735,-4.144999999999999,8.8,8.24
123,-7.341142622235314,4.255000000000001,7.73,7.83
123,0.388857377764686,4.255000000000002,7.05,7.22
