Instance: CBPP
Bin radius: 14.14
Rotate enable: false
Bin num: 13
Lower bound: 12
Opt: false
Gap: 0.07692307692307693
Bin id,X coordinate of lower left corner,Y coordinate of lower left corner,Item's width,Item's height
1,-2.445,-13.927008831762835,4.89,4.99
1,-7.285,-12.1189263138283,4.84,4.99
1,-12.004999999999999,-7.471249895432494,4.72,4.93
1,-13.895,-2.620796634613228,1.89,4.85
1,-13.504999999999999,-4.030796634613228,1.5,1.41
1,-13.075,-5.320796634613228,1.07,1.29
1,-11.195,-8.581249895432494,3.91,1.11
1,-9.865,-10.091249895432494,2.58,1.51
1,-8.545,-11.241249895432494,1.26,1.15
1,-4.945,-13.1489263138283,2.5,1.03
1,2.4450000000000003,-12.082655958025123,4.9,4.64
1,2.445,-13.162655958025123,2.71,1.08
1,7.345000000000001,-7.308117062554486,4.76,4.74
1,7.345000000000001,-8.328117062554487,3.99,1.02
1,7.345000000000001,-9.348117062554486,3.12,1.02
1,7.345000000000001,-10.388117062554485,2.24,1.04
1,12.105,-3.0141955809137486,1.71,4.98
1,12.105,-4.364195580913748,1.33,1.35
1,-2.4450000000000003,-8.937008831762835,4.89,3.99
1,2.545000000000001,-7.4426559580251235,4.8,4.5
1,-7.284999999999999,-7.1289263138283,4.84,3.47
1,-2.424999999999999,-4.947008831762835,4.97,4.43
1,-7.284999999999999,-3.6589263138283,4.86,2.37
1,2.545000000000001,-2.9426559580251235,4.8,3.77
1,7.345000000000001,-2.568117062554486,4.76,2.16
1,-12.004999999999999,-2.541249895432494,4.72,4.21
1,-7.284999999999999,-1.2889263138282998,4.86,1.06
1,-2.424999999999999,-0.5170088317628352,4.97,1.88
1,7.465000000000001,-0.4081170625544859,4.64,4.84
1,-7.284999999999999,-0.22892631382829975,4.77,4.45
1,2.545000000000001,0.8273440419748765,4.92,4.45
1,-2.4349999999999996,1.3629911682371647,4.98,4.4
1,-12.004999999999999,1.668750104567506,4.72,3.26
1,12.105,1.9658044190862518,1.6,1.44
1,-13.504999999999999,2.2292033653867716,1.5,1.81
1,12.105,3.4058044190862518,1.27,1.04
1,-13.134999999999998,4.039203365386772,1.13,1.16
1,-7.284999999999999,4.2210736861717,4.85,4.11
1,7.465000000000001,4.431882937445514,4.61,2.91
1,-12.004999999999999,4.928750104567506,4.72,2.43
1,2.545000000000001,5.277344041974876,4.92,2.73
1,-2.4349999999999996,5.762991168237165,4.98,1.59
1,7.465000000000001,7.341882937445514,3.8,1.08
1,-2.4349999999999996,7.352991168237165,4.98,1.38
1,-10.754999999999999,7.3587501045675054,3.47,1.66
1,2.545000000000001,8.007344041974877,4.92,1.95
1,-7.284999999999998,8.3310736861717,4.85,1.12
1,7.465000000000001,8.421882937445513,2.48,1.54
1,-2.325,8.732991168237165,4.87,4.33
1,-9.494999999999997,9.018750104567506,2.21,1.44
1,-7.154999999999999,9.4510736861717,4.83,2.7
1,2.545,9.957344041974876,4.8,1.78
1,7.345,9.961882937445512,1.12,1.08
1,2.545,11.737344041974875,2.67,1.35
1,-4.725,12.1510736861717,2.4,1.17
2,-2.34,-13.945034958722765,4.68,4.72
2,-6.91,-12.33659191186934,4.57,4.82
2,-11.45,-8.296812641008595,4.54,4.85
2,-13.91,-2.539980314884352,2.46,4.9
2,-13.54,-3.8499803148843514,2.09,1.31
2,-13.18,-5.109980314884352,1.73,1.26
2,-10.42,-9.536812641008595,3.51,1.24
2,-9.35,-10.586812641008596,2.44,1.05
2,-4.68,-13.33659191186934,2.34,1.0
2,2.34,-12.085694022272781,5.0,4.36
2,2.34,-13.175694022272781,2.64,1.09
2,7.339999999999999,-7.77582793019496,4.47,4.87
2,7.34,-8.83582793019496,3.6,1.06
2,7.34,-10.00582793019496,2.59,1.17
2,11.809999999999999,-2.5941472587345658,2.09,4.79
2,11.809999999999999,-4.234147258734565,1.64,1.64
2,11.809999999999999,-5.794147258734567,1.02,1.56
2,-2.34,-9.225034958722766,4.61,4.7
2,2.41,-7.725694022272781,4.93,4.24
2,-6.909999999999999,-7.516591911869339,4.57,2.49
2,-6.909999999999999,-5.026591911869339,4.5,4.74
2,-2.4099999999999993,-4.525034958722766,4.67,4.39
2,2.2600000000000007,-3.4856940222727806,4.96,3.88
2,-11.45,-3.446812641008595,4.54,3.29
2,7.220000000000001,-2.9058279301949597,4.59,1.99
2,7.369999999999998,-0.9158279301949597,4.44,4.8
2,-6.909999999999999,-0.28659191186933874,4.5,1.15
2,-11.45,-0.15681264100859504,4.54,3.29
2,-2.4099999999999993,-0.13503495872276616,4.53,4.67
2,2.120000000000001,0.3943059777272193,4.77,4.09
2,-6.799999999999999,0.8634080881306612,4.39,4.85
2,11.809999999999999,2.1958527412654343,1.79,1.66
2,-13.67,2.3600196851156485,2.22,1.08
2,-11.45,3.133187358991405,4.65,3.82
2,-13.35,3.4400196851156486,1.9,1.19
2,11.809999999999999,3.8558527412654344,1.19,1.62
2,6.929999999999999,3.8841720698050404,4.88,3.53
2,2.2399999999999984,4.484305977727219,4.69,3.81
2,-2.4099999999999993,4.534965041277234,4.65,1.25
2,-12.53,4.6300196851156485,1.08,1.91
2,-6.799999999999999,5.713408088130661,4.39,3.68
2,-2.4099999999999993,5.784965041277234,4.56,4.37
2,-11.309999999999999,6.953187358991405,4.51,1.52
2,6.929999999999999,7.414172069805041,4.11,1.38
2,2.1500000000000004,8.29430597772722,4.78,3.4
2,-10.009999999999998,8.473187358991405,3.21,1.28
2,6.930000000000001,8.79417206980504,2.72,1.39
2,-6.74,9.393408088130661,4.33,2.98
2,-9.11,9.753187358991404,2.37,1.04
2,-2.41,10.154965041277233,4.56,3.66
2,2.1499999999999995,11.69430597772722,3.77,1.12
2,-4.29,12.373408088130661,1.88,1.05
3,-2.17,-13.972497987117407,4.34,4.97
3,-6.46,-12.578076164501471,4.29,4.92
3,-10.76,-9.173984957476224,4.3,4.88
3,-13.9,-2.5941472587345547,3.14,5.0
3,-13.36,-4.424147258734555,2.6,1.83
3,-12.809999999999999,-5.944147258734555,2.05,1.52
3,-11.879999999999999,-7.6641472587345545,1.12,1.72
3,-9.31,-10.603984957476223,2.85,1.43
3,2.17,-12.499899999599997,4.44,4.61
3,6.61,-9.126861453972007,4.19,4.86
3,6.61,-10.666861453972007,2.48,1.54
3,10.8,-2.6991109647437623,3.08,4.84
3,10.8,-4.409110964743763,2.57,1.71
3,10.8,-6.1391109647437645,1.91,1.73
3,-2.17,-9.002497987117408,4.31,4.68
3,2.1399999999999997,-7.889899999599996,4.47,2.43
3,-6.46,-7.658076164501471,4.19,4.79
3,2.1900000000000013,-5.459899999599996,4.42,4.47
3,-2.2699999999999996,-4.3224979871174085,4.46,3.81
3,-10.76,-4.293984957476224,4.21,4.71
3,6.610000000000001,-4.266861453972006,4.19,3.57
3,-6.55,-2.8680761645014714,4.28,3.56
3,2.1900000000000004,-0.989899999599996,4.42,3.66
3,6.61,-0.6968614539720064,4.1,4.9
3,-2.1399999999999997,-0.5124979871174085,4.33,4.51
3,-10.76,0.4160150425237763,4.13,4.83
3,-6.63,0.6919238354985286,4.41,4.4
3,10.71,2.1408890352562375,2.96,1.41
3,-13.44,2.4058527412654453,2.68,1.85
3,2.1900000000000004,2.670100000400004,4.42,3.17
3,10.71,3.5508890352562377,2.46,1.37
3,-2.2199999999999998,3.9975020128825913,4.41,3.29
3,6.61,4.2031385460279935,4.02,4.9
3,-12.78,4.255852741265445,2.02,1.72
3,10.629999999999999,4.920889035256238,2.07,1.05
3,-6.58,5.091923835498529,4.36,4.26
3,-10.76,5.246015042523776,4.18,3.78
3,2.1900000000000004,5.840100000400004,4.42,1.01
3,10.629999999999999,5.970889035256238,1.46,1.33
3,-11.87,5.975852741265445,1.11,1.57
3,2.3000000000000007,6.850100000400004,4.31,4.27
3,-2.1799999999999997,7.287502012882591,4.48,3.52
3,-9.58,9.026015042523776,3.0,1.33
3,6.61,9.103138546027994,2.27,1.64
3,-6.529999999999999,9.351923835498528,4.35,2.78
3,-7.6499999999999995,10.356015042523776,1.12,1.49
3,-2.1799999999999997,10.80750201288259,4.37,2.75
3,2.1900000000000004,11.120100000400004,4.54,1.29
3,-4.65,12.131923835498528,2.47,1.02
3,2.1900000000000004,12.410100000400003,1.99,1.09
4,-2.065,-13.988401445483326,4.13,4.7
4,-5.965,-12.820233032203433,3.9,4.91
4,-10.585,-9.375359993088265,4.62,4.13
4,-13.915000000000001,-2.512444029227313,3.33,4.85
4,-13.315000000000001,-4.5924440292273125,2.73,2.08
4,-12.815000000000001,-5.972444029227312,2.23,1.38
4,-11.975000000000001,-7.502444029227312,1.39,1.53
4,-9.055,-10.775359993088266,3.09,1.4
4,2.0650000000000004,-12.744566489292604,4.06,4.64
4,6.125000000000001,-9.191549107740217,4.62,4.06
4,6.125,-10.761549107740217,3.01,1.57
4,10.745000000000001,-2.3990362648363583,3.19,4.77
4,10.745000000000001,-4.239036264836358,2.73,1.84
4,10.745000000000001,-5.779036264836358,1.96,1.54
4,10.745000000000001,-7.389036264836357,1.27,1.61
4,-2.065,-9.288401445483327,4.13,2.55
4,2.065,-8.104566489292605,4.06,4.46
4,-5.965000000000001,-7.910233032203433,3.81,4.89
4,-2.1550000000000007,-6.738401445483327,4.22,3.14
4,-10.585,-5.2453599930882655,4.62,3.08
4,6.195000000000001,-5.131549107740217,4.55,3.93
4,2.1450000000000022,-3.644566489292605,4.05,4.59
4,-2.0149999999999983,-3.598401445483327,4.16,4.32
4,-5.965000000000001,-3.020233032203433,3.95,4.21
4,-10.585,-2.1653599930882654,4.56,2.54
4,6.295000000000001,-1.2015491077402172,4.45,2.43
4,-10.585,0.3746400069117346,4.6,2.33
4,-2.0150000000000006,0.7215985545166732,4.16,2.84
4,2.1449999999999996,0.945433510707395,4.15,1.5
4,-5.9750000000000005,1.189766967796567,3.96,4.62
4,6.295,1.228450892259783,4.45,2.26
4,-13.585,2.3375559707726867,3.0,1.56
4,10.745000000000001,2.3709637351636412,2.68,1.8
4,2.1449999999999996,2.445433510707395,4.02,4.49
4,-10.585,2.7046400069117347,4.61,1.76
4,6.164999999999999,3.4884508922597828,4.54,2.36
4,-2.0150000000000006,3.561598554516673,4.16,2.7
4,-12.875,3.897555970772687,2.29,1.55
4,10.704999999999998,4.1709637351636415,2.0,1.93
4,-10.175,4.4646400069117345,4.2,4.18
4,-12.235000000000001,5.447555970772687,2.06,1.37
4,-5.9750000000000005,5.809766967796567,3.96,4.24
4,6.164999999999999,5.848450892259782,4.43,2.21
4,10.594999999999999,6.100963735163641,1.35,1.41
4,-2.0150000000000006,6.261598554516674,4.16,1.49
4,2.1449999999999996,6.935433510707395,4.02,2.79
4,-2.0150000000000006,7.751598554516674,4.08,4.4
4,6.164999999999999,8.058450892259781,4.37,1.36
4,-9.555000000000001,8.644640006911734,3.58,1.73
4,6.164999999999999,9.41845089225978,3.11,1.24
4,2.0649999999999995,9.725433510707395,4.08,2.91
4,-5.975000000000001,10.049766967796568,3.96,2.18
4,-7.635000000000002,10.374640006911735,1.66,1.48
4,-1.9950000000000019,12.151598554516674,4.06,1.72
4,-3.6750000000000007,12.229766967796568,1.68,1.41
5,-1.91,-14.010406846341045,3.82,4.87
5,-5.73,-12.92697567105315,3.82,4.84
5,-9.43,-10.5363513608839,3.7,4.89
5,-13.3,-4.800999895855029,3.87,4.62
5,-12.53,-6.390999895855028,3.1,1.59
5,-11.66,-7.940999895855028,2.23,1.55
5,-7.2700000000000005,-12.086351360883901,1.54,1.55
5,1.9100000000000001,-13.030713717981836,3.58,4.93
5,5.490000000000001,-10.746324953210749,3.7,4.76
5,5.49,-12.106324953210748,1.62,1.36
5,9.190000000000001,-4.717064765296314,4.14,4.21
5,9.190000000000001,-6.0270647652963145,3.58,1.31
5,9.190000000000001,-7.797064765296314,2.48,1.77
5,9.190000000000001,-9.117064765296314,1.54,1.32
5,-1.9100000000000006,-9.140406846341044,3.82,3.74
5,1.9099999999999993,-8.100713717981836,3.52,4.89
5,-5.67,-8.08697567105315,3.76,4.51
5,5.480000000000001,-5.986324953210749,3.71,4.11
5,-9.43,-5.646351360883901,3.72,4.01
5,-1.8599999999999999,-5.400406846341044,3.77,4.31
5,-5.709999999999999,-3.57697567105315,3.85,2.38
5,1.9100000000000001,-3.210713717981837,3.57,4.26
5,5.48,-1.8763249532107489,3.71,3.47
5,-9.43,-1.6363513608839009,3.62,4.59
5,-5.81,-1.19697567105315,3.88,4.43
5,-1.9299999999999997,-1.0904068463410441,3.84,3.25
5,9.190000000000001,-0.5070647652963141,4.79,2.58
5,-13.69,-0.18099989585502918,4.26,3.66
5,1.9100000000000001,1.049286282018163,3.48,4.94
5,5.390000000000001,1.5936750467892513,3.8,3.89
5,9.190000000000001,2.072935234703686,4.18,2.27
5,-1.8899999999999997,2.159593153658956,3.8,3.88
5,-9.43,2.953648639116099,3.62,3.74
5,-5.81,3.2330243289468497,3.92,1.44
5,-13.08,3.479000104144971,3.65,1.47
5,9.190000000000001,4.3429352347036865,3.87,1.05
5,-5.81,4.67302432894685,3.89,3.14
5,-12.49,4.949000104144971,3.06,1.32
5,9.190000000000001,5.392935234703686,3.23,1.22
5,5.390000000000001,5.483675046789251,3.8,2.53
5,1.9100000000000001,5.989286282018163,3.48,4.28
5,-1.8599999999999999,6.039593153658956,3.77,3.76
5,-11.57,6.269000104144971,2.14,1.83
5,9.190000000000001,6.612935234703686,2.29,1.52
5,-9.43,6.693648639116099,3.62,3.5
5,-5.81,7.813024328946851,3.93,3.54
5,5.390000000000001,8.01367504678925,3.69,2.73
5,-1.8799999999999994,9.799593153658956,3.79,1.97
5,-7.789999999999999,10.193648639116098,1.98,1.49
5,1.9100000000000006,10.269286282018165,3.44,2.54
5,5.3500000000000005,10.743675046789251,1.83,1.14
5,-5.749999999999999,11.353024328946852,3.87,1.31
5,-1.8699999999999997,11.769593153658956,3.78,1.94
6,-2.005,-13.997127383859876,4.01,4.34
6,-6.744999999999999,-12.42757317419616,4.74,3.59
6,-10.945,-8.952461951887873,4.2,4.05
6,-13.915000000000001,-2.512444029227313,2.97,4.9
6,-13.525,-3.8924440292273124,2.58,1.38
6,-12.795,-5.982444029227313,1.85,2.09
6,-9.055,-10.372461951887873,2.31,1.42
6,2.005,-12.796850198388666,4.01,4.22
6,6.015000000000001,-10.432285224244975,3.53,4.78
6,6.015,-12.012285224244975,1.42,1.58
6,9.545,-5.479815234111458,3.49,4.83
6,9.545,-7.639815234111458,2.34,2.16
6,13.035,-1.5480875298251107,1.02,3.03
6,-2.004999999999999,-9.657127383859876,4.01,3.54
6,-6.745,-8.83757317419616,4.74,2.9
6,2.0150000000000015,-8.576850198388666,4.0,3.73
6,-1.9449999999999985,-6.117127383859876,3.96,3.56
6,-6.745,-5.93757317419616,4.8,2.55
6,6.0150000000000015,-5.652285224244975,3.53,2.15
6,-10.945,-4.902461951887873,4.14,3.78
6,2.0150000000000015,-4.846850198388665,3.93,3.25
6,5.945000000000002,-3.5022852242449747,3.6,3.83
6,-6.805000000000001,-3.3875731741961603,4.71,3.24
6,-2.0950000000000006,-2.5571273838598763,4.04,3.93
6,1.9449999999999994,-1.5968501983886654,3.93,2.86
6,-10.945,-1.1224619518878733,4.08,3.47
6,9.545000000000002,-0.6498152341114576,3.49,3.65
6,-6.865,-0.14757317419616012,4.77,2.7
6,5.875,0.3277147757550254,3.67,3.96
6,2.015,1.2631498016113345,3.86,2.92
6,-2.0249999999999995,1.372872616140124,4.04,3.5
6,-10.915,2.347538048112127,4.05,3.4
6,-13.434999999999999,2.3875559707726874,2.52,1.96
6,-6.864999999999999,2.55242682580384,4.78,2.31
6,9.545,3.0001847658885423,3.7,1.39
6,2.0150000000000006,4.183149801611334,3.86,2.68
6,5.875,4.287714775755026,3.61,4.53
6,-12.785,4.347555970772687,1.87,1.66
6,9.485,4.3901847658885425,3.33,1.52
6,-6.864999999999999,4.862426825803841,4.75,2.31
6,-2.1149999999999993,4.872872616140124,4.03,3.11
6,-10.905,5.747538048112126,4.04,2.81
6,9.485,5.910184765888543,2.04,2.27
6,1.9649999999999999,6.863149801611334,3.91,2.75
6,-6.864999999999999,7.172426825803841,4.64,3.62
6,-2.2249999999999996,7.982872616140124,4.06,2.55
6,-9.645,8.557538048112127,2.78,1.77
6,5.875,8.817714775755025,3.94,1.3
6,1.835,9.613149801611334,3.91,2.44
6,5.745,10.117714775755026,1.71,1.86
6,-1.855,10.532872616140125,3.69,3.28
6,-6.565,10.79242682580384,4.71,1.47
6,1.835,12.053149801611333,1.79,1.61
6,-3.285,12.262426825803841,1.43,1.42
7,-1.68,-14.039843303968889,3.36,4.93
7,-5.18,-13.157020939407218,3.5,4.62
7,-8.59,-11.231718479377944,3.41,4.73
7,-11.79,-7.80611939442384,3.2,4.98
7,-13.799999999999999,-3.082142112232991,2.01,4.93
7,-13.129999999999999,-5.142142112232991,1.34,2.06
7,-10.42,-9.47611939442384,1.83,1.67
7,1.6799999999999997,-13.153079487329194,3.51,4.53
7,5.1899999999999995,-10.455104016699213,4.33,3.67
7,5.1899999999999995,-12.355104016699213,1.6,1.9
7,9.52,-5.585651260148632,3.47,4.57
7,9.52,-7.475651260148632,2.34,1.89
7,9.52,-9.195651260148631,1.22,1.72
7,12.99,-1.9848425630260988,1.01,3.81
7,-1.6799999999999997,-9.109843303968889,3.36,2.98
7,1.6800000000000002,-8.623079487329193,3.51,4.42
7,-5.18,-8.537020939407217,3.5,3.78
7,5.1899999999999995,-6.785104016699213,4.33,2.36
7,-8.59,-6.501718479377944,3.41,1.44
7,-1.6799999999999997,-6.129843303968888,3.36,1.93
7,-8.59,-5.061718479377944,3.32,4.69
7,-5.27,-4.757020939407218,3.59,3.91
7,5.26,-4.425104016699214,4.26,3.63
7,1.7399999999999998,-4.203079487329193,3.52,4.29
7,-1.6799999999999997,-4.199843303968889,3.42,3.29
7,-11.79,-2.8261193944238396,3.2,4.94
7,9.52,-1.0156512601486316,3.47,2.05
7,-1.6799999999999997,-0.9098433039688887,3.42,2.19
7,-5.24,-0.8470209394072175,3.56,3.87
7,5.279999999999999,-0.7951040166992138,4.24,3.28
7,-8.59,-0.371718479377944,3.35,4.41
7,1.7400000000000002,0.08692051267080725,3.54,3.33
7,9.52,1.0343487398513682,3.46,4.2
7,-1.6800000000000002,1.2801566960311113,3.42,1.72
7,-13.6,1.8478578877670087,1.81,1.89
7,-11.79,2.1138806055761608,3.2,3.55
7,5.3999999999999995,2.484895983300786,4.12,2.49
7,-1.5699999999999998,3.0001566960311115,3.31,4.37
7,-5.23,3.0229790605927827,3.66,3.89
7,1.7400000000000002,3.4169205126708073,3.66,3.5
7,-12.86,3.7378578877670083,1.07,2.06
7,-8.59,4.038281520622056,3.36,1.7
7,5.4,4.974895983300787,4.12,2.22
7,9.52,5.234348739851368,2.78,1.67
7,-11.79,5.663880605576161,3.2,2.1
7,-8.59,5.738281520622056,3.29,3.76
7,9.52,6.904348739851368,1.78,1.5
7,-5.3,6.912979060592782,3.73,2.81
7,1.7400000000000002,6.916920512670807,3.66,1.37
7,5.449999999999999,7.194895983300787,4.07,2.02
7,-1.5699999999999998,7.370156696031112,3.23,4.64
7,-10.34,7.76388060557616,1.75,1.71
7,1.6600000000000001,8.286920512670807,3.68,3.91
7,5.34,9.214895983300787,3.37,1.88
7,-8.68,9.498281520622056,3.38,1.5
7,-5.25,9.722979060592783,3.68,2.67
7,-1.5699999999999998,12.01015669603111,3.14,1.77
7,1.5700000000000003,12.196920512670808,1.87,1.51
8,-1.595,-14.049753556557496,3.19,4.85
8,-6.555000000000001,-12.528829753811806,4.96,3.09
8,-10.925,-8.976857746450035,4.37,3.48
8,-13.865,-2.7751351318449364,2.94,4.95
8,-12.965,-5.615135131844937,2.04,2.84
8,-12.015,-7.355135131844937,1.09,1.74
8,-9.615,-10.276857746450036,3.06,1.3
8,1.5949999999999998,-12.691114017295725,4.64,3.25
8,6.2349999999999985,-9.049385338242596,4.63,3.21
8,6.234999999999999,-10.599385338242596,2.97,1.55
8,10.864999999999998,-2.72469723088641,3.01,4.73
8,10.864999999999998,-5.34469723088641,2.11,2.62
8,10.864999999999998,-7.004697230886411,1.32,1.66
8,1.964999999999999,-9.441114017295725,4.27,2.82
8,-6.555000000000001,-9.438829753811806,4.91,2.95
8,-1.6450000000000005,-9.199753556557496,3.61,2.49
8,-1.6450000000000005,-6.709753556557496,3.5,3.03
8,1.8549999999999995,-6.621114017295724,4.25,2.71
8,-6.525,-6.488829753811806,4.88,2.67
8,6.164999999999998,-5.839385338242596,4.7,2.19
8,-10.925,-5.4968577464500346,4.36,2.35
8,1.8549999999999995,-3.9111140172957244,4.31,1.15
8,-6.565,-3.818829753811806,4.88,2.6
8,-1.6850000000000005,-3.6797535565574964,3.54,2.48
8,6.204999999999998,-3.649385338242596,4.66,2.16
8,-10.925,-3.1468577464500345,4.27,1.23
8,1.8549999999999995,-2.7611140172957245,3.69,3.87
8,-10.925,-1.9168577464500345,3.65,3.78
8,5.864999999999998,-1.4893853382425957,5.0,2.72
8,-7.275,-1.2188297538118058,4.89,2.59
8,-2.3850000000000007,-1.1997535565574964,3.86,2.59
8,1.4749999999999992,1.1088859827042756,4.37,2.12
8,5.844999999999999,1.2306146617574045,4.87,2.33
8,-7.275,1.371170246188194,4.88,2.27
8,-2.3950000000000005,1.3902464434425035,3.78,3.09
8,-10.905000000000001,1.8631422535499653,3.63,3.85
8,10.715,2.0053027691135905,2.86,1.84
8,-13.425,2.1748648681550637,2.52,2.21
8,1.3849999999999993,3.2288859827042757,4.44,2.07
8,5.824999999999999,3.5606146617574046,4.77,1.44
8,-7.275000000000001,3.641170246188194,4.88,1.33
8,10.594999999999999,3.845302769113591,2.17,2.06
8,-12.575000000000001,4.384864868155064,1.67,1.68
8,-2.3150000000000013,4.480246443442503,3.7,1.35
8,-7.255000000000002,4.971170246188194,4.94,2.06
8,5.874999999999999,5.000614661757405,4.72,2.17
8,1.984999999999999,5.298885982704276,3.89,2.21
8,-10.815000000000001,5.713142253549965,3.56,2.7
8,-1.6150000000000007,5.830246443442503,3.6,2.65
8,10.594999999999999,5.905302769113591,1.39,1.57
8,-6.545,7.031170246188195,4.93,1.74
8,5.874999999999999,7.170614661757405,3.63,1.32
8,9.504999999999999,7.170614661757405,1.09,1.91
8,2.3249999999999993,7.5088859827042755,3.55,2.62
8,-10.165,8.413142253549966,3.62,1.29
8,-1.2750000000000008,8.480246443442503,3.6,2.41
8,5.874999999999999,8.490614661757405,3.29,2.22
8,-6.205000000000001,8.771170246188195,4.93,1.69
8,-7.665000000000001,9.703142253549967,1.46,2.13
8,2.3249999999999993,10.128885982704276,3.51,2.61
8,-6.205000000000001,10.461170246188194,4.87,1.31
8,-1.1349999999999998,10.890246443442503,3.46,2.95
8,-3.8949999999999996,11.771170246188195,2.76,1.65
9,-1.55,-14.0547892193373,3.1,4.79
9,-4.540000000000001,-13.391340485552595,2.99,4.71
9,-7.380000000000001,-12.061310044932931,2.84,4.9
9,-10.75,-9.185700844246998,3.37,4.1
9,-13.97,-2.186023787610736,3.22,4.27
9,-13.48,-4.1760237876107364,2.73,1.99
9,-12.47,-6.616023787610736,1.72,2.44
9,-8.610000000000001,-11.205700844246998,1.23,2.02
9,1.5499999999999998,-13.370848888533592,3.05,4.49
9,4.6,-12.073524754602529,2.76,4.93
9,7.3599999999999985,-9.115015085012205,3.45,3.9
9,7.359999999999999,-10.955015085012205,1.57,1.84
9,10.809999999999999,-2.6991109647437677,3.07,4.31
9,10.809999999999999,-5.639110964743766,2.14,2.94
9,10.809999999999999,-7.689110964743766,1.05,2.05
9,-1.5500000000000007,-9.264789219337299,3.05,4.1
9,1.4999999999999991,-8.880848888533592,3.04,3.94
9,-4.540000000000001,-8.681340485552596,2.99,3.39
9,-7.38,-7.1613100449329306,2.84,4.36
9,4.539999999999999,-7.143524754602529,2.75,4.14
9,-4.54,-5.291340485552595,2.99,3.12
9,7.3599999999999985,-5.215015085012205,3.45,3.53
9,-1.5499999999999998,-5.164789219337299,3.05,3.01
9,-10.75,-5.085700844246999,3.37,2.24
9,1.5,-4.940848888533592,2.94,4.33
9,4.4399999999999995,-3.0035247546025294,2.9,4.41
9,-10.75,-2.8457008442469984,3.29,3.62
9,-7.46,-2.8013100449329302,2.83,4.26
9,-4.63,-2.1713404855525953,3.08,2.35
9,-1.5499999999999998,-2.1547892193372995,3.03,3.58
9,7.409999999999998,-1.6850150850122048,3.4,3.22
9,1.48,-0.6108488885335923,2.96,2.2
9,-4.63,0.1786595144474048,3.01,3.46
9,-10.75,0.7742991557530017,3.29,3.36
9,4.4399999999999995,1.4064752453974707,2.97,3.51
9,-1.62,1.4252107806627006,3.01,3.37
9,-7.46,1.4586899550670696,2.83,2.81
9,7.41,1.5349849149877954,3.3,3.34
9,1.4399999999999995,1.5891511114664079,3.0,3.18
9,10.71,1.610889035256232,2.89,2.19
9,-13.28,2.083976212389264,2.53,2.76
9,-4.53,3.6386595144474048,2.91,4.07
9,10.71,3.800889035256232,1.95,2.38
9,-10.75,4.134299155753002,3.29,2.34
9,-7.43,4.268689955067069,2.9,3.77
9,1.4699999999999993,4.7691511114664085,2.97,3.04
9,-1.62,4.795210780662701,3.09,2.59
9,-12.26,4.843976212389263,1.51,1.96
9,7.460000000000001,4.874984914987795,3.25,3.53
9,4.510000000000001,4.9164752453974705,2.95,3.05
9,-10.75,6.474299155753002,3.32,2.32
9,-1.62,7.3852107806627005,3.09,2.44
9,-4.529999999999999,7.708659514447405,2.91,2.9
9,1.4699999999999998,7.8091511114664085,2.94,2.37
9,4.41,7.96647524539747,2.97,2.18
9,-7.3999999999999995,8.038689955067069,2.87,3.61
9,7.380000000000001,8.404984914987795,2.17,2.02
9,-8.709999999999999,8.794299155753002,1.31,2.33
9,-1.6199999999999992,9.825210780662701,3.07,2.56
9,4.41,10.14647524539747,2.55,2.16
9,1.4500000000000006,10.179151111466409,2.89,2.38
9,-4.469999999999999,10.608659514447405,2.85,2.63
9,-1.6199999999999988,12.55915111146641,4.79,1.16
10,-1.31,-14.07918676628732,2.62,4.86
10,-3.9100000000000006,-13.58865335491343,2.6,4.85
10,-6.57,-12.52097040967672,2.66,4.74
10,-9.07,-10.847797011375167,2.5,4.76
10,-11.57,-8.128634571685456,2.5,4.75
10,-13.91,-2.539980314884352,2.34,4.91
10,-13.27,-4.629980314884351,1.7,2.09
10,1.31,-13.625388067868013,2.47,4.75
10,3.7800000000000007,-12.653991465146483,2.53,4.63
10,6.3100000000000005,-10.971472098127945,2.61,4.47
10,8.919999999999998,-8.269141430644419,2.55,4.54
10,11.469999999999999,-2.8000000000000056,2.39,4.76
10,11.469999999999999,-5.500000000000006,1.54,2.7
10,-1.3100000000000005,-9.219186766287319,2.57,4.45
10,1.2599999999999993,-8.875388067868013,2.52,3.76
10,-3.91,-8.73865335491343,2.6,2.81
10,3.7799999999999994,-8.023991465146484,2.5,4.58
10,-6.5,-7.780970409676719,2.59,3.95
10,6.279999999999999,-6.5014720981279455,2.64,3.8
10,-9.07,-6.087797011375168,2.57,3.2
10,-3.91,-5.928653354913429,2.54,3.75
10,1.3399999999999994,-5.115388067868013,2.44,4.42
10,-1.37,-4.769186766287318,2.71,3.17
10,-6.5,-3.830970409676719,2.59,3.25
10,8.999999999999998,-3.729141430644419,2.47,3.88
10,3.7799999999999994,-3.4439914651464836,2.46,4.2
10,-11.57,-3.3786345716854562,2.44,4.03
10,-9.13,-2.8877970113751674,2.56,3.41
10,6.239999999999999,-2.7014720981279456,2.69,3.97
10,-3.91,-2.178653354913429,2.48,3.59
10,-1.4300000000000002,-1.5991867662873185,2.75,3.62
10,1.3199999999999998,-0.6953880678680129,2.46,2.44
10,-6.550000000000001,-0.580970409676719,2.64,3.71
10,8.989999999999998,0.15085856935558084,2.48,3.38
10,-8.920000000000002,0.5222029886248327,2.37,4.74
10,-11.57,0.651365428314544,2.65,3.27
10,3.78,0.7560085348535166,2.41,4.62
10,6.1899999999999995,1.2685279018720546,2.8,2.49
10,-3.9100000000000006,1.4113466450865708,2.48,2.66
10,1.3899999999999997,1.744611932131987,2.39,4.57
10,11.469999999999999,1.9599999999999942,2.09,1.87
10,-1.3900000000000001,2.0208132337126816,2.78,3.77
10,-13.43,2.3700196851156483,1.86,2.0
10,-6.550000000000002,3.129029590323281,2.64,2.65
10,9.069999999999999,3.5308585693555807,2.4,4.31
10,6.209999999999999,3.7585279018720548,2.86,3.62
10,11.469999999999999,3.8299999999999943,1.4,1.91
10,-11.530000000000001,3.921365428314544,2.61,3.03
10,-3.86,4.071346645086571,2.47,3.24
10,-12.680000000000001,4.370019685115649,1.15,1.81
10,-8.920000000000002,5.262202988624833,2.37,3.9
10,3.78,5.376008534853517,2.43,3.7
10,-6.550000000000002,5.779029590323281,2.68,3.65
10,-1.3899999999999997,5.790813233712681,2.78,2.26
10,1.3900000000000001,6.314611932131987,2.39,3.54
10,-11.010000000000002,6.951365428314544,2.09,1.84
10,-3.8700000000000014,7.311346645086571,2.4,4.01
10,6.21,7.378527901872054,2.84,3.4
10,-1.4700000000000015,8.050813233712681,2.85,2.48
10,3.7800000000000002,9.076008534853518,2.43,2.64
10,-8.450000000000001,9.162202988624832,1.9,1.95
10,-6.540000000000001,9.429029590323282,2.67,2.57
10,1.3799999999999986,9.854611932131988,2.4,3.73
10,-1.4200000000000013,10.530813233712681,2.8,2.12
10,-3.3100000000000014,11.321346645086571,1.89,2.33
11,-1.565,-14.053126876250708,3.13,3.63
11,-3.8149999999999995,-13.615629805484579,2.25,4.98
11,-7.0649999999999995,-12.24848460014544,3.25,3.39
11,-10.254999999999999,-9.73522341808343,3.19,3.43
11,-12.514999999999999,-6.5813657397230285,2.26,4.76
11,-13.874999999999998,-2.72469723088641,1.36,4.99
11,1.565,-13.626774196412004,2.21,4.84
11,3.775,-12.739755688395284,2.36,4.46
11,6.135,-10.69904551817591,3.11,3.38
11,9.245,-8.13574673892938,2.32,4.48
11,11.565000000000001,-2.8246371448382543,2.29,4.49
11,11.565,-4.9446371448382545,1.65,2.12
11,-1.5649999999999995,-10.42312687625071,3.0,1.97
11,-7.0649999999999995,-8.85848460014544,3.16,2.78
11,1.4350000000000005,-8.786774196412004,2.34,4.33
11,-3.9049999999999994,-8.635629805484578,2.31,4.44
11,-1.5949999999999993,-8.453126876250709,2.98,1.9
11,3.7750000000000004,-8.279755688395284,2.29,4.05
11,6.104999999999999,-7.319045518175909,3.14,2.83
11,-1.5949999999999993,-6.553126876250708,2.73,3.35
11,-10.254999999999999,-6.305223418083431,3.19,2.36
11,-7.0649999999999995,-6.0784846001454405,2.7,3.58
11,6.514999999999999,-4.489045518175909,2.73,3.31
11,1.1350000000000007,-4.456774196412004,2.59,3.01
11,3.7749999999999986,-4.229755688395284,2.74,3.12
11,-4.364999999999999,-4.195629805484578,2.75,2.48
11,-10.254999999999999,-3.945223418083431,2.67,3.13
11,9.305000000000001,-3.6557467389293787,2.26,4.22
11,-1.5849999999999995,-3.203126876250708,2.72,2.42
11,-7.584999999999999,-2.4984846001454404,2.71,2.32
11,-12.514999999999999,-1.8213657397230287,2.23,4.34
11,-4.874999999999999,-1.715629805484578,3.28,2.94
11,1.1350000000000007,-1.4467741964120044,2.59,2.23
11,6.715000000000002,-1.1790455181759092,2.59,2.22
11,4.415000000000002,-1.1097556883952837,2.3,3.76
11,-10.284999999999998,-0.815223418083431,2.44,2.56
11,-1.5949999999999993,-0.7831268762507082,2.33,3.67
11,-7.844999999999999,-0.17848460014544054,2.29,3.59
11,9.325,0.564253261070621,2.24,3.42
11,0.7350000000000008,0.7832258035879955,3.38,2.87
11,6.914999999999999,1.040954481824091,2.41,2.75
11,-5.554999999999999,1.224370194515422,3.44,2.52
11,11.565,1.6653628551617459,2.04,2.15
11,-10.284999999999998,1.744776581916569,2.44,2.38
11,-12.485,2.518634260276971,2.2,3.14
11,4.484999999999999,2.650244311604716,2.43,2.56
11,-2.114999999999999,2.8868731237492917,2.4,2.5
11,-7.844999999999999,3.4115153998545593,2.27,2.55
11,0.28500000000000103,3.6532258035879956,3.5,2.42
11,-5.574999999999999,3.744370194515422,3.35,2.04
11,6.914999999999999,3.790954481824091,2.35,2.63
11,11.565,3.815362855161746,1.21,2.19
11,9.264999999999999,3.984253261070621,2.09,4.31
11,-10.224999999999998,4.124776581916569,2.38,2.41
11,4.584999999999999,5.210244311604717,2.33,2.36
11,-1.854999999999999,5.386873123749291,2.14,4.57
11,-11.664999999999997,5.658634260276971,1.44,2.06
11,-5.354999999999999,5.784370194515422,3.5,2.31
11,-7.514999999999999,5.961515399854559,2.16,4.39
11,0.28500000000000103,6.073225803587995,3.34,2.29
11,7.115,6.420954481824091,2.15,3.86
11,-9.694999999999999,6.534776581916569,2.18,3.49
11,3.8550000000000004,7.570244311604716,3.26,2.8
11,-5.354999999999999,8.094370194515422,3.24,2.2
11,1.8050000000000006,8.363225803587994,2.05,4.66
11,0.4550000000000005,8.363225803587994,1.35,4.66
11,-1.6349999999999993,9.956873123749292,2.09,4.02
11,-3.7649999999999992,10.294370194515423,2.13,3.31
11,-5.354999999999999,10.294370194515423,1.59,2.71
11,-6.834999999999999,10.35151539985456,1.48,1.93
11,3.8550000000000004,10.370244311604715,2.1,2.4
12,-0.98,-14.105998723947199,1.96,4.95
12,-2.9800000000000004,-13.822416575982652,2.0,4.61
12,-5.050000000000001,-13.207463798928242,2.07,4.42
12,-7.040000000000001,-12.262870789501127,1.99,4.57
12,-8.97,-10.930631271797617,1.93,4.7
12,-10.8,-9.126861453972007,1.83,4.91
12,-12.64,-6.337980750996329,1.84,4.62
12,-13.82,-2.9911870553343882,1.18,4.8
12,0.98,-13.80934466222058,2.06,3.99
12,3.0399999999999996,-13.184365741286154,2.07,3.92
12,5.109999999999999,-12.175528735952291,2.08,3.87
12,7.1899999999999995,-10.805794741711505,1.93,4.16
12,9.12,-8.909500547168738,1.86,4.31
12,10.979999999999999,-6.216880246554538,1.72,4.63
12,12.7,-2.9911870553343882,1.12,4.98
12,0.98,-9.81934466222058,2.01,3.47
12,2.9899999999999998,-9.264365741286154,2.12,2.93
12,-2.980000000000001,-9.212416575982651,2.0,2.5
12,-0.97,-9.1559987239472,1.95,4.08
12,-5.050000000000001,-8.787463798928242,2.07,3.63
12,5.109999999999999,-8.30552873595229,2.08,3.14
12,-7.040000000000001,-7.692870789501127,1.99,3.55
12,-2.92,-6.712416575982651,1.95,4.04
12,7.1899999999999995,-6.645794741711505,1.93,4.08
12,0.98,-6.349344662220579,1.97,3.91
12,2.95,-6.334365741286154,2.14,3.29
12,-8.96,-6.230631271797617,1.92,4.14
12,5.09,-5.1655287359522895,2.1,3.19
12,-5.02,-5.157463798928242,2.1,2.53
12,-0.9199999999999999,-5.075998723947199,1.9,3.89
12,9.17,-4.599500547168739,1.81,4.32
12,-10.8,-4.216861453972006,1.84,4.11
12,-7.040000000000001,-4.142870789501127,2.02,3.14
12,2.95,-3.0443657412861542,2.14,2.87
12,-2.9,-2.672416575982651,1.98,3.89
12,-4.87,-2.627463798928242,1.97,3.54
12,7.1899999999999995,-2.565794741711505,1.98,3.11
12,1.0400000000000003,-2.439344662220579,1.91,2.76
12,-8.96,-2.0906312717976174,1.87,3.72
12,5.1499999999999995,-1.9755287359522895,2.04,2.07
12,-12.64,-1.717980750996329,1.84,3.89
12,10.98,-1.5868802465545384,1.72,4.5
12,-0.9199999999999999,-1.1859987239471992,1.94,2.58
12,-7.090000000000001,-1.0028707895011268,1.9,1.9
12,9.17,-0.2795005471687384,1.81,3.98
12,2.95,-0.17436574128615412,1.82,4.25
12,-10.8,-0.10686145397200608,1.79,4.15
12,4.7700000000000005,0.09447126404771033,1.83,3.64
12,1.1800000000000002,0.3206553377794208,1.77,3.57
12,6.6000000000000005,0.5442052582884949,1.83,3.45
12,-7.090000000000001,0.8971292104988731,1.75,3.36
12,-5.340000000000001,0.9125362010717581,1.83,3.05
12,-3.5100000000000007,1.217583424017349,1.83,2.92
12,-1.6800000000000006,1.3940012760528009,1.83,2.31
12,0.14999999999999947,1.3940012760528009,1.03,4.88
12,-8.88,1.6293687282023828,1.79,3.07
12,-12.49,2.172019249003671,1.69,4.08
12,10.98,2.9131197534454616,1.67,3.35
12,9.190000000000001,3.7004994528312616,1.79,2.85
12,-1.6300000000000006,3.704001276052801,1.78,3.02
12,4.7700000000000005,3.7344712640477105,1.77,2.58
12,1.1799999999999995,3.8906553377794206,1.76,2.68
12,-5.340000000000001,3.962536201071758,1.67,4.31
12,7.500000000000002,3.994205258288495,1.69,3.53
12,-10.8,4.043138546027994,1.62,4.86
12,2.9399999999999995,4.075634258713846,1.65,4.3
12,-3.670000000000001,4.137583424017349,1.71,2.83
12,-6.970000000000001,4.2571292104988725,1.63,4.48
12,-9.18,4.699368728202383,1.57,4.48
12,0.14999999999999947,6.2740012760528,1.03,3.54
12,4.59,6.314471264047711,1.66,3.87
12,6.25,6.314471264047711,1.25,4.09
12,9.190000000000001,6.550499452831262,1.58,2.39
12,1.1799999999999995,6.570655337779421,1.61,4.04
12,-1.4700000000000006,6.724001276052801,1.62,2.97
12,-3.0100000000000007,6.967583424017349,1.54,4.99
12,7.5,7.524205258288495,1.66,2.76
12,-4.66,8.272536201071757,1.65,2.73
12,2.7899999999999996,8.375634258713845,1.51,4.89
12,-6.2,8.737129210498873,1.54,3.68
12,-7.54,8.737129210498873,1.34,2.76
12,-9.01,9.179368728202384,1.47,1.69
12,-1.4700000000000006,9.694001276052802,1.61,3.3
12,0.13999999999999946,9.8140012760528,1.04,3.16
12,4.3,10.184471264047712,1.56,2.42
12,1.219999999999999,10.61065533777942,1.57,3.17
12,-4.66,11.002536201071758,1.51,2.29
13,-0.75,-14.120095608741465,1.5,4.73
13,-2.2199999999999998,-13.96464106234027,1.47,4.79
13,-3.7299999999999986,-13.639160531352362,1.51,4.63
13,-5.189999999999999,-13.153079487329194,1.46,4.78
13,-10.139999999999997,-9.85494799580394,4.95,1.39
13,-11.619999999999997,-8.056996959165375,1.48,4.38
13,-13.179999999999998,-5.1212498474493575,1.56,4.14
13,-6.509999999999998,-12.40494799580394,1.32,2.55
13,-7.689999999999998,-11.81494799580394,1.18,1.96
13,0.75,-13.969377223054721,1.44,4.47
13,2.19,-13.666115029517352,1.44,4.42
13,3.6299999999999994,-13.248999962261303,1.31,4.7
13,4.9399999999999995,-12.567784212024012,1.54,3.99
13,6.4799999999999995,-11.780797935623886,1.34,4.46
13,7.82,-10.77190790900108,1.34,4.31
13,9.16,-9.32430694475466,1.47,3.87
13,10.63,-7.3493673197085485,1.45,3.89
13,12.08,-4.301011508936007,1.39,4.05
13,0.75,-9.499377223054722,1.44,3.84
13,-0.72,-9.390095608741465,1.47,3.81
13,2.19,-9.246115029517352,1.42,3.93
13,-2.21,-9.174641062340271,1.49,3.74
13,-3.7,-9.00916053135236,1.49,3.7
13,5.069999999999999,-8.577784212024012,1.41,3.83
13,3.6499999999999995,-8.548999962261302,1.42,3.49
13,-10.139999999999997,-8.46494799580394,1.6,3.26
13,-8.539999999999997,-8.46494799580394,1.48,3.6
13,-7.059999999999997,-8.46494799580394,1.17,3.6
13,-5.889999999999997,-8.373079487329193,1.55,3.18
13,6.4799999999999995,-7.320797935623886,1.33,4.07
13,7.81,-6.46190790900108,1.31,3.52
13,0.8699999999999999,-5.659377223054722,1.32,3.28
13,-0.72,-5.580095608741464,1.59,2.95
13,9.12,-5.45430694475466,1.47,2.86
13,-2.17,-5.434641062340271,1.45,2.96
13,2.19,-5.316115029517352,1.36,2.45
13,-3.41,-5.309160531352361,1.24,4.37
13,-10.139999999999997,-5.2049479958039395,1.28,4.2
13,-4.67,-5.193079487329193,1.26,3.97
13,-5.889999999999997,-5.193079487329193,1.22,3.82
13,3.55,-5.058999962261302,1.28,2.85
13,-8.859999999999998,-4.86494799580394,1.29,2.42
13,-7.569999999999998,-4.86494799580394,1.08,2.42
13,4.83,-4.747784212024012,1.3,2.24
13,-11.619999999999997,-3.6769969591653746,1.25,3.81
13,10.819999999999999,-3.4593673197085484,1.26,2.85
13,6.13,-3.2507979356238854,1.23,3.75
13,7.359999999999999,-2.94190790900108,1.24,3.54
13,2.32,-2.866115029517352,1.23,3.27
13,-0.36000000000000076,-2.630095608741464,1.23,3.04
13,8.6,-2.5943069447546603,1.27,2.14
13,4.96,-2.5077842120240117,1.17,4.01
13,-1.5100000000000007,-2.474641062340271,1.15,4.65
13,-8.859999999999998,-2.4449479958039397,1.1,4.99
13,-7.759999999999998,-2.4449479958039397,1.2,2.03
13,0.8699999999999992,-2.3793772230547225,1.15,4.07
13,3.7800000000000002,-2.2089999622613017,1.18,1.95
13,-6.559999999999998,-1.3730794873291932,1.08,4.76
13,-5.479999999999998,-1.2230794873291928,1.07,4.98
13,-9.949999999999998,-1.0049479958039393,1.09,4.35
13,-12.759999999999998,-0.9812498474493578,1.14,3.89
13,-13.819999999999999,-0.9812498474493578,1.06,3.74
13,-4.4099999999999975,-0.9391605313523606,1.11,3.74
13,-3.299999999999997,-0.9391605313523606,1.14,2.47
13,10.969999999999999,-0.6093673197085483,1.11,3.37
13,9.899999999999999,-0.6093673197085483,1.07,2.49
13,8.77,-0.45430694475466016,1.13,2.2
13,-7.679999999999998,-0.41494799580393993,1.12,2.06
13,3.91,-0.25899996226130173,1.05,4.67
13,12.079999999999998,-0.2510115089360072,1.04,4.56
13,-10.969999999999997,0.13300304083462544,1.02,3.95
13,2.87,0.40388497048264815,1.04,3.05
13,-0.36000000000000076,0.40990439125853584,1.04,2.73
13,6.13,0.4992020643761146,1.01,2.1
