Instance: r200
Bin radius: 18.62
Rho: 2/3
Rotate enable: false
Bin num: 2
Bin id,X coordinate of lower left corner,Y coordinate of lower left corner,Item's width,Item's height
1,-17.12,-7.320000000000002,4.72,4.5
1,-14.220000000000002,-12.020000000000001,4.27,4.69
1,-12.320000000000002,-7.320000000000002,4.25,4.42
1,-9.920000000000002,-15.720000000000002,4.2,4.43
1,-8.020000000000001,-11.220000000000002,3.56,4.71
1,-8.020000000000001,-6.420000000000002,4.73,3.4900000000000007
1,-5.620000000000002,-17.720000000000002,3.2400000000000007,4.99
1,-4.420000000000002,-12.720000000000002,3.08,4.9
1,-9.920000000000002,-11.220000000000002,1.41,3.7
1,-12.220000000000002,-14.020000000000001,2.28,1.9899999999999998
1,-15.920000000000002,-9.620000000000001,1.59,2.24
1,-7.7200000000000015,-16.92,1.97,1.1
1,-5.620000000000002,-12.720000000000002,1.19,1.0
1,-18.220000000000002,-3.8200000000000016,1.09,1.09
1,0.5799999999999983,13.179999999999998,3.08,4.17
1,1.7799999999999983,0.5799999999999983,2.79,4.49
1,2.2799999999999985,5.079999999999998,2.49,4.97
1,2.2799999999999985,10.079999999999998,4.01,3.08
1,3.6799999999999984,13.179999999999998,3.03,3.9900000000000007
1,4.7799999999999985,3.479999999999998,3.56,3.29
1,4.7799999999999985,6.7799999999999985,3.85,3.02
1,6.7799999999999985,9.879999999999999,2.89,3.91
1,8.179999999999998,0.7799999999999983,4.84,2.32
1,8.379999999999999,3.1799999999999984,3.28,3.3899999999999997
1,9.679999999999998,6.579999999999998,2.32,4.77
1,11.679999999999998,3.1799999999999984,3.29,3.34
1,12.079999999999998,6.579999999999998,3.81,2.86
1,13.079999999999998,0.1799999999999983,4.84,2.2
1,14.979999999999999,2.479999999999998,2.39,3.97
1,9.679999999999998,11.379999999999999,2.09,2.85
1,6.7799999999999985,13.879999999999999,2.58,2.09
1,12.079999999999998,9.479999999999999,2.39,2.19
1,-18.42,-2.7200000000000015,4.88,4.91
1,-17.12,2.2799999999999985,4.65,4.85
1,-14.320000000000002,7.179999999999998,4.6,4.57
1,-13.520000000000001,-2.7200000000000015,4.41,4.44
1,-12.420000000000002,1.7799999999999983,4.47,4.26
1,-9.620000000000001,6.079999999999998,3.96,4.6
1,-10.320000000000002,11.779999999999998,4.68,3.6100000000000003
1,-9.020000000000001,-2.8200000000000016,4.54,3.66
1,-7.920000000000002,0.8799999999999983,3.44,4.74
1,-5.620000000000002,5.679999999999998,3.21,4.97
1,-5.620000000000002,10.679999999999998,4.05,3.9
1,-4.420000000000002,-2.9200000000000017,4.13,3.65
1,-4.420000000000002,0.7799999999999983,3.17,4.74
1,-3.520000000000002,14.679999999999998,4.05,3.5
1,-2.3200000000000016,5.579999999999998,3.8,3.7299999999999995
1,-1.5200000000000018,9.379999999999999,3.7700000000000005,3.72
1,-1.2200000000000017,0.7799999999999983,2.9,4.58
1,-5.620000000000002,14.679999999999998,2.06,2.91
1,-12.820000000000002,11.779999999999998,2.43,1.6800000000000002
1,-16.12,7.179999999999998,1.7600000000000002,2.08
1,-8.020000000000001,15.479999999999999,2.36,1.27
1,-12.420000000000002,6.079999999999998,2.74,1.07
1,-1.5200000000000018,13.179999999999998,1.35,1.41
1,-11.520000000000001,13.479999999999999,1.17,1.05
1,-18.220000000000002,2.2799999999999985,1.05,1.09
1,-3.2200000000000015,-7.7200000000000015,3.6399999999999997,4.1
1,-2.3200000000000016,-18.42,3.29,4.33
1,-1.3200000000000016,-14.020000000000001,3.3600000000000003,4.01
1,-0.2200000000000017,-3.520000000000002,3.22,4.03
1,0.4799999999999983,-9.920000000000002,4.24,3.06
1,0.4799999999999983,-6.820000000000002,4.97,2.56
1,0.9799999999999983,-17.82,4.3,2.94
1,2.0799999999999983,-14.820000000000002,3.85,3.21
1,3.0799999999999983,-4.2200000000000015,2.92,4.18
1,4.579999999999998,-0.020000000000001704,3.5,3.4200000000000004
1,4.7799999999999985,-11.520000000000001,3.4,3.46
1,5.979999999999999,-16.520000000000003,2.59,4.51
1,6.079999999999998,-8.020000000000001,2.9,3.94
1,6.079999999999998,-4.020000000000001,4.86,2.35
1,8.179999999999998,-1.6200000000000017,4.72,2.39
1,8.279999999999998,-11.920000000000002,4.4,2.53
1,9.079999999999998,-9.320000000000002,3.06,3.62
1,10.979999999999999,-5.620000000000002,4.73,2.33
1,12.779999999999998,-10.920000000000002,2.27,4.76
1,12.979999999999999,-3.2200000000000015,3.17,3.38
1,16.18,-4.820000000000002,1.7899999999999998,4.8
1,8.579999999999998,-14.720000000000002,2.76,2.77
1,2.0799999999999983,-11.520000000000001,2.67,1.49
1,15.079999999999998,-9.020000000000001,1.17,3.31
1,-1.3200000000000016,-9.920000000000002,1.6599999999999997,2.0
1,6.079999999999998,-1.6200000000000017,1.29,1.45
1,9.079999999999998,-5.620000000000002,1.78,1.05
1,10.979999999999999,-3.2200000000000015,1.72,1.05
1,11.379999999999999,-13.320000000000002,1.55,1.1
2,0.4799999999999983,-14.720000000000002,1.19,4.56
2,1.2799999999999983,-5.7200000000000015,2.65,2.0
2,1.6799999999999984,-14.720000000000002,1.23,4.09
2,2.379999999999998,-10.620000000000001,1.1,4.4
2,1.2799999999999983,-3.620000000000002,4.58,1.03
2,2.5799999999999983,-2.520000000000002,1.94,2.42
2,2.979999999999998,-14.720000000000002,4.55,1.03
2,2.979999999999998,-13.620000000000001,1.81,2.58
2,3.5799999999999983,-11.020000000000001,1.12,4.1
2,3.379999999999998,-17.720000000000002,2.18,2.04
2,3.979999999999998,-6.820000000000002,1.35,3.09
2,4.7799999999999985,-11.020000000000001,1.24,3.2700000000000005
2,5.379999999999998,-7.7200000000000015,1.06,3.7700000000000005
2,4.879999999999998,-13.620000000000001,1.64,2.41
2,5.579999999999998,-16.12,3.5099999999999993,1.08
2,6.079999999999998,-11.120000000000001,1.05,3.34
2,6.079999999999998,-3.9200000000000017,1.7,1.95
2,6.079999999999998,-1.9200000000000017,1.67,1.9099999999999997
2,6.479999999999999,-7.7200000000000015,1.18,2.59
2,6.579999999999998,-13.620000000000001,1.49,1.8
2,6.479999999999999,-5.120000000000002,2.3,1.06
2,7.179999999999998,-11.720000000000002,1.32,1.83
2,7.179999999999998,-9.820000000000002,1.32,1.8199999999999998
2,7.679999999999998,-7.920000000000002,1.2,1.8400000000000003
2,-17.220000000000002,-7.020000000000001,2.06,4.96
2,-15.120000000000001,-10.820000000000002,2.09,4.84
2,-15.120000000000001,-5.920000000000002,2.86,3.4799999999999995
2,-13.020000000000001,-13.220000000000002,2.17,4.37
2,-12.220000000000002,-8.820000000000002,2.57,3.62
2,-13.620000000000001,-2.4200000000000017,4.08,2.28
2,-10.820000000000002,-15.120000000000001,2.24,4.09
2,-12.220000000000002,-5.120000000000002,4.28,2.13
2,-9.620000000000001,-11.020000000000001,2.33,3.85
2,-9.520000000000001,-2.9200000000000017,4.06,2.18
2,-8.520000000000001,-16.520000000000003,1.95,4.21
2,-9.620000000000001,-7.120000000000002,4.29,1.86
2,-7.2200000000000015,-12.220000000000002,1.77,4.5
2,-6.520000000000001,-17.42,2.21,3.56
2,-7.920000000000002,-5.2200000000000015,4.67,1.67
2,-5.420000000000002,-13.820000000000002,2.26,3.3899999999999997
2,-5.420000000000002,-10.420000000000002,2.62,2.85
2,-5.420000000000002,-3.520000000000002,3.45,2.16
2,-4.2200000000000015,-18.12,2.97,2.43
2,-3.2200000000000015,-7.520000000000001,2.37,2.98
2,-4.2200000000000015,-15.620000000000001,4.02,1.75
2,-2.7200000000000015,-13.820000000000002,1.5,4.68
2,-1.9200000000000017,-4.520000000000001,3.17,2.13
2,-2.7200000000000015,-9.120000000000001,4.46,1.47
2,-1.1200000000000017,-13.820000000000002,1.53,4.28
2,-1.2200000000000017,-18.42,3.2700000000000005,1.9899999999999998
2,-0.8200000000000017,-7.620000000000002,3.13,1.85
2,-0.1200000000000017,-16.42,3.4,1.64
2,-5.320000000000002,-7.520000000000001,2.04,2.29
2,-16.32,-8.920000000000002,1.09,1.83
2,-18.520000000000003,-1.9200000000000017,4.8,2.15
2,-18.32,0.2799999999999983,3.4900000000000007,2.93
2,-17.12,3.2799999999999985,2.62,3.8899999999999997
2,-16.020000000000003,7.179999999999998,4.79,2.1
2,-14.820000000000002,0.2799999999999983,3.65,2.66
2,-14.420000000000002,2.979999999999998,2.72,3.5099999999999993
2,-13.420000000000002,9.379999999999999,2.73,3.41
2,-11.620000000000001,2.979999999999998,2.21,4.17
2,-10.620000000000001,7.179999999999998,2.84,3.21
2,-10.620000000000001,10.479999999999999,2.53,3.6
2,-11.120000000000001,-0.1200000000000017,3.62,2.51
2,-9.320000000000002,2.479999999999998,4.2,2.01
2,-9.720000000000002,14.179999999999998,4.98,1.6599999999999997
2,-7.7200000000000015,4.579999999999998,1.6299999999999997,4.97
2,-8.020000000000001,10.479999999999999,3.6,2.24
2,-7.420000000000002,-0.7200000000000017,3.11,2.55
2,-6.020000000000001,4.579999999999998,2.41,3.2400000000000007
2,-6.020000000000001,7.879999999999998,3.5799999999999996,2.15
2,-5.820000000000002,15.879999999999999,4.18,1.78
2,-5.020000000000001,1.8799999999999983,3.04,2.41
2,-4.320000000000002,10.079999999999998,1.73,4.21
2,-4.2200000000000015,-1.3200000000000016,2.58,2.79
2,-3.520000000000002,4.379999999999998,2.41,2.98
2,-2.520000000000002,10.079999999999998,1.52,4.61
2,-8.020000000000001,12.779999999999998,3.1,1.26
2,-9.320000000000002,4.579999999999998,1.32,2.39
2,-4.7200000000000015,14.379999999999999,2.11,1.3
2,-14.620000000000001,9.379999999999999,1.13,2.07
2,-2.4200000000000017,7.379999999999998,3.3,2.12
2,-1.9200000000000017,1.4799999999999982,3.5,1.9
2,-1.6200000000000017,-2.3200000000000016,2.16,3.06
2,-1.6200000000000017,14.779999999999998,2.15,3.03
2,-1.0200000000000018,3.479999999999998,4.11,1.5
2,-1.0200000000000018,5.079999999999998,4.7,1.28
2,-0.9200000000000017,9.579999999999998,2.78,2.14
2,-0.9200000000000017,11.779999999999998,2.63,2.26
2,0.5799999999999983,-2.3200000000000016,1.94,2.79
2,0.5799999999999983,14.079999999999998,3.2,1.69
2,0.5799999999999983,15.779999999999998,3.79,1.4
2,0.9799999999999983,6.379999999999998,3.5099999999999993,1.51
2,0.9799999999999983,7.979999999999999,3.6100000000000003,1.45
2,1.8799999999999983,9.479999999999999,1.13,4.44
2,1.6799999999999984,0.4799999999999983,2.26,2.17
2,3.0799999999999983,9.479999999999999,1.17,3.97
2,3.1799999999999984,2.6799999999999984,2.23,2.06
2,4.2799999999999985,9.479999999999999,1.28,3.5799999999999996
2,4.379999999999998,13.079999999999998,1.24,3.56
2,4.579999999999998,-2.520000000000002,1.4,2.93
2,4.579999999999998,4.7799999999999985,1.61,2.53
2,3.979999999999998,0.4799999999999983,2.3,1.77
2,4.679999999999998,7.379999999999998,2.47,1.6200000000000003
2,5.579999999999998,9.079999999999998,1.45,2.66
2,5.479999999999999,2.2799999999999985,2.14,1.78
2,5.679999999999998,11.779999999999998,1.43,2.66
2,5.679999999999998,14.479999999999999,2.33,1.57
2,6.2799999999999985,4.079999999999998,3.11,1.02
2,6.2799999999999985,5.179999999999998,1.46,2.14
2,6.379999999999998,0.0799999999999983,1.61,1.72
2,7.079999999999998,9.079999999999998,1.24,2.02
2,7.179999999999998,11.179999999999998,1.0,2.34
