200 14.21 17.4 20.1
1.32 1.32
4.85 4.85
3.4 3.4
3.28 3.28
4.72 4.72
1.95 1.95
1.11 1.11
3.91 3.91
1.15 1.15
2.03 2.03
2.94 2.94
1.18 1.18
1.18 1.18
1.48 1.48
1.98 1.98
1.3 1.3
4.75 4.75
3.47 3.47
4.2 4.2
1.87 1.87
3.47 3.47
3.94 3.94
3.08 3.08
1.77 1.77
3.41 3.41
1.18 1.18
1.7 1.7
4.76 4.76
3.03 3.03
1.5 1.5
2.77 2.77
1.89 1.89
2.51 2.51
3.65 3.65
3.46 3.46
2.14 2.14
3.82 3.82
2.55 2.55
3.78 3.78
4.45 4.45
2.28 2.28
1.21 1.21
4.89 4.89
2.45 2.45
2.19 2.19
3.46 3.46
2.33 2.33
4.05 4.05
2.72 2.72
3.24 3.24
3.25 3.25
3.59 3.59
3.97 3.97
4.06 4.06
1.03 1.03
1.87 1.87
1.34 1.34
3.15 3.15
1.48 1.48
3.03 3.03
4.26 4.26
3.66 3.66
3.16 3.16
4.98 4.98
1.49 1.49
4.87 4.87
3.45 3.45
4.29 4.29
3.98 3.98
3.56 3.56
2.66 2.66
2.12 2.12
1.97 1.97
1.02 1.02
3.65 3.65
4.4 4.4
2.57 2.57
2.8 2.8
1.54 1.54
1.31 1.31
3.87 3.87
2.4 2.4
3.39 3.39
4.12 4.12
3.1 3.1
3.24 3.24
3.1 3.1
3.29 3.29
3.2 3.2
2.78 2.78
2.45 2.45
3.35 3.35
2.91 2.91
4.73 4.73
2.55 2.55
1.84 1.84
3.26 3.26
4.87 4.87
4.26 4.26
1.56 1.56
4.28 4.28
4.26 4.26
1.44 1.44
3.47 3.47
1.33 1.33
1.48 1.48
1.53 1.53
3.8 3.8
4.22 4.22
2.06 2.06
1.57 1.57
3.16 3.16
1.62 1.62
3.48 3.48
2.52 2.52
1.91 1.91
3.7 3.7
2.5 2.5
2.78 2.78
2.69 2.69
3.14 3.14
2.8 2.8
2.7 2.7
1.6 1.6
1.6 1.6
2.58 2.58
2.12 2.12
2.43 2.43
4.25 4.25
4.01 4.01
4.14 4.14
3.09 3.09
3.63 3.63
2.09 2.09
1.04 1.04
2.88 2.88
2.73 2.73
2.75 2.75
1.33 1.33
3.8 3.8
1.4 1.4
2.25 2.25
4.04 4.04
1.06 1.06
3.13 3.13
2.43 2.43
1.73 1.73
4.94 4.94
2.21 2.21
4.6 4.6
1.16 1.16
3.86 3.86
4.02 4.02
1.68 1.68
1.76 1.76
4.43 4.43
2.36 2.36
3.2 3.2
4.17 4.17
1.51 1.51
3.1 3.1
1.78 1.78
4.59 4.59
4.0 4.0
2.61 2.61
4.04 4.04
2.6 2.6
1.36 1.36
2.86 2.86
4.59 4.59
2.43 2.43
2.86 2.86
5.0 5.0
2.3 2.3
3.35 3.35
3.02 3.02
4.48 4.48
4.33 4.33
3.6 3.6
3.89 3.89
3.09 3.09
1.72 1.72
2.37 2.37
1.03 1.03
2.85 2.85
1.58 1.58
1.1 1.1
2.63 2.63
3.14 3.14
4.64 4.64
1.81 1.81
2.34 2.34
4.43 4.43
4.98 4.98
1.08 1.08
3.11 3.11
2.37 2.37
2.78 2.78
3.34 3.34
2.46 2.46