Instance: CBPP
Bin radius: 14.14
Rotate enable: false
Bin num: 14
Bin id,X coordinate of lower left corner,Y coordinate of lower left corner,Item's width,Item's height
1,-13.84,-2.8400000000000007,4.89,4.99
1,-12.14,2.1599999999999993,4.84,4.99
1,-11.74,-7.840000000000001,4.72,4.93
1,-8.940000000000001,-2.8400000000000007,4.9,4.64
1,-7.540000000000001,7.159999999999999,4.76,4.74
1,-7.24,1.8599999999999994,4.64,4.84
1,-6.94,-12.24,4.68,4.72
1,-3.9400000000000004,-7.44,4.57,4.82
1,-2.7400000000000007,6.76,4.54,4.85
1,-2.5400000000000005,-2.5400000000000005,4.97,4.43
1,-2.5400000000000005,1.9599999999999995,4.98,4.4
1,-2.2400000000000007,-13.84,4.92,4.45
1,0.6599999999999995,-9.34,5.0,4.36
1,1.8599999999999994,6.459999999999999,4.47,4.87
1,2.4599999999999995,-4.94,4.61,4.7
1,2.4599999999999995,-0.14000000000000057,4.8,4.5
1,7.159999999999999,-8.14,4.34,4.97
1,7.359999999999999,-3.1400000000000006,4.5,4.74
1,7.359999999999999,1.6599999999999995,4.44,4.8
1,-6.94,-7.44,2.9,4.41
1,2.7599999999999993,-11.940000000000001,4.79,2.58
1,6.359999999999999,6.56,3.69,3.28
1,-2.7400000000000007,11.66,4.7,2.19
1,11.959999999999999,-2.7400000000000007,1.89,4.85
1,2.4599999999999995,4.459999999999999,4.59,1.9899999999999998
1,-10.040000000000001,7.159999999999999,2.48,2.66
1,-9.940000000000001,-10.040000000000001,2.97,2.18
1,-3.9400000000000004,-2.5400000000000005,1.34,4.31
1,5.76,-9.34,1.39,4.05
1,2.0599999999999996,11.36,3.65,1.47
1,-2.2400000000000007,-9.34,2.86,1.8400000000000003
1,7.56,-10.24,2.04,2.07
1,0.6599999999999995,-4.94,1.58,2.39
1,11.86,2.1599999999999993,1.28,2.85
1,11.559999999999999,-5.640000000000001,1.36,2.45
1,-13.040000000000001,-5.44,1.29,2.42
1,6.359999999999999,9.86,1.98,1.49
1,2.7599999999999993,-13.040000000000001,2.64,1.09
1,-13.24,2.1599999999999993,1.04,2.73
1,-5.340000000000001,11.959999999999999,2.5,1.03
1,-4.640000000000001,-13.34,2.37,1.04
1,10.059999999999999,6.56,1.07,2.06
1,-8.14,-11.540000000000001,1.12,1.49
1,-11.34,7.159999999999999,1.26,1.15
1,-8.64,9.86,1.07,1.29
2,-13.84,-2.8400000000000007,4.39,4.85
2,-12.440000000000001,2.0599999999999996,4.77,4.45
2,-11.940000000000001,-7.540000000000001,4.53,4.67
2,-8.14,6.56,4.29,4.92
2,-9.440000000000001,-2.8400000000000007,4.87,4.33
2,-7.640000000000001,1.5599999999999994,4.3,4.88
2,-7.640000000000001,-11.84,4.93,4.24
2,-7.340000000000001,-7.540000000000001,4.67,4.39
2,-4.540000000000001,-3.1400000000000006,4.44,4.61
2,-3.8400000000000007,6.459999999999999,4.19,4.86
2,-3.2400000000000007,1.5599999999999994,4.31,4.68
2,-2.6400000000000006,-13.84,4.1,4.9
2,-2.6400000000000006,-8.84,4.19,4.79
2,-0.04000000000000057,-4.040000000000001,4.13,4.83
2,0.35999999999999943,6.26,4.85,4.11
2,1.1599999999999995,0.8599999999999994,4.56,4.37
2,1.5599999999999994,-12.540000000000001,4.72,4.21
2,4.159999999999999,-8.24,4.21,4.71
2,5.26,5.26,4.42,4.47
2,5.76,-3.4400000000000004,4.02,4.9
2,9.86,-2.7400000000000007,3.9,4.91
2,5.76,2.2599999999999993,4.91,2.95
2,8.459999999999999,-8.24,2.99,4.71
2,0.35999999999999943,10.459999999999999,4.89,2.59
2,1.5599999999999994,-8.24,2.59,3.95
2,-3.8400000000000007,11.36,3.96,2.18
2,10.76,2.2599999999999993,1.7899999999999998,4.15
2,6.359999999999999,-10.64,2.89,2.38
2,4.159999999999999,-3.4400000000000004,1.56,4.14
2,-10.64,6.56,2.43,2.64
2,-10.24,-9.74,2.55,2.16
2,5.26,9.76,2.68,1.85
2,11.459999999999999,-5.640000000000001,1.47,2.86
2,-4.94,-13.24,2.23,1.38
2,9.76,6.459999999999999,1.57,1.8400000000000003
2,-13.040000000000001,-5.44,1.07,2.49
2,-6.24,11.559999999999999,2.22,1.08
2,1.5599999999999994,-13.64,2.07,1.05
2,-13.540000000000001,2.0599999999999996,1.09,1.9099999999999997
2,-9.540000000000001,9.26,1.27,1.04
2,-8.940000000000001,-10.940000000000001,1.13,1.16
2,-11.84,6.56,1.12,1.08
3,-13.940000000000001,-2.3400000000000007,4.33,4.51
3,-12.64,2.2599999999999993,4.89,3.9900000000000007
3,-12.540000000000001,-6.44,4.77,4.09
3,-8.74,6.26,4.13,4.7
3,-9.540000000000001,-2.3400000000000007,4.41,4.4
3,-9.64,-10.34,4.96,3.88
3,-5.040000000000001,-6.44,4.62,4.13
3,-5.040000000000001,-2.2400000000000007,4.06,4.64
3,-4.640000000000001,-13.34,4.62,4.06
3,-4.540000000000001,2.4599999999999995,3.81,4.89
3,-4.540000000000001,7.359999999999999,3.8199999999999994,4.87
3,-0.9400000000000006,-2.2400000000000007,4.05,4.59
3,-0.6400000000000006,2.3599999999999994,4.36,4.26
3,-0.6400000000000006,6.659999999999999,3.8199999999999994,4.84
3,-0.3400000000000006,-9.24,4.31,4.27
3,3.1599999999999993,-4.94,3.96,4.62
3,3.2599999999999993,6.659999999999999,4.06,4.46
3,0.05999999999999943,-13.24,4.8,3.7700000000000005
3,3.7599999999999993,-0.24000000000000057,3.7,4.89
3,4.06,-9.440000000000001,4.02,4.49
3,7.159999999999999,-4.94,4.16,4.32
3,7.56,-0.5400000000000006,4.08,4.4
3,7.56,3.9599999999999995,3.7700000000000005,4.31
3,-4.640000000000001,-9.24,4.25,2.71
3,-7.74,2.4599999999999995,3.13,3.63
3,8.16,-8.540000000000001,3.03,3.5799999999999996
3,-7.74,-6.44,2.69,3.97
3,11.66,-3.2400000000000007,2.09,4.79
3,-0.3400000000000006,-4.94,3.44,2.54
3,-0.6400000000000006,11.559999999999999,4.93,1.7399999999999998
3,3.7599999999999993,4.659999999999999,3.79,1.97
3,4.959999999999999,-11.34,3.37,1.8799999999999997
3,-11.14,6.26,2.33,2.36
3,11.66,1.5599999999999994,1.26,3.97
3,-7.040000000000001,-12.24,2.34,1.89
3,-3.9400000000000004,12.26,3.21,1.28
3,7.359999999999999,8.36,2.14,1.83
3,11.36,-6.040000000000001,1.34,2.76
3,-11.14,-8.64,1.46,2.13
3,-6.640000000000001,11.059999999999999,2.06,1.37
3,4.359999999999999,11.16,2.4,1.17
3,8.36,-10.14,1.39,1.57
4,-13.940000000000001,-2.3400000000000007,4.55,3.9300000000000006
4,-12.540000000000001,1.6599999999999995,3.87,4.62
4,-12.64,-6.24,4.69,3.81
4,-9.84,-10.14,4.65,3.8199999999999994
4,-8.64,-2.3400000000000007,3.5799999999999996,4.93
4,-8.64,2.6599999999999993,3.7,4.76
4,-7.94,7.459999999999999,4.2,4.18
4,-5.140000000000001,-13.14,4.14,4.21
4,-5.140000000000001,-8.84,4.01,4.34
4,-5.040000000000001,-4.44,4.88,3.53
4,-4.840000000000001,-0.8400000000000005,3.5200000000000005,4.89
4,-3.6400000000000006,4.06,3.4799999999999995,4.94
4,-3.6400000000000006,9.059999999999999,3.88,4.43
4,-1.2400000000000007,-0.8400000000000005,4.74,3.59
4,-1.0400000000000005,-8.84,4.2,4.05
4,-0.9400000000000006,-13.64,4.46,3.81
4,-0.14000000000000057,2.7599999999999993,3.7599999999999993,4.51
4,0.25999999999999945,7.359999999999999,4.01,4.22
4,3.2599999999999993,-9.74,3.53,4.78
4,3.5599999999999996,-4.94,3.4900000000000007,4.83
4,3.6599999999999993,-0.04000000000000057,4.64,3.62
4,3.6599999999999993,3.6599999999999993,4.84,3.47
4,7.06,-8.74,3.96,4.24
4,4.359999999999999,7.159999999999999,4.56,3.66
4,7.06,-4.44,3.95,4.21
4,8.559999999999999,-0.14000000000000057,3.62,4.59
4,-0.14000000000000057,-4.74,3.69,3.87
4,-7.94,-6.24,2.78,3.7700000000000005
4,11.059999999999999,-5.140000000000001,2.01,4.93
4,8.559999999999999,4.459999999999999,3.55,2.62
4,3.5599999999999996,-11.84,4.07,2.02
4,0.25999999999999945,11.66,4.71,1.47
4,-10.84,6.359999999999999,2.11,2.62
4,12.26,-0.14000000000000057,1.25,4.09
4,-7.340000000000001,-12.040000000000001,2.09,1.8700000000000003
4,-4.840000000000001,4.06,1.11,3.37
4,8.959999999999999,7.159999999999999,1.7100000000000002,1.86
4,-11.64,-7.94,1.7899999999999998,1.6599999999999997
4,7.659999999999999,-10.440000000000001,1.7899999999999998,1.61
4,5.06,10.86,1.6599999999999997,1.48
4,-6.040000000000001,11.66,2.34,1.0
4,3.5599999999999996,-12.940000000000001,1.9899999999999998,1.09
4,11.059999999999999,-7.040000000000001,1.15,1.81
4,-13.64,1.6599999999999995,1.08,1.9099999999999997
4,-9.440000000000001,9.059999999999999,1.46,1.33
5,-13.84,-2.8400000000000007,3.3600000000000003,4.93
5,-12.34,2.1599999999999993,3.6100000000000003,4.53
5,-12.540000000000001,-6.44,4.78,3.4
5,-10.440000000000001,-2.9400000000000004,4.42,3.66
5,-8.64,-11.14,3.5,4.62
5,-9.440000000000001,6.76,4.39,3.6800000000000006
5,-8.64,0.7599999999999995,3.3299999999999996,4.85
5,-5.94,-6.44,3.41,4.73
5,-5.24,-1.6400000000000006,3.2,4.98
5,-5.040000000000001,-13.14,3.5099999999999993,4.53
5,-5.040000000000001,3.3599999999999994,4.33,3.6700000000000004
5,-5.040000000000001,7.06,4.04,3.9300000000000006
5,-2.4400000000000004,-8.540000000000001,3.47,4.57
5,-1.9400000000000006,-3.9400000000000004,3.2,4.94
5,-1.4400000000000006,-13.84,4.18,3.78
5,-0.9400000000000006,7.06,4.48,3.5200000000000005
5,-0.6400000000000006,1.0599999999999994,3.14,5.0
5,1.0599999999999994,-10.040000000000001,4.14,3.78
5,1.3599999999999994,-6.24,4.26,3.66
5,2.5599999999999996,-2.5400000000000005,3.3199999999999994,4.69
5,2.5599999999999996,2.1599999999999993,3.5099999999999993,4.42
5,3.5599999999999996,6.659999999999999,3.19,4.85
5,5.26,-10.34,4.26,3.63
5,5.659999999999999,-6.640000000000001,4.72,3.2599999999999993
5,5.959999999999999,-3.3400000000000007,4.96,3.09
5,6.159999999999999,-0.24000000000000057,4.71,3.2400000000000007
5,6.76,3.0599999999999996,3.71,4.11
5,10.959999999999999,-2.7400000000000007,2.84,4.9
5,-2.7400000000000007,11.059999999999999,5.0,2.72
5,6.76,7.26,2.59,3.25
5,2.7599999999999993,-12.74,3.29,2.34
5,10.559999999999999,3.0599999999999996,2.08,3.14
5,10.459999999999999,-7.040000000000001,1.77,3.5699999999999994
5,-7.74,-6.44,1.75,3.3600000000000003
5,-10.84,-9.040000000000001,2.1,2.53
5,-6.640000000000001,11.059999999999999,3.7,1.39
5,-5.040000000000001,-8.540000000000001,2.52,1.9600000000000002
5,2.3599999999999994,11.559999999999999,2.96,1.41
5,1.3599999999999994,-2.5400000000000005,1.03,3.54
5,-1.4400000000000006,-10.040000000000001,2.46,1.37
5,-8.64,5.659999999999999,3.12,1.02
5,-11.24,6.76,1.75,1.7100000000000002
5,-1.9400000000000006,1.0599999999999994,1.27,2.14
5,9.36,7.26,1.47,1.69
5,9.559999999999999,-8.64,1.54,1.55
5,6.06,-11.540000000000001,1.9,1.19
5,-10.440000000000001,0.7599999999999995,1.6200000000000003,1.36
5,-13.440000000000001,2.1599999999999993,1.05,2.05
5,-7.040000000000001,-12.24,1.8799999999999997,1.05
5,12.26,-4.540000000000001,1.09,1.7399999999999998
6,-13.940000000000001,-2.3400000000000007,4.28,3.56
6,-12.74,1.2599999999999993,3.19,4.77
6,-12.440000000000001,-6.640000000000001,3.5699999999999994,4.26
6,-10.34,6.06,4.37,3.4799999999999995
6,-9.540000000000001,-2.3400000000000007,3.5200000000000005,4.29
6,-10.040000000000001,-9.940000000000001,4.64,3.25
6,-5.94,-6.640000000000001,3.2299999999999995,4.64
6,-9.540000000000001,1.9599999999999995,4.19,3.5699999999999994
6,-5.94,-1.9400000000000006,4.54,3.29
6,-5.94,5.56,4.54,3.29
6,-5.94,8.86,4.0,3.7299999999999995
6,-5.340000000000001,-13.040000000000001,3.72,4.01
6,-2.6400000000000006,-8.940000000000001,3.08,4.84
6,-1.8400000000000005,8.86,3.4799999999999995,4.28
6,-5.340000000000001,1.3599999999999994,4.63,3.21
6,-1.5400000000000005,-14.040000000000001,3.1,4.79
6,-1.3400000000000005,-4.040000000000001,3.8,3.8899999999999997
6,-0.6400000000000006,-0.14000000000000057,3.35,4.41
6,-1.3400000000000005,4.659999999999999,3.8,3.88
6,0.4599999999999994,-9.24,2.97,4.9
6,2.5599999999999996,4.359999999999999,2.94,4.95
6,2.5599999999999996,-4.24,3.6700000000000004,3.96
6,2.7599999999999993,-0.24000000000000057,3.46,4.2
6,1.6599999999999995,-12.64,4.41,3.29
6,3.4599999999999995,-9.34,3.31,4.37
6,5.56,4.06,3.6800000000000006,3.91
6,6.26,-4.94,3.8199999999999994,3.7400000000000007
6,6.26,-1.1400000000000006,3.66,3.8899999999999997
6,6.859999999999999,-9.940000000000001,3.01,4.73
6,1.6599999999999995,9.36,4.62,3.08
6,9.959999999999999,-1.1400000000000006,3.7700000000000005,3.7599999999999993
6,9.26,2.7599999999999993,2.84,4.36
6,-8.84,-6.640000000000001,2.83,4.26
6,10.16,-6.24,2.46,4.9
6,6.359999999999999,8.059999999999999,3.08,2.35
6,-5.340000000000001,-8.940000000000001,2.59,2.23
6,-7.840000000000001,-11.74,2.48,1.77
6,-8.64,9.559999999999999,2.58,1.51
6,6.26,2.7599999999999993,2.59,1.17
6,6.159999999999999,-11.540000000000001,1.9600000000000002,1.54
6,9.959999999999999,-8.24,1.48,1.9300000000000002
6,-2.6400000000000006,-4.040000000000001,1.23,2.02
6,9.459999999999999,7.159999999999999,1.6800000000000002,1.41
6,1.6599999999999995,12.459999999999999,2.24,1.04
6,-11.540000000000001,6.06,1.18,1.9600000000000002
6,-11.440000000000001,-8.24,1.39,1.53
6,12.16,2.6599999999999993,1.01,2.1
6,12.66,-2.7400000000000007,1.11,1.57
6,-13.84,1.2599999999999993,1.02,1.56
7,-13.940000000000001,-2.3400000000000007,4.01,3.54
7,-13.24,1.2599999999999993,4.08,3.47
7,-12.74,-6.040000000000001,4.04,3.5
7,-11.34,4.76,3.96,3.56
7,-9.940000000000001,-10.040000000000001,3.59,3.91
7,-9.84,-2.4400000000000004,4.42,3.17
7,-9.14,0.7599999999999995,3.63,3.85
7,-8.64,-6.040000000000001,3.9300000000000006,3.54
7,-7.94,8.36,4.24,3.28
7,-6.340000000000001,-12.540000000000001,3.37,4.1
7,-5.44,0.7599999999999995,3.65,3.78
7,-4.640000000000001,-8.34,3.6,3.8299999999999996
7,-4.640000000000001,-4.44,3.56,3.87
7,-7.340000000000001,4.659999999999999,4.05,3.4
7,-3.6400000000000006,8.16,3.22,4.27
7,-3.2400000000000007,4.56,4.74,2.9
7,-2.9400000000000004,-13.74,3.05,4.49
7,-1.7400000000000007,-0.5400000000000006,2.76,4.93
7,-1.0400000000000005,-4.44,3.62,3.7400000000000007
7,-0.9400000000000006,-9.24,3.45,3.9
7,-0.3400000000000006,7.56,4.92,2.73
7,-0.3400000000000006,10.36,4.61,2.91
7,0.15999999999999942,-13.34,4.22,3.14
7,1.0599999999999994,-0.6400000000000006,3.07,4.31
7,1.5599999999999994,3.7599999999999993,3.5,3.78
7,2.5599999999999996,-10.14,4.83,2.7
7,2.5599999999999996,-7.340000000000001,4.88,2.67
7,2.6599999999999993,-4.640000000000001,4.33,2.98
7,4.159999999999999,-1.6400000000000006,4.77,2.7
7,4.659999999999999,7.56,3.71,3.47
7,5.159999999999999,1.1599999999999995,3.66,3.5
7,7.459999999999999,-8.24,3.9300000000000006,3.25
7,8.86,1.1599999999999995,3.4900000000000007,3.65
7,8.959999999999999,-4.94,2.62,4.86
7,5.159999999999999,4.859999999999999,4.88,2.6
7,11.66,-3.6400000000000006,1.9899999999999998,4.57
7,7.06,-4.640000000000001,1.83,2.92
7,4.459999999999999,-11.74,3.38,1.5
7,10.059999999999999,4.859999999999999,1.7600000000000002,2.68
7,-5.340000000000001,-0.5400000000000006,3.5099999999999993,1.24
7,7.459999999999999,-10.14,2.09,1.8400000000000003
7,8.459999999999999,7.56,1.7,2.09
7,-6.340000000000001,-8.34,1.65,2.12
7,12.36,0.9599999999999994,1.04,3.16
7,-9.84,8.36,1.8700000000000003,1.6599999999999997
7,-11.34,-8.440000000000001,1.31,2.33
7,-3.9400000000000004,12.459999999999999,2.71,1.08
7,4.359999999999999,11.059999999999999,1.8700000000000003,1.51
7,8.959999999999999,-0.04000000000000057,2.44,1.05
7,11.66,-5.840000000000001,1.12,2.06
7,-8.14,-11.540000000000001,1.6,1.44
7,-5.840000000000001,11.66,1.83,1.14
7,-12.540000000000001,4.76,1.19,1.6200000000000003
8,-13.940000000000001,-2.3400000000000007,2.94,4.33
8,-12.940000000000001,2.0599999999999996,3.62,3.5
8,-12.14,-7.24,2.6,4.85
8,-9.440000000000001,-10.440000000000001,2.66,4.74
8,-10.940000000000001,-2.3400000000000007,4.03,3.11
8,-10.040000000000001,5.659999999999999,3.05,4.1
8,-9.440000000000001,-5.640000000000001,3.84,3.25
8,-9.24,0.8599999999999994,3.29,3.7599999999999993
8,-6.94,4.659999999999999,4.8,2.55
8,-6.94,7.26,3.8899999999999997,3.14
8,-6.74,-12.34,3.45,3.53
8,-6.840000000000001,-2.3400000000000007,4.35,2.78
8,-6.74,-8.74,4.27,2.82
8,-5.94,0.4599999999999994,4.37,2.75
8,-3.2400000000000007,-13.74,3.04,3.94
8,-3.0400000000000005,7.26,3.29,3.62
8,-2.4400000000000004,-9.74,2.5,4.76
8,-2.4400000000000004,-4.94,2.5,4.75
8,-2.2400000000000007,10.959999999999999,4.08,2.91
8,-1.5400000000000005,-0.14000000000000057,2.91,4.07
8,-2.0400000000000005,3.9599999999999995,4.16,2.84
8,-0.14000000000000057,-13.64,3.54,3.3299999999999996
8,0.15999999999999942,-10.24,2.47,4.75
8,0.15999999999999942,-5.44,2.53,4.63
8,0.25999999999999945,6.859999999999999,3.78,3.09
8,1.4599999999999995,-0.7400000000000005,2.61,4.47
8,1.8599999999999994,9.959999999999999,4.56,2.54
8,2.6599999999999993,-10.24,2.55,4.54
8,2.1599999999999993,3.7599999999999993,4.86,2.37
8,4.159999999999999,-5.640000000000001,2.34,4.91
8,4.06,6.159999999999999,3.25,3.53
8,4.159999999999999,-0.6400000000000006,4.72,2.43
8,5.26,-11.74,2.5,4.58
8,6.56,-7.140000000000001,2.57,4.45
8,7.06,1.8599999999999994,2.75,4.14
8,8.959999999999999,-2.6400000000000006,4.57,2.49
8,9.16,-8.14,2.39,4.76
8,9.86,-0.14000000000000057,3.2,3.55
8,-5.540000000000001,-5.840000000000001,3.01,3.46
8,7.359999999999999,6.06,3.01,3.37
8,9.86,3.4599999999999995,2.85,2.48
8,-6.44,10.459999999999999,3.35,2.04
8,2.7599999999999993,-5.640000000000001,1.35,4.66
8,-5.94,3.2599999999999993,3.87,1.31
8,4.159999999999999,1.8599999999999994,2.73,1.8400000000000003
8,3.4599999999999995,-13.14,1.6599999999999997,2.76
8,7.859999999999999,-10.74,1.24,3.54
8,6.56,-2.6400000000000006,2.0,1.9300000000000002
8,11.559999999999999,-5.140000000000001,1.56,2.42
8,-11.64,5.659999999999999,1.51,2.29
8,6.459999999999999,9.76,1.67,1.6800000000000002
8,-13.24,-4.94,1.08,2.42
8,-10.64,-9.24,1.18,1.95
8,10.459999999999999,5.959999999999999,1.32,1.6599999999999997
8,-8.540000000000001,9.86,1.54,1.32
9,-14.040000000000001,-1.6400000000000006,4.04,2.81
9,-13.64,1.2599999999999993,4.87,2.33
9,-13.34,-4.640000000000001,3.8600000000000003,2.92
9,-12.24,3.6599999999999993,3.4200000000000004,3.29
9,-11.940000000000001,-7.540000000000001,3.9300000000000006,2.86
9,-9.440000000000001,-4.640000000000001,2.37,4.74
9,-10.14,6.959999999999999,4.16,2.7
9,-9.64,-10.34,4.02,2.79
9,-8.74,0.15999999999999942,2.25,4.98
9,-7.040000000000001,-7.540000000000001,2.41,4.62
9,-7.340000000000001,9.76,4.88,2.27
9,-6.44,-2.8400000000000007,3.29,3.3600000000000003
9,-6.44,0.5599999999999994,4.78,2.31
9,-6.44,2.9599999999999995,3.3,3.34
9,-5.94,6.359999999999999,3.25,3.3899999999999997
9,-6.040000000000001,-12.74,4.75,2.31
9,-4.540000000000001,-10.34,3.4,3.22
9,-4.540000000000001,-7.040000000000001,3.19,3.4300000000000006
9,-3.1400000000000006,-3.5400000000000005,2.9,3.7700000000000005
9,-2.6400000000000006,2.9599999999999995,2.39,4.57
9,-2.4400000000000004,7.56,4.47,2.43
9,-2.4400000000000004,10.059999999999999,4.45,2.43
9,-1.0400000000000005,-14.040000000000001,2.44,4.42
9,-1.0400000000000005,-9.540000000000001,2.26,4.76
9,-0.24000000000000057,0.25999999999999945,3.91,2.75
9,-0.24000000000000057,3.0599999999999996,4.6,2.33
9,-0.14000000000000057,-4.74,4.54,2.36
9,1.4599999999999995,-13.540000000000001,2.21,4.84
9,1.2599999999999993,-8.64,3.5,3.03
9,-0.14000000000000057,-2.3400000000000007,4.13,2.55
9,2.0599999999999996,5.459999999999999,2.36,4.46
9,3.7599999999999993,-12.24,3.11,3.38
9,2.0599999999999996,9.959999999999999,3.7299999999999995,2.81
9,4.06,-2.3400000000000007,2.97,3.5099999999999993
9,4.459999999999999,1.2599999999999993,2.32,4.48
9,4.459999999999999,5.76,2.87,3.6100000000000003
9,4.859999999999999,-8.84,2.86,3.62
9,4.459999999999999,-5.140000000000001,4.06,2.55
9,6.859999999999999,1.2599999999999993,3.8600000000000003,2.68
9,7.359999999999999,3.9599999999999995,2.4,4.31
9,7.76,-9.64,2.46,4.2
9,8.559999999999999,-5.340000000000001,2.29,4.49
9,10.76,-0.8400000000000005,2.31,4.44
9,10.86,-5.840000000000001,1.9600000000000002,4.95
9,7.06,-0.8400000000000005,3.47,2.05
9,9.86,3.9599999999999995,1.9899999999999998,3.55
9,-2.7400000000000007,12.559999999999999,4.54,1.29
9,5.859999999999999,9.459999999999999,2.78,1.67
9,-0.24000000000000057,5.459999999999999,2.17,2.06
9,-8.74,5.159999999999999,2.27,1.64
9,-1.6400000000000006,0.25999999999999945,1.32,2.55
9,10.26,-7.94,1.34,2.06
9,7.359999999999999,8.36,2.47,1.02
9,-7.540000000000001,-11.940000000000001,1.42,1.58
9,-4.540000000000001,12.059999999999999,1.73,1.26
9,6.959999999999999,-11.24,1.5,1.41
9,7.06,-2.5400000000000005,1.27,1.61
10,-14.040000000000001,-1.6400000000000006,4.76,2.16
10,-13.74,0.5599999999999994,4.12,2.49
10,-13.540000000000001,-4.040000000000001,4.36,2.35
10,-13.040000000000001,3.0599999999999996,4.72,2.17
10,-12.540000000000001,-6.44,4.33,2.36
10,-11.440000000000001,5.26,3.46,2.95
10,-11.24,-8.540000000000001,4.94,2.06
10,-9.24,-1.6400000000000006,2.99,3.3899999999999997
10,-8.14,-6.44,2.34,4.33
10,-8.74,8.26,3.69,2.73
10,-9.14,-10.74,4.66,2.16
10,-8.24,1.7599999999999993,4.45,2.26
10,-7.94,4.06,2.64,3.8
10,-6.24,-2.0400000000000005,3.3600000000000003,2.98
10,-5.74,-8.540000000000001,3.8600000000000003,2.59
10,-5.74,-5.94,2.75,3.62
10,-5.24,4.06,2.44,4.03
10,-5.040000000000001,8.16,3.6800000000000006,2.67
10,-4.44,-13.34,2.64,3.71
10,-5.040000000000001,10.86,4.43,2.21
10,-2.9400000000000004,-5.94,2.68,3.65
10,-2.8400000000000007,-2.2400000000000007,2.14,4.57
10,-2.7400000000000007,2.3599999999999994,3.38,2.87
10,-1.7400000000000007,-13.940000000000001,2.23,4.34
10,-1.8400000000000005,-9.540000000000001,2.7,3.5799999999999996
10,-1.3400000000000005,5.26,2.84,3.4
10,-0.6400000000000006,-2.2400000000000007,3.28,2.94
10,-0.5400000000000006,8.76,2.4,4.01
10,-0.24000000000000057,-5.94,3.8,2.53
10,0.5599999999999994,-13.440000000000001,3.56,2.7
10,0.6599999999999995,0.7599999999999995,4.92,1.95
10,0.9599999999999994,-10.64,2.47,3.88
10,1.5599999999999994,2.7599999999999993,2.05,4.66
10,1.9599999999999995,7.459999999999999,3.91,2.44
10,1.9599999999999995,9.959999999999999,3.0,3.18
10,2.6599999999999993,-3.3400000000000007,3.6,2.65
10,3.4599999999999995,-10.64,2.26,4.22
10,3.6599999999999993,2.7599999999999993,2.54,3.75
10,3.6599999999999993,-6.340000000000001,4.18,2.27
10,5.76,-11.64,2.16,4.39
10,5.959999999999999,6.56,2.52,3.7599999999999993
10,5.659999999999999,-0.6400000000000006,4.97,1.8799999999999997
10,6.26,1.2599999999999993,2.99,3.12
10,7.859999999999999,-7.24,2.29,4.05
10,6.359999999999999,-3.1400000000000006,4.37,2.12
10,8.559999999999999,4.459999999999999,2.37,3.9
10,10.66,-0.9400000000000006,2.0,4.61
10,10.76,-5.840000000000001,2.07,4.42
10,7.959999999999999,-10.14,1.7899999999999998,2.85
10,12.86,-2.2400000000000007,1.09,4.35
10,6.26,4.459999999999999,2.17,2.02
10,10.959999999999999,3.7599999999999993,1.85,2.09
10,-7.24,-12.14,2.72,1.39
10,9.26,1.2599999999999993,1.23,3.04
10,2.6599999999999993,-0.6400000000000006,2.67,1.35
10,-2.7400000000000007,5.26,1.26,2.85
10,5.06,10.36,2.58,1.38
10,4.159999999999999,-12.940000000000001,1.44,2.06
10,10.16,-7.840000000000001,1.51,1.9600000000000002
10,-10.14,8.26,1.35,1.41
10,-6.640000000000001,11.059999999999999,1.33,1.35
11,-14.040000000000001,-1.6400000000000006,4.44,2.07
11,-13.64,0.4599999999999994,3.05,3.01
11,-13.540000000000001,-4.040000000000001,3.85,2.38
11,-12.64,3.5599999999999996,3.5099999999999993,2.61
11,-12.540000000000001,-6.44,4.12,2.22
11,-10.24,6.26,2.73,3.35
11,-10.540000000000001,-9.34,3.2599999999999993,2.8
11,-9.540000000000001,-4.140000000000001,1.9300000000000002,4.7
11,-9.040000000000001,0.6599999999999995,2.73,3.31
11,-7.540000000000001,-6.44,2.97,3.04
11,-7.44,4.06,2.09,4.31
11,-7.540000000000001,-3.3400000000000007,2.95,3.05
11,-7.24,-12.14,2.43,3.7
11,-7.44,8.459999999999999,3.6100000000000003,2.49
11,-5.340000000000001,-0.24000000000000057,1.83,4.91
11,-4.74,-13.24,2.4,3.7299999999999995
11,-5.340000000000001,4.76,2.48,3.59
11,-4.74,-9.440000000000001,3.14,2.83
11,-4.540000000000001,-6.540000000000001,3.16,2.78
11,-4.540000000000001,-3.7400000000000007,3.54,2.48
11,-3.7400000000000007,8.36,2.56,3.41
11,-3.4400000000000004,-1.2400000000000007,3.6,2.41
11,-3.4400000000000004,1.2599999999999993,3.44,2.52
11,-2.8400000000000007,3.8599999999999994,2.65,3.2700000000000005
11,-2.2400000000000007,-13.940000000000001,2.3,3.7599999999999993
11,-1.5400000000000005,-10.14,3.8899999999999997,2.21
11,-1.3400000000000005,-7.840000000000001,2.71,3.17
11,-1.1400000000000006,7.159999999999999,2.33,3.6700000000000004
11,-0.9400000000000006,-4.640000000000001,2.74,3.12
11,-3.6400000000000006,11.86,4.8,1.78
11,0.05999999999999943,1.2599999999999993,1.7100000000000002,4.98
11,1.2599999999999993,6.26,1.8400000000000003,4.62
11,0.15999999999999942,-13.540000000000001,3.5,2.42
11,1.8599999999999994,-7.840000000000001,2.39,3.54
11,1.8599999999999994,-4.24,2.91,2.9
11,1.8599999999999994,-1.2400000000000007,2.09,4.02
11,1.8599999999999994,2.8599999999999994,2.48,3.38
11,2.3599999999999994,-11.040000000000001,2.67,3.13
11,1.2599999999999993,10.959999999999999,4.93,1.69
11,3.1599999999999993,6.26,2.15,3.8600000000000003
11,3.9599999999999995,-1.2400000000000007,2.57,3.2
11,4.26,-7.840000000000001,2.29,3.59
11,4.359999999999999,2.0599999999999996,2.06,3.9900000000000007
11,5.06,-12.14,2.07,3.9200000000000004
11,4.859999999999999,-4.24,4.61,1.7600000000000002
11,5.359999999999999,6.06,3.5,2.31
11,6.459999999999999,2.0599999999999996,2.08,3.87
11,6.56,-2.4400000000000004,1.9300000000000002,4.16
11,7.159999999999999,-10.84,1.86,4.31
11,8.559999999999999,-2.4400000000000004,3.09,2.59
11,8.559999999999999,0.15999999999999942,2.47,3.2400000000000007
11,8.959999999999999,3.4599999999999995,1.72,4.63
11,9.059999999999999,-8.74,1.95,4.08
11,11.059999999999999,0.15999999999999942,1.92,4.14
11,5.359999999999999,8.459999999999999,3.3199999999999994,2.32
11,11.66,-4.840000000000001,1.54,4.99
11,6.56,-6.44,2.34,2.16
11,9.559999999999999,-4.640000000000001,2.04,2.15
11,-6.640000000000001,10.959999999999999,2.85,1.43
11,-7.24,-8.34,2.48,1.54
11,10.76,4.359999999999999,1.81,1.89
11,-10.540000000000001,0.6599999999999995,1.3,2.24
11,0.25999999999999945,-1.4400000000000006,1.14,2.47
11,-9.040000000000001,4.06,1.5,1.81
11,3.7599999999999993,-13.14,1.2,2.03
11,-11.540000000000001,6.26,1.22,1.72
11,-9.040000000000001,-10.84,1.43,1.42
11,11.059999999999999,-7.040000000000001,1.12,1.72
12,-14.040000000000001,-1.6400000000000006,2.83,2.81
12,-13.84,1.2599999999999993,4.98,1.59
12,-13.24,-4.94,2.61,3.03
12,-12.24,2.8599999999999994,1.95,4.04
12,-10.84,-9.040000000000001,1.9300000000000002,4.08
12,-10.540000000000001,-4.94,1.6200000000000003,4.86
12,-10.34,6.959999999999999,3.07,2.56
12,-8.84,-10.940000000000001,1.81,4.32
12,-10.24,2.8599999999999994,2.59,3.01
12,-8.84,-6.540000000000001,1.72,4.5
12,-8.84,-1.9400000000000006,1.8199999999999998,4.25
12,-7.640000000000001,2.3599999999999994,1.97,3.91
12,-7.24,6.359999999999999,1.98,3.8899999999999997
12,-7.040000000000001,-6.540000000000001,2.24,3.4200000000000004
12,-6.94,-12.24,3.34,2.29
12,-6.94,-3.0400000000000005,2.18,3.4900000000000007
12,-6.94,-9.940000000000001,3.53,2.15
12,-5.640000000000001,0.4599999999999994,1.8400000000000003,4.11
12,-6.44,10.26,3.37,2.24
12,-5.24,4.659999999999999,3.09,2.44
12,-5.24,7.159999999999999,3.19,2.36
12,-4.74,-7.74,2.07,3.63
12,-4.74,-4.040000000000001,2.85,2.63
12,-3.7400000000000007,-1.3400000000000005,3.4200000000000004,2.19
12,-3.3400000000000007,-13.64,1.9,3.8899999999999997
12,-2.6400000000000006,-9.74,1.51,4.89
12,-3.7400000000000007,0.8599999999999994,3.78,1.94
12,-3.0400000000000005,9.559999999999999,2.6,2.81
12,-2.1400000000000006,2.8599999999999994,3.29,2.22
12,-1.0400000000000005,-14.040000000000001,1.6299999999999997,4.48
12,-2.0400000000000005,5.159999999999999,1.81,3.9799999999999995
12,-1.0400000000000005,-9.540000000000001,1.67,4.31
12,-0.3400000000000006,9.16,1.8400000000000003,3.8899999999999997
12,-1.8400000000000005,-4.840000000000001,3.2400000000000007,2.2
12,0.05999999999999943,-2.5400000000000005,1.5,4.73
12,0.6599999999999995,-13.940000000000001,1.65,4.3
12,-0.14000000000000057,5.159999999999999,2.13,3.31
12,1.4599999999999995,-9.540000000000001,1.47,4.79
12,1.5599999999999994,8.559999999999999,2.14,3.29
12,1.6599999999999995,-4.74,1.57,4.48
12,1.1599999999999995,2.2599999999999993,2.64,2.65
12,2.9599999999999995,-13.34,1.51,4.63
12,1.6599999999999995,-0.24000000000000057,4.06,1.72
12,2.0599999999999996,4.959999999999999,2.53,2.76
12,3.2599999999999993,-8.64,1.46,4.78
12,3.2599999999999993,-3.8400000000000007,2.01,3.47
12,3.7599999999999993,7.76,1.97,3.54
12,3.8599999999999994,1.5599999999999994,2.8,2.49
12,4.56,-11.940000000000001,2.94,2.37
12,4.76,-9.540000000000001,1.8700000000000003,3.72
12,4.659999999999999,4.06,2.2,3.14
12,5.359999999999999,-5.74,1.69,4.08
12,5.359999999999999,-1.6400000000000006,4.95,1.39
12,5.76,-0.24000000000000057,4.98,1.38
12,5.76,7.26,4.77,1.44
12,6.659999999999999,-9.540000000000001,2.67,2.57
12,6.76,1.1599999999999995,4.51,1.52
12,6.959999999999999,2.7599999999999993,2.75,2.48
12,7.06,-6.94,1.36,4.99
12,8.459999999999999,-6.94,3.2,2.1
12,9.76,2.7599999999999993,2.1,3.19
12,10.36,-4.74,1.83,3.6399999999999997
12,11.36,-1.0400000000000005,2.41,2.75
12,5.76,8.76,2.96,2.2
12,6.959999999999999,5.959999999999999,4.65,1.25
12,8.459999999999999,-4.74,1.83,3.05
12,1.5599999999999994,11.86,3.7700000000000005,1.12
12,11.959999999999999,1.7599999999999993,1.04,3.05
12,12.26,-4.540000000000001,1.02,3.03
12,-2.7400000000000007,12.459999999999999,2.09,1.31
12,9.36,-8.74,1.64,1.64
12,-12.14,-7.24,1.21,2.19
13,-14.040000000000001,-1.6400000000000006,2.72,2.42
13,-13.24,0.8599999999999994,1.61,4.04
13,-13.74,-3.2400000000000007,4.88,1.33
13,-13.040000000000001,-5.44,3.3600000000000003,1.9300000000000002
13,-11.540000000000001,0.8599999999999994,1.48,4.38
13,-10.14,5.26,1.44,4.47
13,-10.540000000000001,-9.34,1.6599999999999997,3.87
13,-11.24,-1.8400000000000005,4.87,1.31
13,-10.040000000000001,-0.44000000000000056,1.44,4.42
13,-8.84,-10.940000000000001,2.02,3.14
13,-9.64,-5.44,2.89,2.19
13,-8.64,4.06,1.83,3.45
13,-8.64,7.56,2.14,2.94
13,-8.540000000000001,-0.44000000000000056,2.71,2.32
13,-8.84,-7.74,2.78,2.26
13,-6.74,-12.34,2.44,2.56
13,-8.540000000000001,1.9599999999999995,4.15,1.5
13,-6.74,-5.44,2.43,2.56
13,-6.74,3.5599999999999996,2.12,2.93
13,-7.340000000000001,10.559999999999999,4.16,1.49
13,-6.74,-9.74,3.5799999999999996,1.73
13,-6.44,6.56,2.35,2.63
13,-5.74,-2.8400000000000007,1.98,3.11
13,-4.340000000000001,0.35999999999999943,1.31,4.7
13,-4.24,-7.94,1.54,3.9900000000000007
13,-4.24,-13.440000000000001,2.14,2.87
13,-4.040000000000001,5.159999999999999,2.46,2.44
13,-4.040000000000001,7.659999999999999,2.4,2.5
13,-2.9400000000000004,-3.9400000000000004,1.34,4.46
13,-2.9400000000000004,0.5599999999999994,1.69,3.53
13,-4.24,12.059999999999999,4.37,1.36
13,-3.1400000000000006,-10.540000000000001,2.8,2.12
13,-2.6400000000000006,-8.34,3.0,1.97
13,-3.1400000000000006,10.26,3.4200000000000004,1.72
13,-2.6400000000000006,-6.340000000000001,2.44,2.38
13,-2.0400000000000005,-13.940000000000001,2.04,2.84
13,-1.5400000000000005,-3.9400000000000004,2.27,2.55
13,-1.5400000000000005,-1.3400000000000005,3.47,1.6599999999999997
13,-1.5400000000000005,4.159999999999999,2.59,2.22
13,-1.5400000000000005,6.459999999999999,2.38,2.41
13,-1.2400000000000007,0.35999999999999943,3.3600000000000003,1.7
13,0.05999999999999943,-14.040000000000001,1.47,3.87
13,-0.14000000000000057,-6.340000000000001,2.73,2.08
13,-1.2400000000000007,2.1599999999999993,4.11,1.38
13,0.35999999999999943,8.959999999999999,1.54,3.6800000000000006
13,1.0599999999999994,3.5599999999999996,1.18,4.8
13,0.4599999999999994,-10.14,2.98,1.9
13,0.4599999999999994,-8.14,3.9200000000000004,1.44
13,1.9599999999999995,-4.24,1.45,3.8899999999999997
13,1.9599999999999995,8.459999999999999,1.47,3.81
13,1.5599999999999994,-13.74,1.67,3.35
13,2.2599999999999993,3.5599999999999996,1.42,3.9300000000000006
13,3.4599999999999995,-13.34,1.12,4.98
13,2.9599999999999995,-0.3400000000000006,1.49,3.7400000000000007
13,2.6599999999999993,-6.640000000000001,2.52,2.21
13,3.4599999999999995,-4.340000000000001,3.14,1.77
13,3.4599999999999995,-2.5400000000000005,4.79,1.16
13,3.4599999999999995,7.56,1.44,3.84
13,3.7599999999999993,3.4599999999999995,1.49,3.7
13,4.459999999999999,-1.3400000000000005,1.7899999999999998,3.07
13,4.659999999999999,-12.84,1.1,4.99
13,4.959999999999999,7.26,2.73,1.9899999999999998
13,4.459999999999999,-7.840000000000001,4.85,1.12
13,5.26,1.7599999999999993,1.24,4.37
13,5.859999999999999,-12.040000000000001,1.33,4.07
13,6.56,-1.3400000000000005,1.41,3.8299999999999996
13,6.56,2.5599999999999996,1.28,4.2
13,4.959999999999999,9.26,1.78,3.02
13,7.859999999999999,2.5599999999999996,1.15,4.65
13,8.26,-6.640000000000001,1.07,4.98
13,6.659999999999999,-6.640000000000001,1.48,3.6
13,8.059999999999999,-1.3400000000000005,1.61,3.3
13,7.26,-10.64,1.9099999999999997,2.76
13,9.059999999999999,2.0599999999999996,4.27,1.23
13,9.059999999999999,3.3599999999999994,1.6,3.2599999999999993
13,9.36,-9.440000000000001,1.08,4.76
13,9.36,-4.540000000000001,3.94,1.3
13,9.36,-3.1400000000000006,3.3299999999999996,1.52
13,7.76,7.26,2.1,2.4
13,9.76,-1.5400000000000005,3.66,1.37
13,10.76,3.3599999999999994,1.94,2.58
13,9.76,-0.14000000000000057,3.7,1.35
13,10.459999999999999,-7.340000000000001,1.59,2.71
13,-6.040000000000001,-7.94,1.72,2.44
13,-12.040000000000001,5.26,1.86,2.0
13,-11.74,-7.840000000000001,1.13,2.2
14,-14.040000000000001,-1.6400000000000006,4.5,1.15
14,-14.040000000000001,-0.44000000000000056,4.86,1.06
14,-12.940000000000001,0.6599999999999995,1.03,4.88
14,-13.440000000000001,-4.340000000000001,2.0,2.5
14,-11.940000000000001,-7.540000000000001,1.57,3.17
14,-12.34,5.56,4.31,1.15
14,-11.84,0.6599999999999995,1.42,3.4900000000000007
14,-10.34,-9.64,1.55,3.18
14,-11.34,-4.340000000000001,3.1,1.59
14,-11.24,6.76,2.78,1.77
14,-10.34,-6.44,3.41,1.44
14,-10.34,0.6599999999999995,1.05,4.67
14,-9.24,0.6599999999999995,1.7100000000000002,2.83
14,-9.440000000000001,-2.7400000000000007,2.68,1.8
14,-8.74,-11.040000000000001,1.6200000000000003,2.97
14,-9.940000000000001,8.559999999999999,3.63,1.32
14,-7.94,3.5599999999999996,1.25,3.81
14,-8.14,-4.94,2.6,1.83
14,-7.040000000000001,-12.24,1.04,4.56
14,-8.14,9.959999999999999,3.01,1.57
14,-7.44,-0.8400000000000005,1.17,4.01
14,-6.640000000000001,3.2599999999999993,1.59,2.95
14,-6.840000000000001,-7.640000000000001,3.5799999999999996,1.31
14,-6.24,-3.0400000000000005,1.15,4.07
14,-6.640000000000001,6.26,3.0,1.56
14,-6.840000000000001,-6.24,3.62,1.29
14,-5.94,-12.74,1.22,3.8199999999999994
14,-5.040000000000001,-4.94,1.95,2.38
14,-5.040000000000001,-2.5400000000000005,2.04,2.27
14,-5.040000000000001,-0.24000000000000057,1.23,3.75
14,-5.040000000000001,7.859999999999999,1.31,3.5200000000000005
14,-5.140000000000001,11.559999999999999,2.97,1.55
14,-5.040000000000001,3.5599999999999996,1.77,2.58
14,-4.640000000000001,-13.34,2.76,1.65
14,-4.640000000000001,-11.64,1.65,2.73
14,-5.94,-8.84,4.42,1.01
14,-3.5400000000000005,6.159999999999999,1.14,3.8899999999999997
14,-3.7400000000000007,-0.24000000000000057,1.89,2.33
14,-3.2400000000000007,2.1599999999999993,2.57,1.7100000000000002
14,-3.6400000000000006,10.059999999999999,3.91,1.11
14,-3.0400000000000005,-7.74,1.32,3.28
14,-3.2400000000000007,3.9599999999999995,3.09,1.4
14,-2.9400000000000004,-4.44,1.45,2.96
14,-2.9400000000000004,-11.64,1.83,2.31
14,-2.3400000000000007,5.459999999999999,1.17,3.6
14,-1.8400000000000005,-1.4400000000000006,1.54,2.7
14,-1.4400000000000006,-9.24,1.11,3.7400000000000007
14,-2.1400000000000006,11.26,3.8,1.08
14,-2.1400000000000006,12.36,3.9900000000000007,1.02
14,-1.8400000000000005,-13.940000000000001,3.87,1.05
14,-1.4400000000000006,-5.44,3.06,1.32
14,-1.1400000000000006,5.459999999999999,1.02,3.95
14,-1.0400000000000005,-12.84,1.23,3.2700000000000005
14,-1.4400000000000006,-4.040000000000001,3.0,1.33
14,-0.6400000000000006,1.3599999999999994,3.06,1.3
14,-0.24000000000000057,-9.540000000000001,1.06,3.7400000000000007
14,-0.24000000000000057,-2.6400000000000006,3.2299999999999995,1.22
14,-0.24000000000000057,-1.3400000000000005,3.11,1.24
14,-0.04000000000000057,2.7599999999999993,1.01,3.81
14,-0.04000000000000057,6.659999999999999,2.48,1.54
14,-0.24000000000000057,-0.04000000000000057,3.6,1.06
14,0.25999999999999945,-12.84,1.9,1.95
14,0.35999999999999943,8.26,1.9,1.9
14,0.8599999999999994,-10.84,2.29,1.55
14,0.8599999999999994,-9.24,2.29,1.52
14,0.8599999999999994,-7.640000000000001,2.02,1.72
14,1.0599999999999994,2.7599999999999993,2.23,1.55
14,1.0599999999999994,4.359999999999999,1.9099999999999997,1.73
14,1.6599999999999995,-5.840000000000001,2.31,1.42
14,1.6599999999999995,-4.340000000000001,2.21,1.44
14,1.7599999999999993,10.26,2.05,1.52
14,1.8599999999999994,11.86,1.83,1.67
14,2.2599999999999993,-13.540000000000001,1.6,1.9
14,2.3599999999999994,8.26,1.4,1.9099999999999997
14,2.4599999999999995,1.0599999999999994,1.78,1.5
