Instance: CBPP
Bin radius: 14.14
Rotate enable: false
Bin num: 4
Bin id,X coordinate of lower left corner,Y coordinate of lower left corner,Item's width,Item's height
1,-12.14,-7.24,4.99,4.37
1,-7.24,-12.14,4.25,4.82
1,-4.44,-7.24,4.18,4.83
1,-2.9400000000000004,-13.74,4.92,3.69
1,-0.24000000000000057,-10.040000000000001,4.18,4.22
1,0.6599999999999995,-5.74,4.12,4.23
1,0.9599999999999994,6.06,4.67,3.71
1,1.2599999999999993,-1.4400000000000006,4.84,3.54
1,1.2599999999999993,2.1599999999999993,4.68,3.63
1,3.9599999999999995,-11.24,4.53,3.7400000000000007
1,4.859999999999999,-7.44,3.81,4.43
1,5.659999999999999,5.859999999999999,4.75,3.5200000000000005
1,6.159999999999999,-2.9400000000000004,4.32,3.84
1,5.959999999999999,2.1599999999999993,4.97,3.2299999999999995
1,0.9599999999999994,9.86,4.53,3.09
1,8.76,-7.040000000000001,3.44,3.9900000000000007
1,10.559999999999999,-3.0400000000000005,3.17,4.31
1,-7.140000000000001,-7.24,2.57,4.39
1,10.959999999999999,1.3599999999999994,1.97,4.18
1,-10.14,-9.84,2.65,2.55
1,-2.9400000000000004,-10.040000000000001,2.65,2.45
1,2.0599999999999996,-13.540000000000001,1.8400000000000003,3.2299999999999995
1,5.659999999999999,9.459999999999999,2.67,1.86
1,8.76,-9.040000000000001,2.06,1.9600000000000002
1,6.159999999999999,0.9599999999999994,3.7299999999999995,1.05
1,3.9599999999999995,-12.74,2.01,1.4
1,10.459999999999999,5.56,1.31,1.65
1,-8.940000000000001,-10.940000000000001,1.65,1.02
1,-4.340000000000001,-13.440000000000001,1.3,1.27
1,-13.84,-2.8400000000000007,4.82,4.82
1,-12.24,2.0599999999999996,4.59,4.94
1,-8.940000000000001,-2.8400000000000007,4.41,4.87
1,-7.640000000000001,2.0599999999999996,4.47,4.74
1,-8.24,7.06,4.73,4.35
1,-3.4400000000000004,6.859999999999999,4.38,4.47
1,-4.44,-2.3400000000000007,5.0,3.9
1,-3.1400000000000006,1.6599999999999995,4.33,4.37
1,-3.4400000000000004,11.36,4.38,2.26
1,-10.540000000000001,7.06,2.29,2.24
1,-5.840000000000001,11.459999999999999,2.16,1.32
1,-13.440000000000001,2.0599999999999996,1.09,2.17
2,-12.64,-6.24,4.61,3.3199999999999994
2,-10.14,-9.84,4.3,3.53
2,-6.640000000000001,-6.24,3.62,4.08
2,-5.74,-12.84,3.94,3.7299999999999995
2,-2.9400000000000004,-9.040000000000001,3.5,4.08
2,-2.0400000000000005,-4.94,4.93,2.8
2,-1.7400000000000007,-13.940000000000001,4.05,3.3600000000000003
2,0.6599999999999995,-10.540000000000001,3.75,3.25
2,2.9599999999999995,-7.24,3.88,3.1
2,2.9599999999999995,-4.040000000000001,3.18,3.78
2,3.4599999999999995,3.4599999999999995,3.5799999999999996,3.29
2,4.159999999999999,-0.24000000000000057,3.37,3.4900000000000007
2,4.159999999999999,6.76,4.8,2.45
2,4.459999999999999,-12.34,2.37,4.95
2,6.159999999999999,-4.040000000000001,4.13,2.82
2,6.859999999999999,-10.040000000000001,2.9,3.9799999999999995
2,7.56,-1.1400000000000006,2.45,4.67
2,7.06,3.5599999999999996,3.66,3.1
2,10.059999999999999,-1.1400000000000006,3.25,3.47
2,10.36,-5.640000000000001,2.59,4.27
2,4.159999999999999,9.26,3.4300000000000006,2.56
2,10.76,2.3599999999999994,1.98,3.6100000000000003
2,-5.74,-9.040000000000001,2.59,2.37
2,6.859999999999999,-6.040000000000001,2.68,1.9899999999999998
2,0.6599999999999995,-7.24,2.26,2.08
2,2.3599999999999994,-13.440000000000001,1.7600000000000002,2.66
2,9.059999999999999,6.76,1.69,2.21
2,9.86,-8.540000000000001,1.35,2.73
2,-7.540000000000001,-11.940000000000001,1.77,2.05
2,-7.94,-6.24,1.17,2.84
2,-1.7400000000000007,-10.540000000000001,1.7100000000000002,1.48
2,-11.940000000000001,-7.540000000000001,1.78,1.21
2,-13.84,-2.8400000000000007,3.2,4.9
2,-12.34,2.1599999999999993,3.35,4.62
2,-10.540000000000001,-2.8400000000000007,3.8,4.01
2,-8.940000000000001,1.2599999999999993,3.5799999999999996,4.17
2,-9.84,6.859999999999999,4.8,3.11
2,-6.640000000000001,-2.1400000000000006,4.5,3.25
2,-5.340000000000001,1.1599999999999995,4.41,3.2700000000000005
2,-4.94,4.459999999999999,3.9300000000000006,3.66
2,-4.94,8.16,4.45,3.2299999999999995
2,-2.0400000000000005,-2.0400000000000005,4.96,2.77
2,-0.9400000000000006,4.459999999999999,4.37,2.93
2,-0.8400000000000005,0.7599999999999995,4.9,2.6
2,-0.44000000000000056,7.459999999999999,4.55,2.79
2,-0.44000000000000056,10.26,4.11,3.01
2,-5.340000000000001,11.459999999999999,4.84,1.58
2,-8.940000000000001,5.459999999999999,3.96,1.35
2,-8.24,10.059999999999999,3.2599999999999993,1.39
2,-11.440000000000001,6.859999999999999,1.3,1.36
3,-12.74,2.0599999999999996,2.93,3.8
3,-11.440000000000001,5.959999999999999,4.87,2.25
3,-9.74,1.5599999999999994,3.04,3.59
3,-8.24,8.26,3.3600000000000003,3.16
3,-6.540000000000001,4.659999999999999,3.85,2.56
3,-4.840000000000001,7.26,2.83,3.47
3,-4.840000000000001,10.76,4.82,1.9600000000000002
3,0.25999999999999945,-7.540000000000001,2.06,4.29
3,2.3599999999999994,-13.24,2.45,3.5099999999999993
3,2.3599999999999994,-9.64,2.12,3.9799999999999995
3,3.2599999999999993,-5.640000000000001,2.11,3.84
3,4.56,-9.64,2.01,3.96
3,5.459999999999999,-5.640000000000001,2.03,3.8
3,6.659999999999999,-11.34,1.6599999999999997,4.47
3,7.56,-6.840000000000001,2.42,3.0
3,7.56,-3.7400000000000007,4.25,1.69
3,8.959999999999999,-2.0400000000000005,4.49,1.58
3,10.059999999999999,-7.340000000000001,1.98,3.28
3,8.36,-9.940000000000001,1.5,3.08
3,4.859999999999999,-12.540000000000001,1.59,2.82
3,-4.44,3.1599999999999993,2.43,1.46
3,12.059999999999999,-4.840000000000001,1.18,2.5
3,-2.7400000000000007,12.76,2.51,1.06
3,-1.9400000000000006,3.1599999999999993,2.02,4.53
3,-1.9400000000000006,7.76,3.8299999999999996,2.33
3,0.15999999999999942,3.0599999999999996,2.25,3.94
3,0.05999999999999943,10.16,4.19,2.09
3,1.0599999999999994,-3.2400000000000007,2.12,4.08
3,2.4599999999999995,0.8599999999999994,2.24,3.7400000000000007
3,2.4599999999999995,4.659999999999999,1.9,4.34
3,4.459999999999999,4.659999999999999,1.8400000000000003,4.36
3,4.76,-1.7400000000000007,1.8700000000000003,4.25
3,6.359999999999999,2.5599999999999996,1.65,4.67
3,6.359999999999999,7.26,2.12,3.6
3,6.659999999999999,-1.7400000000000007,2.22,3.29
3,8.059999999999999,1.5599999999999994,3.12,2.31
3,8.059999999999999,3.9599999999999995,4.35,1.64
3,4.26,9.059999999999999,2.04,3.47
3,8.559999999999999,5.659999999999999,2.1,3.2
3,11.26,-0.44000000000000056,1.7399999999999998,3.72
3,0.05999999999999943,12.26,3.02,1.46
3,8.959999999999999,-0.44000000000000056,2.01,1.6599999999999997
3,3.2599999999999993,-1.7400000000000007,1.32,2.51
3,4.76,2.5599999999999996,1.59,2.03
3,-13.940000000000001,-2.3400000000000007,2.61,4.31
3,-13.24,-4.94,4.77,2.32
3,-10.24,-9.74,2.33,4.72
3,-11.24,-2.5400000000000005,2.73,4.0
3,-8.440000000000001,-4.94,2.2,4.89
3,-7.840000000000001,-11.74,3.88,2.68
3,-7.840000000000001,-9.040000000000001,3.94,2.63
3,-6.640000000000001,-0.04000000000000057,2.15,4.63
3,-6.140000000000001,-6.340000000000001,2.96,3.3199999999999994
3,-6.140000000000001,-2.9400000000000004,3.8299999999999996,2.56
3,-4.44,-0.3400000000000006,2.84,3.44
3,-3.9400000000000004,-13.540000000000001,3.22,2.9
3,-3.8400000000000007,-10.540000000000001,3.05,3.05
3,-3.1400000000000006,-7.44,3.08,3.0
3,-2.2400000000000007,-4.340000000000001,2.41,3.78
3,-1.5400000000000005,-0.5400000000000006,2.56,3.53
3,-0.7400000000000005,-10.540000000000001,3.05,2.91
3,-0.6400000000000006,-13.940000000000001,2.98,2.95
3,-12.040000000000001,-7.340000000000001,1.51,2.3
4,-14.040000000000001,-1.6400000000000006,3.16,2.07
4,-13.84,0.4599999999999994,3.22,2.0
4,-12.74,-6.040000000000001,1.45,4.31
4,-12.040000000000001,2.5599999999999996,1.31,4.75
4,-11.24,-8.540000000000001,1.67,3.71
4,-10.84,-4.74,1.9,3.2299999999999995
4,-10.64,2.5599999999999996,2.41,2.53
4,-10.64,5.159999999999999,2.93,2.07
4,-9.540000000000001,-10.34,1.5,4.04
4,-10.540000000000001,-1.4400000000000006,2.49,2.39
4,-10.84,7.359999999999999,3.9200000000000004,1.51
4,-8.84,-6.24,2.42,2.43
4,-10.540000000000001,0.9599999999999994,4.76,1.23
4,-8.84,-3.7400000000000007,2.6,2.24
4,-9.64,8.959999999999999,4.75,1.22
4,-7.94,-11.64,1.25,4.56
4,-8.14,2.2599999999999993,3.54,1.6
4,-6.840000000000001,3.9599999999999995,1.6200000000000003,3.4900000000000007
4,-8.040000000000001,-1.4400000000000006,3.56,1.54
4,-6.640000000000001,-12.440000000000001,1.25,4.31
4,-7.94,10.26,4.02,1.34
4,-6.140000000000001,-8.040000000000001,1.09,4.82
4,-5.340000000000001,-13.040000000000001,2.3,2.23
4,-5.340000000000001,-10.74,2.15,2.35
4,-5.140000000000001,3.9599999999999995,1.36,3.6700000000000004
4,-5.040000000000001,-8.34,1.17,4.23
4,-4.540000000000001,0.15999999999999942,1.35,3.56
4,-5.040000000000001,-4.040000000000001,2.57,1.85
4,-3.8400000000000007,-8.34,1.39,3.35
4,-3.8400000000000007,7.659999999999999,1.33,3.45
4,-3.7400000000000007,3.7599999999999993,1.7899999999999998,2.48
4,-3.1400000000000006,-2.1400000000000006,1.26,3.5200000000000005
4,-5.640000000000001,11.66,3.5,1.23
4,-2.9400000000000004,-13.74,1.61,2.61
4,-2.4400000000000004,-11.040000000000001,1.04,3.9
4,-3.7400000000000007,6.26,3.65,1.04
4,-3.1400000000000006,1.4599999999999995,1.57,2.17
4,-2.4400000000000004,-7.040000000000001,1.8199999999999998,1.81
4,-2.4400000000000004,-5.140000000000001,1.47,2.19
4,-2.4400000000000004,7.359999999999999,2.05,1.55
4,-2.4400000000000004,8.959999999999999,2.02,1.57
4,-2.4400000000000004,10.559999999999999,3.05,1.02
4,-2.0400000000000005,11.66,1.9,1.6
4,-1.9400000000000006,3.6599999999999993,1.7399999999999998,1.65
4,-1.8400000000000005,-2.9400000000000004,1.0,2.77
4,-1.5400000000000005,-0.14000000000000057,1.02,2.7
