Instance: CBPP
Bin radius: 14.14
Rotate enable: true
Bin num: 17
Bin id,X coordinate of lower left corner,Y coordinate of lower left corner,Item's width,Item's height
1,-13.84,-2.8400000000000007,4.97,4.89
1,-12.24,2.0599999999999996,4.88,4.92
1,-11.74,-7.840000000000001,4.84,4.83
1,-8.84,-2.9400000000000004,4.87,4.77
1,-7.640000000000001,7.06,4.86,4.77
1,-7.340000000000001,1.8599999999999994,4.88,4.72
1,-6.840000000000001,-12.34,4.64,4.92
1,-3.9400000000000004,-7.340000000000001,4.83,4.71
1,-2.7400000000000007,6.659999999999999,4.59,4.9
1,-2.4400000000000004,-2.5400000000000005,4.62,4.85
1,-2.1400000000000006,-13.84,4.51,4.94
1,0.9599999999999994,-8.84,4.73,4.71
1,1.8599999999999994,2.3599999999999994,4.99,4.46
1,1.8599999999999994,6.859999999999999,4.88,4.56
1,2.2599999999999993,-4.040000000000001,4.54,4.9
1,5.76,-9.14,4.96,4.47
1,6.859999999999999,-4.640000000000001,4.81,4.56
1,6.859999999999999,-0.04000000000000057,4.92,4.44
1,-2.4400000000000004,2.3599999999999994,4.24,4.28
1,6.859999999999999,4.459999999999999,3.56,4.94
1,2.4599999999999995,-12.14,4.66,2.97
1,-6.840000000000001,-7.340000000000001,2.84,4.39
1,-2.7400000000000007,11.66,4.96,2.16
1,11.86,-2.7400000000000007,1.98,4.7
1,-9.64,-10.34,2.76,2.48
1,-10.64,7.06,2.96,2.19
1,2.2599999999999993,0.9599999999999994,4.58,1.39
1,-3.9400000000000004,-2.5400000000000005,1.41,4.37
1,2.2599999999999993,11.459999999999999,3.79,1.27
1,10.459999999999999,4.459999999999999,1.57,2.89
1,-2.1400000000000006,-8.84,3.09,1.43
1,10.76,-6.840000000000001,1.58,2.18
1,11.86,2.0599999999999996,1.56,2.19
1,-13.040000000000001,-5.44,1.27,2.53
1,-5.640000000000001,11.86,2.85,1.07
1,6.76,9.459999999999999,2.05,1.48
1,7.159999999999999,-10.84,1.7899999999999998,1.6800000000000002
1,11.76,-4.640000000000001,1.48,1.83
1,-13.34,2.0599999999999996,1.04,2.56
1,2.4599999999999995,-13.24,2.43,1.08
1,-4.340000000000001,-13.440000000000001,2.18,1.04
1,-9.34,9.26,1.6299999999999997,1.28
1,0.9599999999999994,-4.040000000000001,1.29,1.49
1,-8.24,-11.440000000000001,1.37,1.04
1,-10.84,-9.040000000000001,1.09,1.13
2,-13.84,-2.8400000000000007,4.42,4.89
2,-12.24,2.0599999999999996,4.37,4.92
2,-12.040000000000001,-7.340000000000001,4.83,4.45
2,-7.840000000000001,-2.8400000000000007,4.3,4.99
2,-7.94,7.06,4.68,4.54
2,-7.94,-11.64,4.97,4.27
2,-7.840000000000001,2.1599999999999993,4.67,4.54
2,-3.4400000000000004,-7.340000000000001,4.69,4.51
2,-3.4400000000000004,-2.7400000000000007,4.87,4.34
2,-3.2400000000000007,6.76,4.77,4.42
2,-3.1400000000000006,1.6599999999999995,4.61,4.5
2,-2.9400000000000004,-13.74,4.22,4.9
2,1.2599999999999993,-8.74,4.55,4.54
2,1.4599999999999995,-4.140000000000001,4.7,4.39
2,1.5599999999999994,0.25999999999999945,4.84,4.25
2,1.5599999999999994,4.56,4.9,4.19
2,5.859999999999999,-9.040000000000001,4.99,4.11
2,6.26,-4.840000000000001,4.94,4.15
2,6.459999999999999,-0.6400000000000006,4.1,5.0
2,6.56,4.459999999999999,4.08,4.74
2,1.5599999999999994,8.76,4.93,3.65
2,1.3599999999999994,-12.84,4.42,4.0
2,-7.140000000000001,-7.340000000000001,3.6700000000000004,4.32
2,10.66,-0.6400000000000006,2.79,4.83
2,-3.2400000000000007,11.26,4.65,2.45
2,11.26,-5.640000000000001,1.6800000000000002,4.99
2,-9.34,-2.8400000000000007,1.47,4.89
2,-10.24,7.06,2.28,2.58
2,5.859999999999999,-11.14,2.79,2.04
2,-2.9400000000000004,-8.74,3.9799999999999995,1.37
2,-10.14,-9.84,2.17,2.47
2,10.66,4.26,1.39,3.04
2,6.56,9.26,2.22,1.69
2,-5.44,-13.040000000000001,2.49,1.36
2,-6.040000000000001,11.66,2.77,1.08
2,-13.34,2.0599999999999996,1.06,2.5
2,1.4599999999999995,12.459999999999999,2.33,1.06
2,-13.14,-5.140000000000001,1.07,2.26
2,10.86,-7.340000000000001,1.19,1.57
2,-11.440000000000001,7.06,1.1,1.1
2,-11.34,-8.440000000000001,1.12,1.02
3,-13.940000000000001,-2.3400000000000007,4.37,4.67
3,-12.24,-7.040000000000001,4.45,4.56
3,-12.24,2.3599999999999994,4.5,4.5
3,-9.540000000000001,-2.4400000000000004,4.58,4.41
3,-8.34,6.959999999999999,4.62,4.31
3,-8.64,-11.14,4.92,4.04
3,-4.94,-7.040000000000001,4.01,4.93
3,-7.640000000000001,2.0599999999999996,4.85,4.06
3,-3.6400000000000006,-13.64,4.47,4.33
3,-3.6400000000000006,6.159999999999999,4.56,4.23
3,-4.94,-2.0400000000000005,5.0,3.85
3,-2.7400000000000007,1.8599999999999994,4.53,4.24
3,-0.8400000000000005,-9.24,3.91,4.91
3,0.15999999999999942,-4.24,4.96,3.87
3,0.9599999999999994,6.159999999999999,3.8899999999999997,4.92
3,1.8599999999999994,-0.3400000000000006,4.23,4.52
3,3.1599999999999993,-11.74,4.52,4.23
3,4.859999999999999,4.26,4.09,4.67
3,5.159999999999999,-7.44,4.03,4.7
3,6.159999999999999,-2.6400000000000006,4.32,4.38
3,8.959999999999999,1.7599999999999993,3.4799999999999995,4.84
3,10.559999999999999,-3.2400000000000007,3.18,4.91
3,-3.6400000000000006,10.459999999999999,4.57,3.18
3,-7.74,-7.040000000000001,2.78,4.57
3,9.26,-7.040000000000001,2.97,3.75
3,0.8599999999999994,-13.74,2.15,4.48
3,0.9599999999999994,11.16,4.55,1.7899999999999998
3,4.859999999999999,8.959999999999999,3.79,2.14
3,6.159999999999999,1.7599999999999993,2.58,2.49
3,3.1599999999999993,-7.44,1.9600000000000002,3.16
3,-3.6400000000000006,-9.24,2.72,2.13
3,1.8599999999999994,4.26,2.9,1.8199999999999998
3,7.76,-10.14,1.9600000000000002,2.68
3,-10.64,6.959999999999999,2.25,2.29
3,-10.34,-9.64,1.64,2.57
3,8.959999999999999,6.659999999999999,2.17,1.94
3,-6.44,-12.540000000000001,2.7,1.38
3,0.15999999999999942,-0.3400000000000006,1.67,2.12
3,-6.24,11.36,2.57,1.23
3,3.0599999999999996,-12.84,2.68,1.09
3,-13.440000000000001,-4.340000000000001,1.15,1.98
3,-13.34,2.3599999999999994,1.04,2.08
3,12.459999999999999,1.7599999999999993,1.06,2.0
3,9.76,-8.84,1.1,1.78
3,5.56,11.16,1.3,1.08
4,-13.940000000000001,-2.3400000000000007,4.35,4.34
4,-12.84,2.0599999999999996,4.98,3.79
4,-12.440000000000001,-6.640000000000001,4.44,4.24
4,-9.74,5.859999999999999,4.44,4.24
4,-8.14,-11.540000000000001,3.88,4.85
4,-7.94,-6.640000000000001,3.91,4.81
4,-7.840000000000001,-1.7400000000000007,3.9,4.81
4,-5.24,3.1599999999999993,3.78,4.94
4,-5.24,8.16,4.43,4.21
4,-4.24,-13.440000000000001,3.8899999999999997,4.79
4,-3.9400000000000004,-8.64,4.92,3.7299999999999995
4,-3.8400000000000007,-4.840000000000001,4.76,3.85
4,-1.4400000000000006,-0.9400000000000006,4.23,4.33
4,-1.4400000000000006,3.4599999999999995,4.24,4.31
4,-0.7400000000000005,7.859999999999999,3.9799999999999995,4.59
4,-0.3400000000000006,-13.440000000000001,4.56,4.0
4,1.0599999999999994,-9.34,3.96,4.59
4,2.8599999999999994,-4.74,4.78,3.8
4,2.8599999999999994,-0.8400000000000005,4.0,4.52
4,3.2599999999999993,3.7599999999999993,3.72,4.83
4,5.06,-10.84,3.9200000000000004,4.55
4,6.959999999999999,-0.8400000000000005,4.94,3.55
4,7.06,2.7599999999999993,4.76,3.6700000000000004
4,7.659999999999999,-6.24,4.86,3.59
4,3.2599999999999993,8.66,4.09,3.34
4,-3.8400000000000007,-0.9400000000000006,2.29,4.03
4,7.359999999999999,6.459999999999999,2.59,3.4900000000000007
4,11.959999999999999,-2.6400000000000006,1.83,4.85
4,7.659999999999999,-2.6400000000000006,4.16,1.7899999999999998
4,0.9599999999999994,-4.74,1.83,3.75
4,-9.540000000000001,-2.3400000000000007,1.57,4.37
4,-7.840000000000001,3.1599999999999993,2.57,2.63
4,-2.7400000000000007,12.459999999999999,4.83,1.34
4,-10.34,-9.64,2.15,2.98
4,9.059999999999999,-8.64,2.05,2.39
4,-7.840000000000001,10.16,2.56,1.57
4,-11.540000000000001,5.859999999999999,1.75,2.27
4,4.26,-12.440000000000001,2.33,1.59
4,5.06,-6.24,2.42,1.49
4,11.959999999999999,2.2599999999999993,1.04,3.08
4,9.959999999999999,6.459999999999999,1.48,1.7899999999999998
4,-6.040000000000001,-12.74,1.67,1.11
4,2.1599999999999993,12.459999999999999,1.77,1.03
4,-13.540000000000001,-4.040000000000001,1.05,1.6
4,-11.540000000000001,-8.14,1.13,1.41
5,-13.940000000000001,-2.3400000000000007,4.46,3.88
5,-12.940000000000001,1.5599999999999994,4.27,4.05
5,-12.74,-6.040000000000001,4.88,3.54
5,-10.440000000000001,5.659999999999999,4.55,3.79
5,-9.040000000000001,-10.84,3.59,4.74
5,-8.64,-2.4400000000000004,3.75,4.5
5,-5.840000000000001,2.1599999999999993,3.79,4.45
5,-5.840000000000001,6.659999999999999,3.65,4.62
5,-5.44,-13.040000000000001,3.63,4.64
5,-5.44,-8.34,3.34,4.99
5,-4.840000000000001,-3.3400000000000007,4.26,3.91
5,-2.1400000000000006,6.659999999999999,3.3600000000000003,4.95
5,-2.0400000000000005,-8.34,3.78,4.39
5,-2.0400000000000005,0.6599999999999995,3.44,4.82
5,-1.7400000000000007,-13.84,4.33,3.81
5,1.2599999999999993,5.56,3.4300000000000006,4.8
5,-0.5400000000000006,-3.9400000000000004,4.53,3.6100000000000003
5,1.4599999999999995,-0.24000000000000057,3.9,4.19
5,1.7599999999999993,-9.940000000000001,3.79,4.31
5,4.06,-5.540000000000001,4.78,3.41
5,4.76,3.9599999999999995,3.9200000000000004,4.15
5,5.459999999999999,-2.0400000000000005,3.4,4.78
5,5.56,-10.74,3.5699999999999994,4.55
5,8.959999999999999,-3.2400000000000007,4.72,3.44
5,8.959999999999999,0.25999999999999945,3.45,4.68
5,9.16,-7.840000000000001,2.55,4.56
5,4.76,8.16,3.87,2.96
5,-2.7400000000000007,11.66,4.87,2.15
5,-8.64,2.1599999999999993,2.76,3.4799999999999995
5,8.76,4.959999999999999,2.39,3.6800000000000006
5,2.6599999999999993,-12.940000000000001,2.88,2.96
5,-7.840000000000001,-6.040000000000001,2.38,3.41
5,2.1599999999999993,10.459999999999999,2.54,2.6
5,-1.7400000000000007,-9.940000000000001,3.4900000000000007,1.54
5,1.4599999999999995,3.9599999999999995,3.28,1.59
5,-10.84,-9.040000000000001,1.75,2.95
5,-8.24,9.459999999999999,2.39,1.98
5,-5.640000000000001,11.36,2.88,1.55
5,-4.840000000000001,0.6599999999999995,2.74,1.47
5,12.459999999999999,0.25999999999999945,1.08,3.6
5,5.459999999999999,2.7599999999999993,3.29,1.18
5,-2.0400000000000005,5.56,3.2400000000000007,1.06
5,1.7599999999999993,-5.540000000000001,2.19,1.53
5,-11.74,5.659999999999999,1.28,2.16
5,11.76,-5.640000000000001,1.16,2.32
5,4.76,11.16,2.06,1.16
5,4.06,-2.0400000000000005,1.35,1.75
5,11.16,4.959999999999999,1.14,1.83
5,-7.040000000000001,-12.24,1.44,1.31
5,5.56,-12.24,1.3,1.39
5,9.16,-9.64,1.05,1.7100000000000002
6,-13.84,-2.8400000000000007,3.38,4.75
6,-13.040000000000001,1.9599999999999995,4.82,3.31
6,-11.940000000000001,-7.540000000000001,3.4799999999999995,4.56
6,-10.440000000000001,-2.9400000000000004,3.88,4.08
6,-10.440000000000001,5.359999999999999,3.8899999999999997,4.04
6,-8.440000000000001,-11.34,3.65,4.29
6,-8.440000000000001,-7.040000000000001,4.35,3.59
6,-6.540000000000001,-3.4400000000000004,3.5200000000000005,4.43
6,-8.14,1.1599999999999995,4.19,3.72
6,-6.540000000000001,4.959999999999999,4.96,3.14
6,-5.640000000000001,8.16,3.25,4.79
6,-4.74,-13.24,4.36,3.5699999999999994
6,-4.040000000000001,-9.64,4.4,3.53
6,-2.9400000000000004,-6.040000000000001,3.11,4.99
6,-3.9400000000000004,1.0599999999999994,4.64,3.34
6,-2.3400000000000007,8.16,3.12,4.96
6,0.25999999999999945,-6.040000000000001,3.28,4.71
6,-0.3400000000000006,-13.540000000000001,4.1,3.75
6,0.7599999999999995,-1.2400000000000007,3.1,4.94
6,0.7599999999999995,3.7599999999999993,4.0,3.8199999999999994
6,0.8599999999999994,7.659999999999999,3.4900000000000007,4.34
6,3.5599999999999996,-9.74,3.29,4.6
6,3.9599999999999995,-5.040000000000001,3.19,4.74
6,4.859999999999999,-0.24000000000000057,3.01,5.0
6,4.859999999999999,4.859999999999999,3.37,4.44
6,6.859999999999999,-8.84,4.05,3.69
6,7.159999999999999,-5.140000000000001,4.64,3.21
6,7.959999999999999,-1.8400000000000005,4.74,3.14
6,8.26,1.3599999999999994,3.97,3.7400000000000007
6,0.4599999999999994,-9.74,3.08,3.66
6,8.26,5.159999999999999,2.88,3.41
6,4.359999999999999,9.36,3.87,2.09
6,-1.5400000000000005,4.459999999999999,2.28,3.54
6,3.8599999999999994,-11.940000000000001,3.6700000000000004,2.15
6,-2.9400000000000004,-1.0400000000000005,3.59,2.09
6,12.76,-2.7400000000000007,1.09,4.9
6,-8.24,9.459999999999999,2.54,1.98
6,0.8599999999999994,12.059999999999999,3.54,1.28
6,-10.34,-9.64,1.8799999999999997,1.9600000000000002
6,-11.74,5.359999999999999,1.29,2.42
6,11.86,-5.140000000000001,1.25,2.33
6,7.56,-10.440000000000001,1.85,1.54
6,-13.24,-4.94,1.28,2.05
6,-4.040000000000001,-6.040000000000001,1.01,2.59
6,10.959999999999999,-6.840000000000001,1.38,1.69
6,-6.44,-12.540000000000001,1.6,1.1
6,4.459999999999999,11.459999999999999,1.23,1.3
6,8.26,8.66,1.12,1.42
6,3.8599999999999994,-13.040000000000001,1.55,1.01
7,-13.940000000000001,-2.3400000000000007,3.5799999999999996,4.14
7,-13.24,1.8599999999999994,4.89,3.03
7,-12.84,-5.840000000000001,4.3,3.44
7,-11.440000000000001,4.959999999999999,4.59,3.22
7,-9.440000000000001,-10.440000000000001,3.2599999999999993,4.52
7,-10.34,-2.3400000000000007,4.63,3.18
7,-8.440000000000001,-5.840000000000001,4.23,3.4799999999999995
7,-8.34,0.8599999999999994,3.8299999999999996,3.84
7,-8.540000000000001,8.26,4.9,2.99
7,-6.140000000000001,-12.64,3.01,4.85
7,-4.44,-2.3400000000000007,3.08,4.69
7,-4.44,2.3599999999999994,3.09,4.66
7,-4.140000000000001,-7.74,3.07,4.69
7,-3.5400000000000005,7.06,4.72,3.04
7,-3.5400000000000005,10.16,4.61,3.11
7,-3.0400000000000005,-13.74,4.23,3.38
7,-1.3400000000000005,-3.0400000000000005,2.91,4.9
7,-1.3400000000000005,1.9599999999999995,3.71,3.8299999999999996
7,-1.0400000000000005,-10.34,3.6100000000000003,3.9300000000000006
7,1.2599999999999993,5.859999999999999,4.29,3.3
7,-1.0400000000000005,-6.340000000000001,4.54,3.11
7,1.6599999999999995,-3.1400000000000006,2.82,5.0
7,2.6599999999999993,-12.940000000000001,2.86,4.93
7,1.2599999999999993,9.26,3.62,3.8899999999999997
7,4.56,-7.94,2.86,4.92
7,4.56,-2.9400000000000004,2.98,4.72
7,5.56,1.8599999999999994,3.19,4.4
7,5.56,6.359999999999999,3.9799999999999995,3.5099999999999993
7,7.459999999999999,-7.94,4.13,3.38
7,7.56,-4.540000000000001,4.19,3.3299999999999996
7,8.76,-1.1400000000000006,4.2,3.31
7,8.76,2.2599999999999993,3.4200000000000004,4.05
7,2.4599999999999995,1.9599999999999995,3.0,3.88
7,5.56,-10.84,3.4,2.88
7,-6.840000000000001,4.76,2.33,3.44
7,11.76,-5.140000000000001,1.33,3.9799999999999995
7,4.959999999999999,9.959999999999999,2.63,1.89
7,-3.0400000000000005,-10.34,1.9099999999999997,2.57
7,1.2599999999999993,-13.84,1.38,3.4200000000000004
7,-11.34,-8.440000000000001,1.89,2.45
7,-5.640000000000001,-2.3400000000000007,1.17,3.17
7,-6.140000000000001,-7.74,1.9300000000000002,1.85
7,-6.040000000000001,11.26,2.44,1.45
7,9.559999999999999,6.359999999999999,1.7399999999999998,1.98
7,7.56,-1.1400000000000006,1.11,2.94
7,-1.3400000000000005,5.859999999999999,2.47,1.14
7,2.6599999999999993,-7.94,1.81,1.55
7,-10.24,8.26,1.67,1.38
8,-13.940000000000001,-2.3400000000000007,3.3,4.2
8,-12.34,1.9599999999999995,2.91,4.76
8,-12.64,-6.24,3.56,3.8899999999999997
8,-10.540000000000001,-2.3400000000000007,4.14,3.34
8,-10.64,-9.24,4.76,2.9
8,-9.34,1.0599999999999994,2.83,4.87
8,-9.84,6.76,4.28,3.22
8,-6.44,1.0599999999999994,3.5200000000000005,3.91
8,-6.340000000000001,-6.24,2.9,4.74
8,-5.840000000000001,-12.84,3.66,3.7400000000000007
8,-5.540000000000001,5.06,4.49,3.04
8,-5.540000000000001,8.16,2.98,4.58
8,-3.3400000000000007,-9.040000000000001,4.64,2.94
8,-3.3400000000000007,-6.040000000000001,2.94,4.64
8,-2.8400000000000007,-1.3400000000000005,2.89,4.71
8,-2.5400000000000005,8.16,3.5699999999999994,3.81
8,-2.1400000000000006,-13.84,4.75,2.86
8,-1.0400000000000005,3.4599999999999995,3.44,3.94
8,-0.3400000000000006,-6.040000000000001,3.46,3.9
8,0.05999999999999943,-2.0400000000000005,4.08,3.3
8,1.0599999999999994,7.459999999999999,3.11,4.28
8,1.3599999999999994,-10.940000000000001,2.82,4.68
8,2.4599999999999995,1.3599999999999994,4.74,2.78
8,2.4599999999999995,4.159999999999999,4.67,2.82
8,3.1599999999999993,-6.24,3.54,3.72
8,4.26,-11.940000000000001,3.18,4.13
8,4.159999999999999,-2.4400000000000004,4.88,2.68
8,4.26,7.06,2.84,4.59
8,6.76,-7.74,4.05,3.21
8,7.159999999999999,4.159999999999999,3.1,4.18
8,7.26,0.25999999999999945,3.65,3.55
8,9.059999999999999,-3.2400000000000007,4.64,2.79
8,10.959999999999999,-0.44000000000000056,2.34,4.93
8,-9.040000000000001,-6.24,2.64,3.87
8,-2.5400000000000005,12.059999999999999,4.85,1.7899999999999998
8,-6.340000000000001,-1.3400000000000005,3.34,2.3
8,-5.840000000000001,-9.040000000000001,2.37,2.71
8,-2.1400000000000006,-10.940000000000001,3.44,1.85
8,6.76,-4.44,4.92,1.19
8,7.459999999999999,-10.24,2.18,2.36
8,-8.440000000000001,-11.34,2.54,2.02
8,0.05999999999999943,1.3599999999999994,2.37,2.04
8,7.159999999999999,8.36,2.47,1.86
8,10.36,4.56,1.67,2.69
8,2.3599999999999994,11.76,2.95,1.26
8,2.6599999999999993,-13.440000000000001,1.5,2.43
8,-7.94,10.059999999999999,2.35,1.54
8,4.26,-7.74,2.43,1.43
8,10.86,-7.140000000000001,1.26,2.64
8,4.159999999999999,0.25999999999999945,3.03,1.05
8,-2.8400000000000007,3.4599999999999995,1.69,1.59
8,-13.540000000000001,1.9599999999999995,1.14,2.08
8,-11.24,6.76,1.32,1.6
9,-13.940000000000001,-2.3400000000000007,3.3899999999999997,3.81
9,-13.440000000000001,1.5599999999999994,5.0,2.57
9,-12.540000000000001,-6.44,3.2400000000000007,3.96
9,-11.940000000000001,4.159999999999999,3.84,3.34
9,-10.540000000000001,-2.4400000000000004,3.3600000000000003,3.81
9,-9.24,-10.64,2.69,4.75
9,-8.040000000000001,1.4599999999999995,3.16,4.04
9,-8.040000000000001,5.56,2.97,4.29
9,-7.140000000000001,-5.840000000000001,3.4200000000000004,3.72
9,-6.540000000000001,-12.440000000000001,2.97,4.28
9,-7.140000000000001,-2.0400000000000005,4.4,2.88
9,-5.040000000000001,5.56,3.44,3.6800000000000006
9,-6.24,9.86,4.67,2.71
9,-4.840000000000001,0.8599999999999994,3.7,3.4200000000000004
9,-3.6400000000000006,-8.14,4.94,2.56
9,-3.5400000000000005,-13.64,3.16,4.0
9,-2.6400000000000006,-5.540000000000001,3.19,3.96
9,-1.5400000000000005,4.359999999999999,4.95,2.55
9,-1.5400000000000005,6.959999999999999,2.59,4.87
9,-1.0400000000000005,-1.5400000000000005,4.11,3.05
9,-0.3400000000000006,-13.74,3.4799999999999995,3.6
9,-1.0400000000000005,1.5599999999999994,4.79,2.6
9,1.0599999999999994,6.959999999999999,3.04,4.09
9,0.5599999999999994,-5.540000000000001,3.6,3.45
9,1.3599999999999994,-10.040000000000001,3.19,3.88
9,3.7599999999999993,-2.0400000000000005,2.61,4.73
9,3.7599999999999993,2.7599999999999993,3.62,3.41
9,4.159999999999999,6.26,3.29,3.75
9,4.26,-6.140000000000001,3.95,3.11
9,4.56,-11.24,3.8,3.22
9,6.459999999999999,-2.9400000000000004,4.63,2.64
9,7.459999999999999,-0.24000000000000057,3.22,3.79
9,7.459999999999999,3.5599999999999996,4.8,2.54
9,8.26,-6.040000000000001,4.41,2.76
9,11.16,-2.7400000000000007,2.66,4.57
9,7.459999999999999,6.159999999999999,3.04,3.18
9,-1.5400000000000005,11.86,4.69,1.86
9,4.56,-7.94,4.81,1.7899999999999998
9,-9.24,-5.840000000000001,1.98,3.3899999999999997
9,-6.540000000000001,-8.14,2.78,2.28
9,-3.5400000000000005,-9.540000000000001,4.88,1.28
9,4.159999999999999,10.059999999999999,3.2599999999999993,1.8700000000000003
9,10.76,1.8599999999999994,2.87,1.6299999999999997
9,-10.440000000000001,7.56,2.39,1.86
9,3.1599999999999993,-13.34,1.37,3.1
9,9.459999999999999,-8.74,1.57,2.68
9,-11.34,-8.440000000000001,2.07,1.9899999999999998
9,-4.840000000000001,4.359999999999999,3.15,1.17
9,-2.6400000000000006,-1.5400000000000005,1.55,2.31
9,-8.540000000000001,9.86,2.27,1.33
9,4.56,-12.440000000000001,2.04,1.12
9,7.459999999999999,9.36,1.6200000000000003,1.3
10,-14.040000000000001,-1.6400000000000006,3.9799999999999995,3.05
10,-12.940000000000001,1.4599999999999995,2.96,4.1
10,-13.34,-4.640000000000001,4.36,2.78
10,-11.34,-8.440000000000001,3.29,3.6800000000000006
10,-10.040000000000001,5.659999999999999,2.89,4.18
10,-9.940000000000001,-1.8400000000000005,3.2599999999999993,3.7
10,-9.940000000000001,1.9599999999999995,4.33,2.78
10,-8.940000000000001,-4.74,4.33,2.78
10,-8.440000000000001,-11.34,4.25,2.82
10,-8.040000000000001,-8.440000000000001,4.09,2.93
10,-7.140000000000001,4.76,4.9,2.44
10,-7.140000000000001,7.26,3.31,3.6
10,-6.640000000000001,-1.9400000000000006,4.33,2.75
10,-5.540000000000001,0.8599999999999994,3.4300000000000006,3.47
10,-4.140000000000001,-13.440000000000001,3.2599999999999993,3.65
10,-3.9400000000000004,-9.74,2.71,4.38
10,-4.540000000000001,-5.340000000000001,4.12,2.88
10,-4.24,10.959999999999999,4.86,2.44
10,-2.1400000000000006,4.359999999999999,2.45,4.84
10,-2.0400000000000005,-2.4400000000000004,3.21,3.69
10,-0.8400000000000005,-13.940000000000001,2.65,4.45
10,-2.0400000000000005,1.2599999999999993,4.12,2.81
10,-1.1400000000000006,-9.440000000000001,4.58,2.52
10,-0.3400000000000006,-6.840000000000001,2.88,4.0
10,0.35999999999999943,4.159999999999999,2.94,3.91
10,0.6599999999999995,8.16,3.37,3.41
10,1.2599999999999993,-2.7400000000000007,4.04,2.83
10,2.1599999999999993,0.15999999999999942,2.89,3.95
10,3.4599999999999995,-12.64,2.71,4.21
10,2.5599999999999996,-6.840000000000001,4.5,2.53
10,3.3599999999999994,4.159999999999999,4.01,2.83
10,4.06,7.06,4.51,2.51
10,5.06,0.15999999999999942,3.85,2.94
10,5.359999999999999,-4.24,3.71,3.05
10,7.159999999999999,-10.34,2.35,4.79
10,7.459999999999999,3.1599999999999993,4.7,2.39
10,9.16,-5.540000000000001,2.26,4.97
10,8.959999999999999,-0.5400000000000006,3.65,3.06
10,4.06,9.66,3.21,2.38
10,11.459999999999999,-5.140000000000001,1.69,4.48
10,8.66,5.56,2.43,3.05
10,-3.7400000000000007,9.26,4.23,1.6599999999999997
10,1.8599999999999994,-13.64,1.57,4.17
10,0.6599999999999995,11.66,3.21,1.89
10,3.4599999999999995,-8.34,3.59,1.47
10,9.559999999999999,-7.840000000000001,2.14,2.27
10,5.359999999999999,-1.1400000000000006,3.3600000000000003,1.29
10,12.66,-0.6400000000000006,1.07,3.79
10,2.5599999999999996,-4.24,2.7,1.42
10,-11.74,5.659999999999999,1.6,2.11
10,-7.040000000000001,10.959999999999999,2.76,1.22
10,-3.7400000000000007,7.26,1.51,1.9600000000000002
10,-6.040000000000001,-12.74,1.89,1.36
11,-14.040000000000001,-1.6400000000000006,3.6,3.1
11,-12.64,1.5599999999999994,2.4,4.63
11,-13.24,-4.94,3.7,3.0
11,-11.540000000000001,-8.14,3.4900000000000007,3.18
11,-10.14,-1.8400000000000005,3.2299999999999995,3.4300000000000006
11,-10.34,6.26,3.4300000000000006,3.2299999999999995
11,-10.14,1.6599999999999995,3.7299999999999995,2.97
11,-8.040000000000001,-11.540000000000001,2.64,4.19
11,-8.040000000000001,-7.340000000000001,2.29,4.81
11,-6.840000000000001,-2.4400000000000004,2.71,4.04
11,-6.840000000000001,4.659999999999999,3.3299999999999996,3.28
11,-6.840000000000001,7.959999999999999,3.3600000000000003,3.2299999999999995
11,-5.74,-7.340000000000001,2.56,4.23
11,-5.340000000000001,-13.040000000000001,3.4,3.18
11,-6.340000000000001,1.6599999999999995,4.63,2.33
11,-4.040000000000001,-3.0400000000000005,3.46,3.11
11,-3.4400000000000004,4.06,2.91,3.69
11,-3.4400000000000004,7.76,3.04,3.53
11,-3.1400000000000006,-9.84,3.18,3.37
11,-1.8400000000000005,-13.940000000000001,2.91,3.6800000000000006
11,-0.5400000000000006,-6.44,2.27,4.71
11,-1.6400000000000006,0.15999999999999942,3.46,3.09
11,-2.7400000000000007,11.36,4.45,2.4
11,-0.44000000000000056,3.2599999999999993,3.17,3.3600000000000003
11,-0.3400000000000006,6.659999999999999,2.71,3.9300000000000006
11,0.05999999999999943,-10.24,3.5200000000000005,3.0
11,1.1599999999999995,-13.24,3.5200000000000005,2.99
11,1.7599999999999993,-7.140000000000001,3.16,3.3199999999999994
11,1.7599999999999993,-3.7400000000000007,3.7700000000000005,2.78
11,1.8599999999999994,-0.9400000000000006,2.51,4.17
11,2.4599999999999995,6.659999999999999,3.2,3.2700000000000005
11,2.7599999999999993,3.2599999999999993,3.62,2.89
11,2.4599999999999995,9.959999999999999,4.19,2.49
11,3.6599999999999993,-10.24,3.55,2.93
11,4.459999999999999,-0.9400000000000006,3.3199999999999994,3.13
11,4.959999999999999,-7.24,2.99,3.46
11,5.56,-3.7400000000000007,4.9,2.11
11,5.76,6.159999999999999,3.19,3.2400000000000007
11,7.859999999999999,-1.5400000000000005,2.42,4.27
11,7.959999999999999,-9.540000000000001,2.3,4.48
11,6.459999999999999,2.7599999999999993,3.5200000000000005,2.92
11,10.36,-1.5400000000000005,2.23,4.59
11,10.559999999999999,-6.24,2.08,4.62
11,-3.1400000000000006,-6.44,2.53,3.3600000000000003
11,10.059999999999999,3.0599999999999996,1.98,4.25
11,12.66,-2.7400000000000007,1.18,4.89
11,-5.340000000000001,-9.84,2.17,2.35
11,-10.14,4.659999999999999,3.18,1.46
11,8.959999999999999,5.76,1.08,4.09
11,4.76,-11.940000000000001,2.74,1.61
11,-6.24,11.36,3.4300000000000006,1.25
11,-9.440000000000001,-4.94,1.34,3.06
11,-0.5400000000000006,-1.6400000000000006,2.23,1.78
11,-10.24,-9.74,2.14,1.55
11,-4.040000000000001,0.15999999999999942,2.24,1.43
11,6.659999999999999,9.459999999999999,2.14,1.38
11,7.959999999999999,-5.040000000000001,2.23,1.28
11,-8.74,9.559999999999999,1.83,1.48
12,-13.940000000000001,-2.3400000000000007,2.25,4.54
12,-12.540000000000001,2.2599999999999993,2.49,4.1
12,-12.84,-5.840000000000001,3.0,3.4
12,-11.64,-2.3400000000000007,3.53,2.88
12,-11.34,-8.440000000000001,4.09,2.48
12,-10.040000000000001,0.5599999999999994,2.04,4.97
12,-9.940000000000001,5.56,2.3,4.39
12,-9.74,-5.94,3.3600000000000003,2.99
12,-8.74,-11.040000000000001,3.94,2.54
12,-8.040000000000001,-2.9400000000000004,3.56,2.8
12,-7.94,-0.04000000000000057,3.01,3.31
12,-7.540000000000001,3.3599999999999994,3.7700000000000005,2.64
12,-7.540000000000001,6.06,2.67,3.72
12,-7.24,-8.440000000000001,4.15,2.39
12,-4.840000000000001,6.06,2.01,4.86
12,-6.340000000000001,-6.040000000000001,3.45,2.83
12,-5.140000000000001,10.959999999999999,4.59,2.12
12,-4.840000000000001,-0.04000000000000057,3.63,2.68
12,-4.74,-13.24,2.52,3.8600000000000003
12,-4.44,-3.1400000000000006,4.17,2.33
12,-3.7400000000000007,2.6599999999999993,3.71,2.61
12,-3.0400000000000005,-9.34,3.87,2.5
12,-2.8400000000000007,-6.74,3.11,3.09
12,-2.7400000000000007,5.359999999999999,3.2,3.0
12,-2.1400000000000006,-13.940000000000001,3.71,2.57
12,-0.5400000000000006,8.459999999999999,2.76,3.45
12,-0.24000000000000057,-3.6400000000000006,2.42,3.9300000000000006
12,0.05999999999999943,0.35999999999999943,3.04,3.12
12,0.5599999999999994,3.5599999999999996,2.86,3.31
12,0.35999999999999943,-6.74,4.36,2.17
12,0.8599999999999994,-11.34,3.08,3.07
12,2.2599999999999993,-4.540000000000001,3.9300000000000006,2.4
12,2.2599999999999993,6.959999999999999,3.7,2.53
12,2.2599999999999993,-2.0400000000000005,4.27,2.19
12,2.2599999999999993,9.559999999999999,4.45,2.1
12,3.1599999999999993,0.15999999999999942,4.19,2.23
12,3.4599999999999995,2.4599999999999995,2.08,4.48
12,3.9599999999999995,-11.74,3.8,2.45
12,3.9599999999999995,-9.24,3.8600000000000003,2.41
12,5.56,2.4599999999999995,2.4,3.8600000000000003
12,6.26,-6.74,2.56,3.6100000000000003
12,6.06,6.359999999999999,2.98,3.1
12,6.56,-3.0400000000000005,4.12,2.24
12,8.059999999999999,-0.7400000000000005,2.05,4.5
12,8.86,-7.140000000000001,3.28,2.81
12,9.059999999999999,3.8599999999999994,2.47,3.7299999999999995
12,10.16,-0.7400000000000005,3.05,3.02
12,10.76,-4.24,2.68,3.3299999999999996
12,-0.5400000000000006,11.959999999999999,4.76,1.48
12,-2.1400000000000006,-11.34,2.97,1.95
12,7.859999999999999,-9.64,2.33,2.47
12,-2.7400000000000007,8.459999999999999,2.03,2.42
12,1.6599999999999995,-13.540000000000001,2.21,2.15
12,10.16,2.3599999999999994,3.3299999999999996,1.4
12,-7.840000000000001,9.959999999999999,2.63,1.7600000000000002
12,0.8599999999999994,-8.24,2.95,1.38
12,4.76,-6.74,1.35,2.12
12,6.76,9.559999999999999,1.92,1.45
12,-11.64,0.5599999999999994,1.57,1.6200000000000003
12,-6.640000000000001,-12.440000000000001,1.8400000000000003,1.36
12,-11.34,6.459999999999999,1.3,1.89
13,-13.940000000000001,-2.3400000000000007,2.37,3.88
13,-13.440000000000001,1.5599999999999994,3.5799999999999996,2.56
13,-13.24,-4.94,3.62,2.52
13,-12.440000000000001,4.159999999999999,3.8299999999999996,2.38
13,-10.24,-9.74,1.9,4.79
13,-11.540000000000001,-2.3400000000000007,3.54,2.57
13,-9.34,6.56,2.28,3.9900000000000007
13,-9.84,0.25999999999999945,3.03,3.0
13,-9.540000000000001,-4.94,4.58,1.98
13,-8.540000000000001,3.3599999999999994,4.4,2.06
13,-8.24,-11.440000000000001,2.81,3.22
13,-7.040000000000001,5.459999999999999,2.71,3.3199999999999994
13,-8.24,-8.14,4.22,2.13
13,-7.94,-2.9400000000000004,4.34,2.07
13,-7.040000000000001,8.86,2.91,3.08
13,-6.74,-0.8400000000000005,2.31,3.87
13,-5.340000000000001,-13.040000000000001,4.1,2.18
13,-4.94,-5.94,2.98,2.99
13,-5.340000000000001,-10.84,4.05,2.2
13,-4.340000000000001,-0.8400000000000005,2.42,3.6700000000000004
13,-4.040000000000001,2.8599999999999994,2.03,4.36
13,-4.040000000000001,7.26,3.2299999999999995,2.74
13,-4.040000000000001,10.059999999999999,3.6100000000000003,2.45
13,-3.9400000000000004,-8.540000000000001,4.42,2.0
13,-1.9400000000000006,-6.44,2.27,3.8899999999999997
13,-1.9400000000000006,2.8599999999999994,2.2,4.01
13,-1.8400000000000005,-2.5400000000000005,2.01,4.38
13,-1.1400000000000006,-13.940000000000001,3.31,2.64
13,-0.3400000000000006,6.959999999999999,1.9300000000000002,4.5
13,0.25999999999999945,-2.5400000000000005,2.68,3.2400000000000007
13,0.35999999999999943,-6.44,2.36,3.6700000000000004
13,0.35999999999999943,0.7599999999999995,2.72,3.17
13,-1.2400000000000007,-10.84,3.9900000000000007,2.16
13,1.6599999999999995,3.9599999999999995,2.52,3.4200000000000004
13,1.6599999999999995,7.459999999999999,2.17,3.96
13,2.7599999999999993,-12.440000000000001,3.72,2.3
13,0.5599999999999994,-8.64,4.17,2.04
13,2.7599999999999993,-6.540000000000001,2.36,3.6
13,2.9599999999999995,-2.8400000000000007,3.62,2.31
13,-0.3400000000000006,11.559999999999999,4.44,1.8799999999999997
13,3.1599999999999993,-0.44000000000000056,2.01,4.15
13,3.8599999999999994,7.459999999999999,2.1,3.95
13,4.26,3.7599999999999993,2.53,3.2700000000000005
13,4.76,-10.040000000000001,3.28,2.52
13,5.159999999999999,-7.44,4.86,1.7
13,5.159999999999999,-5.640000000000001,3.72,2.22
13,6.06,7.06,1.9600000000000002,4.21
13,5.26,-0.44000000000000056,3.85,2.14
13,6.859999999999999,1.7599999999999993,2.77,2.97
13,8.059999999999999,4.76,1.83,4.49
13,6.659999999999999,-3.3400000000000007,4.92,1.67
13,9.66,-1.6400000000000006,2.02,4.06
13,9.959999999999999,2.4599999999999995,1.95,4.2
13,8.959999999999999,-5.640000000000001,3.81,2.14
13,11.76,-2.7400000000000007,2.03,4.01
13,8.059999999999999,-9.64,2.18,2.1
13,11.959999999999999,1.3599999999999994,1.09,3.9300000000000006
13,-12.14,-7.24,1.8400000000000003,2.28
13,-11.14,6.56,1.7399999999999998,2.06
13,-3.6400000000000006,12.559999999999999,3.13,1.09
13,10.059999999999999,-7.44,1.83,1.7600000000000002
13,6.659999999999999,-1.6400000000000006,2.68,1.11
13,0.35999999999999943,3.9599999999999995,1.03,2.77
13,-3.5400000000000005,-2.9400000000000004,1.51,1.8
13,5.26,1.7599999999999993,1.41,1.92
13,2.7599999999999993,-10.040000000000001,1.95,1.33
14,-14.040000000000001,-1.6400000000000006,3.22,2.54
14,-13.540000000000001,0.9599999999999994,2.63,3.09
14,-12.440000000000001,-6.640000000000001,1.6800000000000002,4.83
14,-11.540000000000001,4.06,2.02,4.01
14,-10.74,-9.14,2.05,3.95
14,-10.84,0.9599999999999994,4.75,1.7
14,-10.74,-5.140000000000001,2.88,2.8
14,-10.74,-2.2400000000000007,2.67,3.02
14,-9.74,8.16,4.17,1.9300000000000002
14,-9.440000000000001,2.7599999999999993,2.11,3.81
14,-8.64,-11.14,2.27,3.54
14,-8.64,-7.540000000000001,4.59,1.75
14,-7.840000000000001,-5.74,1.8700000000000003,4.28
14,-7.24,2.7599999999999993,2.57,3.11
14,-6.340000000000001,-12.540000000000001,2.97,2.69
14,-5.94,-5.74,1.65,4.82
14,-8.040000000000001,-0.8400000000000005,4.82,1.64
14,-5.540000000000001,5.959999999999999,2.78,2.84
14,-7.340000000000001,10.16,4.16,1.89
14,-4.640000000000001,0.8599999999999994,2.9,2.71
14,-6.340000000000001,-9.84,4.19,1.8700000000000003
14,-4.24,-5.74,1.92,4.08
14,-3.3400000000000007,-13.64,3.2599999999999993,2.4
14,-4.640000000000001,3.6599999999999993,3.6,2.17
14,-3.1400000000000006,-1.6400000000000006,3.15,2.48
14,-3.1400000000000006,8.86,2.41,3.2400000000000007
14,-2.7400000000000007,5.859999999999999,3.05,2.56
14,-2.2400000000000007,-7.94,3.02,2.58
14,-2.2400000000000007,-5.340000000000001,2.75,2.83
14,-2.1400000000000006,-11.14,2.74,2.84
14,-0.9400000000000006,0.8599999999999994,2.41,3.22
14,-0.6400000000000006,8.459999999999999,2.83,2.74
14,0.35999999999999943,4.159999999999999,1.86,4.15
14,-2.7400000000000007,12.16,4.76,1.6200000000000003
14,0.5599999999999994,-5.340000000000001,1.8400000000000003,4.18
14,0.6599999999999995,-13.84,2.11,3.63
14,0.8599999999999994,-10.14,2.81,2.72
14,1.5599999999999994,-1.1400000000000006,2.02,3.78
14,2.2599999999999993,2.6599999999999993,3.53,2.16
14,0.8599999999999994,-7.340000000000001,4.98,1.53
14,2.2599999999999993,4.859999999999999,2.68,2.84
14,2.2599999999999993,7.76,2.83,2.68
14,2.2599999999999993,10.459999999999999,4.89,1.55
14,2.4599999999999995,-5.74,2.43,3.11
14,2.8599999999999994,-12.74,3.01,2.51
14,3.6599999999999993,-2.5400000000000005,2.88,2.62
14,3.6599999999999993,0.15999999999999942,3.75,2.01
14,3.7599999999999993,-10.14,4.71,1.6
14,4.959999999999999,-5.74,3.55,2.12
14,4.959999999999999,4.859999999999999,4.63,1.6200000000000003
14,5.159999999999999,6.56,3.7599999999999993,1.9899999999999998
14,6.56,-3.5400000000000005,2.33,3.21
14,5.859999999999999,-8.440000000000001,3.87,1.9300000000000002
14,7.459999999999999,-0.24000000000000057,2.2,3.37
14,5.859999999999999,3.1599999999999993,4.78,1.55
14,8.559999999999999,-6.44,2.71,2.73
14,8.959999999999999,-3.6400000000000006,2.41,3.05
14,10.66,-0.5400000000000006,1.8799999999999997,3.9
14,11.459999999999999,-5.340000000000001,1.52,4.72
14,5.159999999999999,8.559999999999999,4.57,1.54
14,9.66,4.76,2.13,2.87
14,-9.440000000000001,6.659999999999999,3.78,1.44
14,12.559999999999999,-0.5400000000000006,1.28,3.29
14,-4.040000000000001,-7.94,1.7,2.08
14,2.0599999999999996,12.059999999999999,3.06,1.02
14,10.66,3.4599999999999995,2.6,1.09
14,9.76,-8.74,1.26,2.24
14,0.05999999999999943,-1.1400000000000006,1.43,1.86
14,5.959999999999999,-11.940000000000001,1.51,1.72
14,-5.540000000000001,8.86,2.14,1.21
14,-6.040000000000001,0.8599999999999994,1.32,1.8400000000000003
15,-13.940000000000001,-2.3400000000000007,2.2,3.3299999999999996
15,-13.440000000000001,1.0599999999999994,2.41,3.03
15,-12.64,-6.24,1.9,3.79
15,-12.64,4.159999999999999,3.46,2.07
15,-10.940000000000001,-2.4400000000000004,1.46,4.89
15,-10.64,-9.24,2.04,3.4799999999999995
15,-11.14,6.26,3.06,2.32
15,-10.64,-5.74,2.68,2.64
15,-9.440000000000001,-3.0400000000000005,2.83,2.48
15,-9.440000000000001,-0.5400000000000006,1.67,4.2
15,-8.540000000000001,-11.24,2.4,2.91
15,-8.040000000000001,3.7599999999999993,2.32,3.0
15,-8.64,8.66,2.8,2.47
15,-7.94,-8.24,1.6599999999999997,4.14
15,-7.74,-0.5400000000000006,3.45,1.9899999999999998
15,-6.24,-8.24,1.81,3.79
15,-6.040000000000001,-12.74,1.64,4.17
15,-8.040000000000001,6.859999999999999,4.41,1.55
15,-5.74,8.459999999999999,1.7,4.02
15,-6.24,-4.44,1.9,3.5799999999999996
15,-7.74,1.4599999999999995,3.9300000000000006,1.73
15,-5.640000000000001,3.2599999999999993,3.4799999999999995,1.95
15,-4.340000000000001,-13.440000000000001,3.5699999999999994,1.9
15,-4.340000000000001,-11.440000000000001,4.13,1.64
15,-5.640000000000001,5.26,4.37,1.54
15,-4.340000000000001,-9.74,3.78,1.78
15,-4.340000000000001,-7.94,2.32,2.9
15,-4.24,-4.94,4.27,1.57
15,-4.24,-3.3400000000000007,4.2,1.59
15,-4.24,-1.7400000000000007,4.36,1.53
15,-3.9400000000000004,8.459999999999999,1.85,3.6
15,-2.1400000000000006,-0.14000000000000057,1.52,4.36
15,-2.2400000000000007,12.16,3.7,1.7899999999999998
15,-2.0400000000000005,6.859999999999999,3.56,1.86
15,-2.0400000000000005,8.76,2.26,2.91
15,-0.5400000000000006,-9.74,1.8700000000000003,3.5099999999999993
15,-1.2400000000000007,4.26,2.93,2.24
15,0.15999999999999942,-6.140000000000001,1.49,4.4
15,-0.7400000000000005,-13.74,3.85,1.7
15,-0.5400000000000006,-0.14000000000000057,3.78,1.73
15,-0.5400000000000006,1.6599999999999995,3.22,2.01
15,0.25999999999999945,8.76,2.21,2.92
15,1.3599999999999994,-11.940000000000001,1.51,4.27
15,1.6599999999999995,-7.640000000000001,2.13,3.02
15,1.6599999999999995,-4.540000000000001,2.91,2.21
15,1.5599999999999994,6.56,4.23,1.52
15,2.5599999999999996,8.16,1.46,4.4
15,1.6599999999999995,-2.2400000000000007,3.38,1.9
15,1.7599999999999993,3.7599999999999993,3.22,1.9899999999999998
15,2.7599999999999993,1.6599999999999995,3.2299999999999995,1.98
15,2.9599999999999995,-11.940000000000001,3.02,2.11
15,3.8599999999999994,-9.74,1.7399999999999998,3.66
15,4.06,8.16,1.6200000000000003,3.9200000000000004
15,4.659999999999999,-6.040000000000001,2.98,2.13
15,3.2599999999999993,-0.24000000000000057,4.98,1.27
15,5.06,-3.8400000000000007,3.11,2.03
15,5.06,3.6599999999999993,4.02,1.56
15,5.659999999999999,-9.74,2.75,2.27
15,5.76,8.16,3.09,2.02
15,5.859999999999999,5.26,2.32,2.68
15,6.06,1.0599999999999994,2.51,2.47
15,7.659999999999999,-7.44,3.69,1.6800000000000002
15,7.659999999999999,-5.74,3.72,1.6599999999999997
15,8.26,-4.040000000000001,1.3,4.75
15,9.16,0.7599999999999995,1.33,4.61
15,9.66,-1.4400000000000006,4.31,1.42
15,8.26,5.459999999999999,3.6,1.7
15,10.559999999999999,0.05999999999999943,1.41,4.32
15,9.66,-4.040000000000001,3.12,1.95
15,12.059999999999999,0.05999999999999943,1.19,4.75
15,-3.7400000000000007,-0.14000000000000057,1.41,3.29
15,5.06,-1.7400000000000007,3.15,1.46
15,-1.9400000000000006,-7.94,1.32,2.86
15,8.459999999999999,-9.540000000000001,1.85,1.92
15,6.06,-11.74,1.72,1.8700000000000003
15,8.86,7.26,1.34,2.2
15,5.76,10.26,2.48,1.1
15,-0.14000000000000057,-11.940000000000001,1.22,2.12
15,5.659999999999999,-7.44,1.9099999999999997,1.34
16,-13.940000000000001,-2.3400000000000007,1.32,4.61
16,-13.540000000000001,-4.040000000000001,4.54,1.34
16,-13.540000000000001,2.3599999999999994,3.8,1.6
16,-12.540000000000001,-2.6400000000000006,2.31,2.63
16,-12.64,-6.24,2.89,2.09
16,-11.74,4.06,1.61,3.7400000000000007
16,-10.34,-9.64,1.83,3.29
16,-10.14,-2.6400000000000006,1.72,3.5
16,-10.440000000000001,7.859999999999999,3.8299999999999996,1.57
16,-10.040000000000001,4.06,2.51,2.39
16,-9.64,0.9599999999999994,2.48,2.4
16,-8.940000000000001,-6.340000000000001,1.83,3.25
16,-8.64,9.459999999999999,3.54,1.6800000000000002
16,-8.440000000000001,-11.34,1.37,4.33
16,-8.34,-3.0400000000000005,2.41,2.46
16,-10.040000000000001,6.459999999999999,4.41,1.34
16,-7.44,3.4599999999999995,3.21,1.8400000000000003
16,-7.040000000000001,-12.24,1.35,4.36
16,-7.140000000000001,-0.5400000000000006,3.25,1.81
16,-7.140000000000001,1.3599999999999994,3.53,1.6599999999999997
16,-7.040000000000001,-7.840000000000001,3.29,1.78
16,-7.040000000000001,-6.040000000000001,3.4799999999999995,1.67
16,-5.640000000000001,-12.940000000000001,1.44,4.01
16,-5.040000000000001,5.359999999999999,1.26,4.58
16,-5.840000000000001,-4.340000000000001,1.9600000000000002,2.94
16,-4.140000000000001,-13.440000000000001,1.19,4.84
16,-6.44,11.16,4.33,1.33
16,-4.140000000000001,3.0599999999999996,3.91,1.47
16,-3.8400000000000007,-4.340000000000001,3.28,1.75
16,-3.8400000000000007,-2.5400000000000005,2.45,2.34
16,-3.7400000000000007,-8.540000000000001,3.3899999999999997,1.69
16,-3.7400000000000007,4.56,2.0,2.84
16,-3.7400000000000007,7.459999999999999,2.91,1.95
16,-2.9400000000000004,-13.74,1.6299999999999997,3.4799999999999995
16,-3.8400000000000007,-0.14000000000000057,4.22,1.34
16,-5.040000000000001,9.959999999999999,4.97,1.13
16,-3.5400000000000005,-6.840000000000001,2.75,2.04
16,-1.2400000000000007,-14.040000000000001,1.53,3.66
16,-2.0400000000000005,11.16,2.19,2.54
16,-3.5400000000000005,1.2599999999999993,3.37,1.65
16,-2.9400000000000004,-10.24,4.66,1.19
16,-0.7400000000000005,4.56,1.64,3.38
16,-0.5400000000000006,-6.840000000000001,1.7,3.2400000000000007
16,-1.3400000000000005,-2.5400000000000005,4.55,1.21
16,-0.14000000000000057,1.2599999999999993,1.75,3.13
16,-0.04000000000000057,7.959999999999999,1.78,3.06
16,0.15999999999999942,11.059999999999999,2.42,2.25
16,1.2599999999999993,-9.040000000000001,1.43,3.79
16,0.35999999999999943,-13.34,4.2,1.29
16,1.6599999999999995,-1.2400000000000007,1.16,4.67
16,0.9599999999999994,4.459999999999999,2.05,2.63
16,2.6599999999999993,7.159999999999999,1.13,4.77
16,0.35999999999999943,-12.040000000000001,4.21,1.27
16,1.2599999999999993,-5.24,2.21,2.41
16,2.7599999999999993,-10.74,1.21,4.4
16,2.8599999999999994,-1.2400000000000007,1.7399999999999998,3.03
16,3.0599999999999996,1.8599999999999994,1.17,4.5
16,3.5599999999999996,-6.24,1.25,4.2
16,3.8599999999999994,6.459999999999999,1.65,3.17
16,4.06,-10.74,1.18,4.43
16,3.8599999999999994,9.66,3.0,1.73
16,4.26,1.8599999999999994,4.71,1.1
16,4.26,3.0599999999999996,3.8899999999999997,1.33
16,4.659999999999999,-1.9400000000000006,1.51,3.4200000000000004
16,4.859999999999999,-6.24,1.83,2.82
16,4.26,4.459999999999999,4.51,1.14
16,5.26,-12.440000000000001,1.35,3.8
16,6.26,-3.3400000000000007,1.19,4.31
16,5.26,-8.540000000000001,3.7700000000000005,1.36
16,5.56,5.659999999999999,3.46,1.48
16,5.56,7.159999999999999,4.0,1.27
16,6.76,-7.140000000000001,1.35,3.7299999999999995
16,6.659999999999999,-10.440000000000001,2.79,1.8
16,7.459999999999999,-3.3400000000000007,1.16,4.31
16,5.56,8.459999999999999,4.31,1.16
16,8.16,-5.640000000000001,4.75,1.05
16,8.16,-4.540000000000001,4.61,1.08
16,8.66,-3.4400000000000004,1.81,2.75
16,9.059999999999999,-0.6400000000000006,1.6,3.1
16,9.059999999999999,2.5599999999999996,1.34,3.7
16,10.559999999999999,-3.4400000000000004,3.05,1.6200000000000003
16,10.459999999999999,2.5599999999999996,1.0,4.93
16,11.559999999999999,-1.7400000000000007,1.01,4.88
16,12.66,-1.7400000000000007,1.02,4.82
16,8.16,-7.140000000000001,3.69,1.33
16,-12.540000000000001,0.05999999999999943,2.22,2.04
16,-1.3400000000000005,-1.2400000000000007,2.52,1.02
16,3.8599999999999994,11.459999999999999,1.94,1.31
16,-0.3400000000000006,-9.040000000000001,1.32,1.92
16,11.559999999999999,3.1599999999999993,1.3,1.92
16,9.059999999999999,-8.540000000000001,1.8199999999999998,1.31
17,-14.040000000000001,-1.6400000000000006,3.04,1.6200000000000003
17,-14.040000000000001,0.05999999999999943,4.08,1.2
17,-12.74,1.3599999999999994,1.08,4.53
17,-13.14,-5.140000000000001,1.43,3.4200000000000004
17,-11.64,-7.94,1.22,4.0
17,-12.24,5.959999999999999,4.78,1.02
17,-11.64,1.3599999999999994,1.08,4.51
17,-10.940000000000001,-3.8400000000000007,2.01,2.42
17,-11.440000000000001,7.06,4.36,1.11
17,-10.940000000000001,-1.3400000000000005,4.51,1.07
17,-10.540000000000001,1.3599999999999994,1.2,4.0
17,-10.34,-9.64,2.45,1.94
17,-10.540000000000001,8.26,4.57,1.04
17,-9.24,-0.24000000000000057,1.17,4.06
17,-10.34,-7.640000000000001,3.59,1.32
17,-8.84,-6.24,1.04,4.55
17,-9.24,3.8599999999999994,3.4200000000000004,1.38
17,-9.440000000000001,9.36,4.61,1.02
17,-7.74,-6.24,1.07,4.37
17,-7.540000000000001,-11.940000000000001,1.11,4.21
17,-8.040000000000001,-0.24000000000000057,3.45,1.35
17,-8.14,10.459999999999999,4.3,1.08
17,-8.040000000000001,1.1599999999999995,4.22,1.1
17,-7.040000000000001,5.26,1.58,2.9
17,-6.640000000000001,-7.640000000000001,1.61,2.84
17,-6.340000000000001,-12.540000000000001,1.32,3.44
17,-8.040000000000001,2.3599999999999994,3.75,1.21
17,-6.340000000000001,-4.74,1.22,3.71
17,-5.44,3.6599999999999993,2.63,1.72
17,-5.040000000000001,-4.74,1.07,4.22
17,-5.44,5.459999999999999,1.22,3.7
17,-6.340000000000001,-9.040000000000001,3.7299999999999995,1.21
17,-4.94,-13.24,1.9099999999999997,2.36
17,-6.040000000000001,11.559999999999999,4.0,1.12
17,-4.94,-10.84,3.1,1.44
17,-4.94,-7.74,3.37,1.32
17,-4.140000000000001,5.459999999999999,1.52,2.9
17,-3.9400000000000004,-6.340000000000001,1.52,2.9
17,-4.540000000000001,-0.44000000000000056,3.6399999999999997,1.21
17,-3.9400000000000004,-3.3400000000000007,2.16,2.03
17,-4.140000000000001,8.459999999999999,2.26,1.94
17,-2.7400000000000007,0.8599999999999994,1.14,3.8299999999999996
17,-2.5400000000000005,4.76,1.31,3.3199999999999994
17,-2.9400000000000004,-13.74,1.6200000000000003,2.67
17,-2.3400000000000007,-6.340000000000001,1.95,2.21
17,-1.9400000000000006,10.459999999999999,2.03,2.11
17,-1.8400000000000005,8.16,2.14,2.0
17,-2.5400000000000005,-9.34,2.76,1.54
17,-1.7400000000000007,-4.040000000000001,1.52,2.77
17,-1.2400000000000007,-14.040000000000001,1.03,4.08
17,-1.5400000000000005,0.8599999999999994,1.33,3.15
17,-1.1400000000000006,4.06,1.03,4.06
17,-0.3400000000000006,-7.74,1.16,3.6
17,-0.14000000000000057,-14.040000000000001,1.6,2.6
17,-0.14000000000000057,-4.040000000000001,1.28,3.2299999999999995
17,-0.8400000000000005,-0.7400000000000005,2.67,1.54
17,-0.14000000000000057,0.8599999999999994,1.53,2.68
17,-1.9400000000000006,12.66,3.2,1.28
17,-0.04000000000000057,3.5599999999999996,1.05,3.88
17,-0.14000000000000057,-11.34,2.43,1.6599999999999997
17,0.35999999999999943,7.459999999999999,1.28,3.13
17,0.8599999999999994,-9.64,1.33,3.01
17,0.8599999999999994,-6.540000000000001,1.8199999999999998,2.19
17,0.15999999999999942,10.66,3.11,1.28
17,1.0599999999999994,3.5599999999999996,2.34,1.7
17,1.0599999999999994,5.359999999999999,3.8199999999999994,1.04
17,1.1599999999999995,-4.340000000000001,2.82,1.4
17,1.1599999999999995,-2.8400000000000007,2.12,1.86
17,1.4599999999999995,0.8599999999999994,1.7600000000000002,2.24
17,1.5599999999999994,-13.64,1.75,2.25
17,1.6599999999999995,6.459999999999999,2.28,1.7100000000000002
17,1.3599999999999994,11.959999999999999,3.6100000000000003,1.07
17,2.3599999999999994,-11.34,1.01,3.8199999999999994
17,2.7599999999999993,-7.44,1.26,3.05
17,1.6599999999999995,8.26,2.01,1.9099999999999997
17,1.8599999999999994,-0.9400000000000006,2.6,1.45
17,3.4599999999999995,-13.34,1.0,3.7599999999999993
17,3.2599999999999993,0.5599999999999994,3.11,1.17
17,3.2599999999999993,1.7599999999999993,2.71,1.34
17,3.3599999999999994,-2.8400000000000007,3.3199999999999994,1.09
17,3.7599999999999993,8.26,1.06,3.38
17,4.06,-9.540000000000001,1.42,2.52
17,3.4599999999999995,3.1599999999999993,3.3600000000000003,1.05
17,4.06,-6.94,1.32,2.66
17,3.4599999999999995,4.26,3.47,1.01
17,4.56,-12.440000000000001,1.9,1.83
17,4.859999999999999,6.459999999999999,1.3,2.66
17,4.06,-4.24,3.16,1.07
17,4.56,-1.7400000000000007,3.16,1.06
17,5.06,9.16,1.04,3.11
17,4.56,-0.6400000000000006,3.15,1.02
17,5.459999999999999,-6.94,1.5,1.6200000000000003
