Instance: CBPP
Bin radius: 14.14
Rotate enable: true
Bin num: 38
Bin id,X coordinate of lower left corner,Y coordinate of lower left corner,Item's width,Item's height
1,-13.24,-4.94,4.96,9.83
1,-8.24,-11.440000000000001,4.82,9.94
1,-8.24,-1.4400000000000006,4.84,9.79
1,-3.3400000000000007,-13.64,4.91,9.54
1,-3.3400000000000007,-4.040000000000001,4.92,9.52
1,1.6599999999999995,-12.540000000000001,4.61,9.98
1,1.6599999999999995,-2.5400000000000005,4.89,9.39
1,6.56,-8.64,4.57,9.99
1,-5.340000000000001,8.36,9.78,4.65
1,6.56,1.3599999999999994,4.87,6.769999999999999
1,11.459999999999999,-4.540000000000001,1.85,9.07
1,-3.3400000000000007,6.859999999999999,9.87,1.47
1,4.459999999999999,8.36,5.06,1.97
1,-9.940000000000001,-10.040000000000001,1.4,5.04
1,-9.64,4.959999999999999,1.3,5.26
2,-13.24,-4.94,4.59,9.89
2,-8.64,-11.14,4.76,9.31
2,-8.64,-1.7400000000000007,4.96,8.91
2,-3.8400000000000007,-13.540000000000001,4.56,9.69
2,-3.6400000000000006,-3.8400000000000007,4.98,8.85
2,1.3599999999999994,-12.74,4.65,9.44
2,1.3599999999999994,-3.2400000000000007,4.78,9.15
2,6.159999999999999,-8.64,4.99,8.73
2,-7.040000000000001,7.26,8.74,4.97
2,6.159999999999999,0.15999999999999942,4.98,8.47
2,1.7599999999999993,5.959999999999999,4.39,6.65
2,11.16,-5.140000000000001,1.98,9.99
2,-3.9400000000000004,12.26,5.6,1.25
2,-3.6400000000000006,5.959999999999999,5.21,1.28
3,-13.34,-4.640000000000001,4.89,8.88
3,-8.440000000000001,-11.34,4.57,9.37
3,-8.440000000000001,-1.9400000000000006,4.74,8.99
3,-3.8400000000000007,-13.540000000000001,4.6,9.21
3,-3.6400000000000006,-4.24,4.77,8.84
3,-3.6400000000000006,4.659999999999999,4.74,8.89
3,1.1599999999999995,-12.74,4.71,8.92
3,1.1599999999999995,-3.7400000000000007,4.8,8.74
3,6.06,-8.84,4.88,8.58
3,6.06,-0.24000000000000057,4.32,9.57
3,1.1599999999999995,5.06,4.86,7.610000000000001
3,10.959999999999999,-4.840000000000001,2.26,9.65
3,-8.84,7.06,5.16,3.81
3,-10.24,-9.74,1.72,5.07
3,-10.14,4.26,1.29,5.42
4,-13.34,-4.640000000000001,4.52,9.1
4,-8.74,-11.040000000000001,4.2,9.74
4,-8.74,-1.2400000000000007,4.09,9.96
4,-4.640000000000001,-1.2400000000000007,4.79,8.49
4,-4.44,-13.34,4.76,8.5
4,0.15999999999999942,-4.74,4.61,8.76
4,0.15999999999999942,4.06,4.41,9.13
4,4.859999999999999,-10.34,4.66,8.63
4,4.859999999999999,-1.6400000000000006,4.81,8.35
4,0.35999999999999943,-13.24,4.4,8.29
4,9.76,-5.340000000000001,3.2599999999999993,9.96
4,-4.640000000000001,7.26,4.79,5.99
4,4.659999999999999,6.76,5.22,3.05
4,-10.24,-9.74,1.35,5.03
4,-10.14,4.56,1.24,5.13
5,-13.24,-4.94,4.23,9.48
5,-8.940000000000001,-10.940000000000001,4.3,9.32
5,-8.940000000000001,-1.5400000000000005,4.45,9.0
5,-4.540000000000001,-13.34,4.23,9.4
5,-4.44,-3.8400000000000007,4.09,9.69
5,-0.3400000000000006,-3.8400000000000007,4.16,9.51
5,-0.24000000000000057,-13.440000000000001,4.53,8.73
5,3.8599999999999994,-4.640000000000001,4.33,9.12
5,8.26,-5.840000000000001,4.57,8.61
5,-6.840000000000001,7.56,8.34,4.7
5,1.5599999999999994,5.76,7.75,4.78
5,4.359999999999999,-11.540000000000001,3.78,6.769999999999999
5,9.36,2.8599999999999994,2.27,5.06
5,-4.44,5.859999999999999,5.94,1.61
5,1.5599999999999994,10.559999999999999,5.08,1.86
5,-3.6400000000000006,12.459999999999999,7.090000000000001,1.19
5,3.8599999999999994,4.56,5.3,1.19
6,-13.34,-4.640000000000001,4.25,9.22
6,-9.040000000000001,-10.84,4.76,8.22
6,-9.040000000000001,-2.5400000000000005,4.45,8.79
6,-4.540000000000001,-2.5400000000000005,4.94,7.909999999999999
6,-4.24,-13.440000000000001,4.07,9.59
6,-4.540000000000001,5.459999999999999,4.93,7.889999999999999
6,-0.14000000000000057,-13.24,4.93,7.889999999999999
6,0.4599999999999994,-5.340000000000001,4.95,7.85
6,0.4599999999999994,2.5599999999999996,4.1,9.42
6,5.459999999999999,-10.34,4.04,9.54
6,5.459999999999999,-0.7400000000000005,4.23,9.11
6,9.76,-5.340000000000001,3.2599999999999993,9.93
6,-9.940000000000001,6.26,5.32,3.6800000000000006
6,4.659999999999999,8.459999999999999,5.45,1.21
7,-13.540000000000001,-4.040000000000001,4.93,7.81
7,-8.540000000000001,-11.24,4.98,7.709999999999999
7,-8.540000000000001,-3.4400000000000004,4.5,8.52
7,-3.9400000000000004,-3.4400000000000004,4.0,9.58
7,-3.5400000000000005,-13.64,4.35,8.75
7,0.15999999999999942,-4.840000000000001,4.01,9.42
7,0.15999999999999942,4.659999999999999,4.62,8.16
7,4.26,-11.540000000000001,3.8199999999999994,9.81
7,4.859999999999999,-1.6400000000000006,3.7599999999999993,9.95
7,8.66,-4.24,4.77,7.8
7,-9.540000000000001,6.159999999999999,8.98,4.12
7,0.8599999999999994,-13.440000000000001,3.3600000000000003,8.48
7,-6.040000000000001,10.36,6.17,2.39
7,-10.74,-9.14,2.19,5.05
7,8.16,-9.74,1.95,5.41
7,8.66,3.6599999999999993,2.03,5.1
8,-13.34,-4.640000000000001,4.07,9.09
8,-9.24,-10.64,4.32,8.56
8,-9.24,-2.0400000000000005,4.72,7.81
8,-4.840000000000001,-13.24,3.9300000000000006,9.34
8,-4.44,-3.8400000000000007,3.7400000000000007,9.81
8,-0.8400000000000005,-13.74,3.9900000000000007,9.19
8,-0.6400000000000006,-4.540000000000001,3.91,9.37
8,-3.9400000000000004,6.06,4.88,7.45
8,0.9599999999999994,4.859999999999999,4.55,7.970000000000001
8,3.3599999999999994,-11.540000000000001,4.64,7.790000000000001
8,3.3599999999999994,-3.7400000000000007,4.89,7.37
8,8.26,-5.840000000000001,4.56,7.889999999999999
8,5.56,3.6599999999999993,4.78,5.74
8,-9.24,6.06,5.26,4.57
8,10.36,2.0599999999999996,1.48,5.35
9,-13.540000000000001,-4.040000000000001,4.53,7.92
9,-8.940000000000001,-10.940000000000001,4.73,7.58
9,-8.940000000000001,-3.3400000000000007,4.04,8.85
9,-4.840000000000001,-3.3400000000000007,4.14,8.62
9,-4.140000000000001,-13.440000000000001,4.39,8.11
9,-5.340000000000001,5.56,4.81,7.4
9,-0.6400000000000006,-5.24,4.44,8.0
9,-0.44000000000000056,2.8599999999999994,4.27,8.31
9,0.25999999999999945,-13.24,4.67,7.590000000000001
9,3.8599999999999994,-5.640000000000001,4.03,8.77
9,7.959999999999999,-7.540000000000001,3.95,8.92
9,3.8599999999999994,3.1599999999999993,4.61,7.639999999999999
9,8.559999999999999,1.4599999999999995,3.5099999999999993,5.64
9,-9.14,5.56,3.72,5.11
9,4.959999999999999,-11.64,2.9,5.85
9,12.16,-3.9400000000000004,1.36,7.779999999999999
9,-0.44000000000000056,11.26,5.58,1.8400000000000003
9,-10.34,-9.64,1.38,5.48
9,-10.34,3.9599999999999995,1.17,5.52
10,-13.34,-4.640000000000001,3.97,8.86
10,-9.34,-10.540000000000001,4.16,8.44
10,-9.34,-2.0400000000000005,4.27,8.21
10,-5.140000000000001,-13.14,4.29,8.16
10,-5.040000000000001,-4.94,4.15,8.43
10,-5.040000000000001,3.5599999999999996,4.49,7.76
10,-0.8400000000000005,-13.64,4.19,8.3
10,-0.5400000000000006,-5.24,3.69,9.4
10,-0.5400000000000006,4.26,3.81,9.08
10,3.3599999999999994,-12.24,3.55,9.74
10,3.3599999999999994,-2.4400000000000004,4.5,7.68
10,7.959999999999999,-7.340000000000001,4.08,8.46
10,3.3599999999999994,5.26,6.56,4.63
10,7.959999999999999,1.1599999999999995,5.17,3.5799999999999996
10,-10.74,6.26,5.65,2.85
10,12.059999999999999,-4.540000000000001,1.22,5.63
10,-6.640000000000001,11.36,6.09,1.08
11,-13.540000000000001,-4.040000000000001,4.49,7.68
11,-9.040000000000001,-10.84,3.81,9.04
11,-9.040000000000001,-1.7400000000000007,4.75,7.25
11,-5.640000000000001,5.56,4.71,7.3
11,-5.140000000000001,-13.14,3.45,9.96
11,-1.6400000000000006,-13.940000000000001,3.8199999999999994,8.99
11,-1.6400000000000006,-4.94,3.81,9.0
11,-0.8400000000000005,4.159999999999999,4.88,7.01
11,2.2599999999999993,-12.540000000000001,4.18,8.18
11,2.2599999999999993,-4.340000000000001,4.65,7.35
11,4.06,3.0599999999999996,4.32,7.909999999999999
11,6.959999999999999,-8.34,4.36,7.83
11,8.459999999999999,-0.44000000000000056,4.09,6.83
11,-4.24,-3.1400000000000006,2.56,8.51
11,-9.24,5.56,3.15,5.03
11,-0.8400000000000005,11.26,5.97,1.89
11,12.559999999999999,-3.6400000000000006,1.08,7.08
11,-10.540000000000001,3.6599999999999993,1.15,5.64
11,11.36,-6.44,1.1,5.81
11,-10.34,-9.64,1.1,5.51
12,-13.34,-4.640000000000001,3.69,9.24
12,-9.64,-10.34,3.85,8.83
12,-9.64,-1.4400000000000006,3.65,9.31
12,-5.94,-1.4400000000000006,4.48,7.51
12,-5.74,-12.84,4.39,7.659999999999999
12,-1.4400000000000006,-5.140000000000001,4.17,8.05
12,-1.4400000000000006,2.9599999999999995,3.7400000000000007,8.96
12,-1.3400000000000005,-13.84,3.8600000000000003,8.68
12,2.3599999999999994,2.9599999999999995,4.57,7.3
12,2.7599999999999993,-12.34,3.9799999999999995,8.37
12,6.76,-9.440000000000001,3.6800000000000006,9.03
12,6.959999999999999,-0.3400000000000006,3.63,9.15
12,-5.94,6.159999999999999,4.39,6.58
12,2.7599999999999993,-3.9400000000000004,3.96,6.75
12,10.66,-5.140000000000001,2.46,9.97
12,-1.5400000000000005,11.959999999999999,5.77,1.43
12,2.3599999999999994,10.36,5.86,1.08
13,-13.34,-4.640000000000001,3.8,8.72
13,-9.440000000000001,-10.440000000000001,3.63,9.1
13,-9.440000000000001,-1.2400000000000007,4.64,7.07
13,-5.74,-12.84,4.0,8.17
13,-5.140000000000001,5.859999999999999,4.48,7.279999999999999
13,-4.74,-4.640000000000001,4.78,6.82
13,-1.6400000000000006,-13.940000000000001,3.97,8.2
13,-0.6400000000000006,2.2599999999999993,4.04,8.03
13,2.3599999999999994,-12.64,3.8299999999999996,8.46
13,3.4599999999999995,-4.140000000000001,3.84,8.42
13,7.359999999999999,-8.540000000000001,3.8199999999999994,8.46
13,7.359999999999999,-0.04000000000000057,3.6800000000000006,8.78
13,3.4599999999999995,4.359999999999999,3.7700000000000005,7.5
13,0.05999999999999943,-4.140000000000001,3.3199999999999994,6.05
13,11.26,-5.140000000000001,1.86,9.95
13,-10.540000000000001,5.859999999999999,5.39,3.41
13,6.26,-12.040000000000001,1.05,7.31
13,-0.6400000000000006,11.959999999999999,5.83,1.08
14,-13.24,-4.94,3.28,9.85
14,-9.940000000000001,-10.040000000000001,3.78,8.52
14,-9.940000000000001,-1.4400000000000006,3.62,8.89
14,-6.24,-1.4400000000000006,3.71,8.64
14,-6.140000000000001,-12.64,3.31,9.67
14,-2.7400000000000007,-13.84,3.3199999999999994,9.61
14,-2.4400000000000004,-4.140000000000001,4.2,7.57
14,-2.4400000000000004,3.4599999999999995,3.85,8.23
14,0.6599999999999995,-13.440000000000001,3.6800000000000006,8.61
14,1.4599999999999995,3.4599999999999995,3.7,8.56
14,4.359999999999999,-11.940000000000001,3.19,9.9
14,5.26,-1.9400000000000006,4.18,7.55
14,9.459999999999999,-4.840000000000001,3.7400000000000007,8.43
14,-8.14,7.459999999999999,5.64,4.08
14,1.8599999999999994,-4.74,2.32,8.09
14,5.26,5.659999999999999,3.4200000000000004,5.29
14,7.56,-10.440000000000001,1.8,8.32
14,-4.540000000000001,12.059999999999999,9.01,1.25
15,-13.64,-3.6400000000000006,4.4,7.159999999999999
15,-9.14,-10.74,3.5099999999999993,8.97
15,-9.24,3.5599999999999996,4.47,7.040000000000001
15,-5.540000000000001,-12.940000000000001,3.8,8.28
15,-5.540000000000001,-4.640000000000001,4.72,6.65
15,-4.74,2.0599999999999996,3.53,8.89
15,-1.6400000000000006,-13.84,4.33,7.24
15,-1.1400000000000006,2.0599999999999996,3.79,8.27
15,2.6599999999999993,-6.540000000000001,3.34,9.38
15,2.6599999999999993,2.8599999999999994,4.18,7.49
15,6.06,-10.540000000000001,3.2400000000000007,9.66
15,6.859999999999999,-0.8400000000000005,4.66,6.69
15,-0.7400000000000005,-6.540000000000001,3.37,8.13
15,-5.140000000000001,10.959999999999999,9.67,2.16
15,2.7599999999999993,-12.84,3.08,6.23
15,9.36,-7.040000000000001,2.88,6.1
15,-9.14,-1.7400000000000007,3.05,5.13
15,12.26,-3.9400000000000004,1.29,7.790000000000001
15,-11.040000000000001,3.5599999999999996,1.78,5.13
15,-10.940000000000001,-8.940000000000001,1.7399999999999998,5.21
15,6.859999999999999,5.859999999999999,1.7,5.28
16,-13.64,-3.6400000000000006,4.55,6.840000000000001
16,-9.34,3.2599999999999993,4.29,7.25
16,-9.040000000000001,-10.84,3.94,7.87
16,-5.040000000000001,-13.14,4.3,7.2
16,-5.040000000000001,-5.840000000000001,3.53,8.77
16,-5.040000000000001,2.9599999999999995,3.71,8.34
16,-1.4400000000000006,-5.840000000000001,3.91,7.9
16,-1.2400000000000007,2.1599999999999993,4.5,6.860000000000001
16,2.5599999999999996,-12.84,3.13,9.85
16,3.3599999999999994,-2.9400000000000004,3.12,9.85
16,6.56,-9.84,3.4,9.02
16,6.56,-0.7400000000000005,3.41,8.97
16,10.059999999999999,-5.140000000000001,3.02,9.99
16,-1.2400000000000007,9.059999999999999,7.409999999999999,3.59
16,-0.6400000000000006,-13.84,3.14,7.980000000000001
16,-9.040000000000001,-2.9400000000000004,3.9799999999999995,5.9
16,-11.040000000000001,3.2599999999999993,1.5,5.49
16,-10.74,-9.14,1.52,5.4
16,-3.2400000000000007,12.66,6.23,1.06
17,-13.34,-4.640000000000001,3.41,8.96
17,-9.84,-10.14,4.41,6.92
17,-9.84,-3.1400000000000006,4.35,7.01
17,-6.44,3.9599999999999995,3.53,8.57
17,-5.340000000000001,-13.040000000000001,3.81,7.94
17,-5.340000000000001,-5.040000000000001,4.24,7.12
17,-2.8400000000000007,2.1599999999999993,4.07,7.409999999999999
17,-1.4400000000000006,-13.940000000000001,3.7299999999999995,8.08
17,-1.0400000000000005,-5.840000000000001,4.89,6.16
17,1.2599999999999993,0.35999999999999943,3.04,9.86
17,3.8599999999999994,-11.540000000000001,4.16,7.2
17,4.359999999999999,-4.24,4.51,6.639999999999999
17,4.359999999999999,2.4599999999999995,3.3299999999999996,8.99
17,8.959999999999999,-6.840000000000001,3.3199999999999994,8.99
17,-2.8400000000000007,10.26,7.05,3.16
17,7.76,2.4599999999999995,3.78,5.5
17,-10.14,4.359999999999999,3.6100000000000003,5.31
17,2.3599999999999994,-13.540000000000001,1.4,7.6
17,12.36,-4.24,1.08,8.26
18,-13.64,-3.6400000000000006,4.39,6.779999999999999
18,-9.24,-10.64,3.59,8.28
18,-9.24,-2.3400000000000007,2.97,10.0
18,-6.24,-2.3400000000000007,4.91,6.04
18,-6.24,3.7599999999999993,4.71,6.27
18,-5.640000000000001,-12.940000000000001,4.01,7.35
18,-1.5400000000000005,-14.040000000000001,3.14,9.38
18,-1.4400000000000006,3.7599999999999993,3.2400000000000007,9.09
18,-1.2400000000000007,-4.640000000000001,3.53,8.32
18,1.6599999999999995,-13.040000000000001,3.53,8.31
18,1.8599999999999994,3.7599999999999993,3.71,7.9
18,5.26,-11.14,3.35,8.73
18,5.659999999999999,-2.3400000000000007,3.6,8.11
18,9.36,-3.6400000000000006,4.2,6.92
18,2.3599999999999994,-4.640000000000001,2.76,8.38
18,5.659999999999999,5.859999999999999,3.06,5.11
18,-7.340000000000001,10.059999999999999,5.67,1.95
18,-11.24,3.1599999999999993,1.94,5.3
18,8.66,-9.24,1.9,5.32
18,9.36,3.3599999999999994,1.22,5.84
19,-13.74,-3.2400000000000007,4.76,6.09
19,-9.940000000000001,2.8599999999999994,4.14,7.0
19,-9.24,-10.64,3.9300000000000006,7.37
19,-5.74,-3.2400000000000007,3.53,8.2
19,-5.74,5.06,4.84,5.98
19,-5.24,-13.040000000000001,3.4,8.5
19,-2.1400000000000006,-4.44,4.14,6.970000000000001
19,-1.7400000000000007,-13.940000000000001,3.4,8.47
19,-0.8400000000000005,2.5599999999999996,4.35,6.62
19,1.7599999999999993,-12.84,3.96,7.220000000000001
19,2.0599999999999996,-5.540000000000001,4.78,5.97
19,3.5599999999999996,0.4599999999999994,3.94,7.24
19,6.859999999999999,-8.84,4.07,7.0
19,7.56,-1.7400000000000007,3.96,7.17
19,-0.8400000000000005,9.26,7.44,3.19
19,-8.940000000000001,-3.2400000000000007,3.18,5.72
19,11.559999999999999,-4.540000000000001,1.7899999999999998,8.8
19,3.5599999999999996,7.76,7.090000000000001,1.46
19,-3.6400000000000006,12.459999999999999,6.69,1.18
19,5.76,-12.34,1.07,6.790000000000001
20,-13.14,-5.140000000000001,2.85,9.96
20,-10.24,-9.74,3.45,8.22
20,-10.24,-1.4400000000000006,3.9900000000000007,7.1
20,-6.74,-12.34,3.6100000000000003,7.82
20,-7.340000000000001,5.76,4.53,6.23
20,-6.24,-4.44,4.0,7.029999999999999
20,-2.7400000000000007,2.6599999999999993,2.96,9.5
20,-3.0400000000000005,-13.74,3.05,9.21
20,0.05999999999999943,-13.64,3.45,8.12
20,0.05999999999999943,-5.44,3.5,7.970000000000001
20,0.25999999999999945,2.5599999999999996,3.55,7.85
20,3.6599999999999993,-11.74,4.11,6.76
20,3.8599999999999994,-4.94,3.16,8.75
20,3.8599999999999994,3.8599999999999994,4.11,6.709999999999999
20,7.06,-4.94,3.53,7.8
20,10.66,-4.24,2.78,8.41
20,8.059999999999999,2.9599999999999995,2.57,6.17
20,-2.1400000000000006,-4.44,2.16,6.94
20,0.25999999999999945,10.66,5.91,1.9899999999999998
21,-13.64,-3.6400000000000006,4.19,6.55
21,-9.440000000000001,-10.440000000000001,3.06,8.96
21,-9.440000000000001,-1.4400000000000006,2.81,9.75
21,-6.540000000000001,-1.4400000000000006,4.32,6.31
21,-6.340000000000001,-12.540000000000001,3.4799999999999995,7.82
21,-6.540000000000001,4.959999999999999,3.7,7.35
21,-2.8400000000000007,-13.84,4.61,5.89
21,-2.1400000000000006,-7.94,2.94,9.23
21,-2.7400000000000007,4.959999999999999,3.88,6.99
21,0.8599999999999994,-7.94,4.83,5.61
21,1.1599999999999995,-2.2400000000000007,3.5099999999999993,7.709999999999999
21,4.76,-2.2400000000000007,3.04,8.9
21,5.76,-10.64,3.4900000000000007,7.74
21,7.859999999999999,-2.8400000000000007,4.41,6.1
21,1.1599999999999995,6.76,6.459999999999999,4.16
21,7.859999999999999,3.3599999999999994,2.87,5.71
21,1.8599999999999994,-13.34,2.76,5.28
21,9.26,-8.540000000000001,1.9300000000000002,5.63
21,-2.7400000000000007,11.959999999999999,6.22,1.67
21,12.36,-3.9400000000000004,1.16,7.69
21,-10.64,2.9599999999999995,1.18,6.26
22,-13.74,-3.2400000000000007,4.15,6.45
22,-9.540000000000001,-10.34,2.87,9.3
22,-10.64,3.2599999999999993,4.52,5.9
22,-6.640000000000001,-12.440000000000001,2.93,9.06
22,-6.640000000000001,-3.3400000000000007,4.15,6.39
22,-6.040000000000001,3.0599999999999996,3.4799999999999995,7.6
22,-3.6400000000000006,-13.64,4.64,5.7
22,-2.5400000000000005,3.0599999999999996,4.95,5.34
22,-2.4400000000000004,-7.840000000000001,4.06,6.51
22,1.6599999999999995,-13.440000000000001,2.64,9.98
22,2.4599999999999995,-3.4400000000000004,3.07,8.56
22,5.56,-11.34,2.76,9.51
22,2.4599999999999995,5.159999999999999,4.12,6.37
22,6.659999999999999,-1.7400000000000007,2.82,9.27
22,9.559999999999999,-6.040000000000001,3.12,8.35
22,-2.5400000000000005,8.459999999999999,4.68,5.31
22,9.559999999999999,2.3599999999999994,1.9,5.68
22,4.359999999999999,-12.940000000000001,1.12,9.17
22,8.36,-10.34,1.16,8.26
22,5.56,-1.7400000000000007,1.06,6.45
23,-13.540000000000001,-4.040000000000001,3.3899999999999997,7.67
23,-10.14,-9.84,3.38,7.68
23,-10.24,3.6599999999999993,4.35,5.96
23,-10.14,-2.1400000000000006,4.5,5.76
23,-6.74,-12.34,2.97,8.72
23,-5.840000000000001,3.6599999999999993,3.12,8.3
23,-3.7400000000000007,-13.540000000000001,2.83,9.15
23,-5.540000000000001,-3.5400000000000005,4.11,6.3
23,-2.6400000000000006,2.8599999999999994,2.95,8.76
23,-0.8400000000000005,-13.84,3.56,7.25
23,-0.8400000000000005,-6.540000000000001,3.21,8.04
23,0.35999999999999943,1.5599999999999994,3.14,8.21
23,2.4599999999999995,-6.540000000000001,3.2400000000000007,7.95
23,3.5599999999999996,1.4599999999999995,3.3600000000000003,7.65
23,5.76,-10.84,3.16,8.13
23,6.959999999999999,-2.6400000000000006,3.6800000000000006,6.980000000000001
23,10.66,-5.340000000000001,2.31,9.98
23,2.7599999999999993,-12.940000000000001,2.89,6.23
23,0.35999999999999943,9.86,6.06,2.66
23,6.959999999999999,4.359999999999999,2.83,5.53
23,8.959999999999999,-9.24,1.6800000000000002,6.42
24,-13.14,-5.140000000000001,2.59,9.91
24,-10.540000000000001,-9.34,3.3,7.769999999999999
24,-10.540000000000001,-1.5400000000000005,3.14,8.16
24,-7.340000000000001,-1.5400000000000005,4.17,6.13
24,-7.340000000000001,4.659999999999999,3.9300000000000006,6.5
24,-7.140000000000001,-12.14,3.16,8.08
24,-3.9400000000000004,-13.540000000000001,2.78,9.15
24,-3.3400000000000007,4.659999999999999,3.28,7.75
24,-3.1400000000000006,-4.340000000000001,4.62,5.49
24,-1.1400000000000006,-13.540000000000001,5.0,5.07
24,-0.04000000000000057,1.1599999999999995,4.62,5.47
24,-0.04000000000000057,6.659999999999999,3.6800000000000006,6.860000000000001
24,1.5599999999999994,-8.440000000000001,4.24,5.95
24,4.659999999999999,-2.4400000000000004,3.6800000000000006,6.840000000000001
24,4.659999999999999,4.459999999999999,3.9200000000000004,6.409999999999999
24,5.859999999999999,-10.84,3.1,8.09
24,8.36,-2.7400000000000007,3.5799999999999996,7.0
24,9.059999999999999,-8.14,2.42,5.33
24,11.959999999999999,-4.540000000000001,1.37,9.01
25,-13.34,-4.640000000000001,2.76,9.01
25,-10.540000000000001,-9.34,3.17,7.840000000000001
25,-10.540000000000001,-1.4400000000000006,2.61,9.52
25,-7.840000000000001,-1.4400000000000006,3.5699999999999994,6.95
25,-7.340000000000001,-12.040000000000001,3.28,7.56
25,-6.640000000000001,5.56,3.62,6.82
25,-4.24,-4.44,3.85,6.409999999999999
25,-4.040000000000001,-13.540000000000001,4.41,5.59
25,-2.9400000000000004,2.0599999999999996,3.16,7.8
25,-0.3400000000000006,-7.94,3.0,8.21
25,0.25999999999999945,0.35999999999999943,2.8,8.79
25,2.7599999999999993,-12.540000000000001,3.62,6.779999999999999
25,3.1599999999999993,-5.74,3.8299999999999996,6.4
25,3.1599999999999993,0.7599999999999995,4.19,5.85
25,7.06,-9.84,2.94,8.32
25,7.359999999999999,-1.4400000000000006,4.72,5.17
25,-2.9400000000000004,9.959999999999999,8.88,2.74
25,3.1599999999999993,6.659999999999999,6.639999999999999,3.29
25,7.359999999999999,3.7599999999999993,5.21,2.45
25,0.4599999999999994,-13.84,2.1,5.86
25,10.059999999999999,-7.540000000000001,1.85,5.83
25,12.16,-3.9400000000000004,1.39,7.470000000000001
26,-13.74,-3.2400000000000007,4.1,5.94
26,-9.540000000000001,-10.34,2.72,8.94
26,-11.040000000000001,2.7599999999999993,4.12,5.9
26,-6.840000000000001,-1.3400000000000005,3.0,8.09
26,-6.74,-12.34,3.44,7.029999999999999
26,-6.44,6.76,4.18,5.78
26,-3.7400000000000007,-5.24,3.8899999999999997,6.2
26,-3.2400000000000007,-13.74,4.09,5.88
26,-2.2400000000000007,1.0599999999999994,3.46,6.94
26,-2.2400000000000007,8.059999999999999,4.59,5.23
26,0.8599999999999994,-13.64,2.62,9.14
26,1.2599999999999993,-4.44,3.16,7.540000000000001
26,2.3599999999999994,3.1599999999999993,4.03,5.9
26,3.5599999999999996,-11.34,4.71,5.04
26,4.459999999999999,-6.24,3.5799999999999996,6.6
26,6.459999999999999,0.4599999999999994,4.04,5.83
26,8.059999999999999,-6.24,3.6100000000000003,6.51
26,11.76,-4.24,1.69,8.43
26,2.3599999999999994,9.16,5.26,2.65
26,10.559999999999999,0.35999999999999943,1.13,6.45
27,-13.540000000000001,-4.040000000000001,2.95,7.95
27,-10.540000000000001,-9.34,3.69,6.35
27,-10.540000000000001,-2.9400000000000004,3.5099999999999993,6.67
27,-9.440000000000001,3.7599999999999993,3.5200000000000005,6.62
27,-6.840000000000001,-12.34,3.34,6.959999999999999
27,-6.840000000000001,-5.340000000000001,2.92,7.92
27,-5.840000000000001,2.6599999999999993,3.38,6.83
27,-3.4400000000000004,-13.64,2.55,9.03
27,-3.8400000000000007,-4.540000000000001,3.8899999999999997,5.91
27,-2.4400000000000004,1.4599999999999995,2.51,9.11
27,-0.8400000000000005,-13.64,4.31,5.3
27,0.05999999999999943,-8.24,3.1,7.340000000000001
27,0.15999999999999942,-0.8400000000000005,4.04,5.63
27,0.15999999999999942,4.859999999999999,4.5,5.05
27,3.2599999999999993,-8.24,3.5699999999999994,6.36
27,4.76,-1.8400000000000005,3.3600000000000003,6.75
27,6.859999999999999,-9.540000000000001,3.46,6.529999999999999
27,8.16,-2.9400000000000004,2.62,8.58
27,-4.840000000000001,10.66,8.95,2.5
27,10.86,-5.140000000000001,2.25,9.92
27,4.76,5.659999999999999,5.25,4.16
28,-13.74,-3.2400000000000007,3.94,5.7
28,-10.84,2.5599999999999996,3.47,6.470000000000001
28,-9.74,-10.24,2.82,7.959999999999999
28,-7.340000000000001,-2.2400000000000007,4.01,5.58
28,-7.340000000000001,3.3599999999999994,4.12,5.43
28,-6.840000000000001,-12.34,2.8,7.980000000000001
28,-3.9400000000000004,-13.540000000000001,3.59,6.22
28,-3.2400000000000007,-7.24,2.52,8.85
28,-3.1400000000000006,1.6599999999999995,3.6800000000000006,6.06
28,-0.3400000000000006,-13.940000000000001,2.37,9.38
28,0.5599999999999994,-4.540000000000001,2.99,7.42
28,0.5599999999999994,2.9599999999999995,3.0,7.37
28,3.5599999999999996,-12.74,2.44,9.04
28,3.5599999999999996,-3.6400000000000006,4.06,5.42
28,3.6599999999999993,1.8599999999999994,3.62,6.01
28,6.06,-9.84,3.9300000000000006,5.53
28,7.359999999999999,1.8599999999999994,2.77,7.83
28,7.659999999999999,-4.24,3.72,5.83
28,-6.040000000000001,10.36,9.11,2.38
28,11.459999999999999,-4.840000000000001,1.77,9.44
28,2.0599999999999996,-13.64,1.41,9.07
28,-9.540000000000001,9.059999999999999,9.95,1.24
28,10.16,1.6599999999999995,1.24,6.58
29,-13.540000000000001,-4.040000000000001,2.91,7.45
29,-11.040000000000001,3.4599999999999995,4.14,5.23
29,-10.540000000000001,-9.34,2.71,7.980000000000001
29,-7.74,-11.74,3.3299999999999996,6.459999999999999
29,-7.74,-5.24,2.74,7.85
29,-6.840000000000001,2.6599999999999993,4.27,5.03
29,-4.340000000000001,-13.440000000000001,2.41,8.88
29,-2.5400000000000005,-4.540000000000001,2.42,8.84
29,-3.9400000000000004,7.76,3.7400000000000007,5.71
29,-1.8400000000000005,-13.940000000000001,4.17,5.11
29,-0.14000000000000057,4.359999999999999,3.91,5.44
29,-0.04000000000000057,-8.74,2.77,7.6
29,2.7599999999999993,-12.84,2.94,7.159999999999999
29,2.7599999999999993,-5.640000000000001,2.46,8.55
29,3.8599999999999994,2.9599999999999995,2.51,8.36
29,5.26,-5.640000000000001,2.89,7.25
29,6.459999999999999,1.6599999999999995,2.79,7.49
29,8.16,-9.040000000000001,2.6,8.03
29,10.86,-5.340000000000001,2.14,9.75
29,-4.94,-4.540000000000001,2.35,7.18
29,9.26,-0.9400000000000006,1.58,9.69
29,-0.04000000000000057,-1.0400000000000005,2.69,5.3
29,5.76,-11.540000000000001,2.34,5.87
30,-13.540000000000001,-4.040000000000001,2.65,7.85
30,-10.84,-9.040000000000001,2.16,9.62
30,-10.84,0.6599999999999995,3.46,6.0
30,-8.64,-11.14,3.55,5.84
30,-8.64,-5.24,3.55,5.84
30,-7.340000000000001,0.6599999999999995,2.55,8.1
30,-5.040000000000001,-13.14,2.83,7.269999999999999
30,-4.74,-5.840000000000001,2.51,8.19
30,-4.74,2.3599999999999994,2.97,6.88
30,-2.1400000000000006,-13.940000000000001,2.29,8.92
30,-2.1400000000000006,-4.94,2.84,7.19
30,-1.7400000000000007,2.2599999999999993,2.43,8.4
30,0.15999999999999942,-13.84,2.65,7.68
30,0.7599999999999995,-6.140000000000001,2.23,9.11
30,0.7599999999999995,3.0599999999999996,2.1,9.65
30,2.9599999999999995,3.0599999999999996,2.04,9.92
30,3.0599999999999996,-13.14,2.04,9.91
30,5.06,-3.1400000000000006,3.03,6.67
30,8.16,-9.540000000000001,2.1,9.62
30,8.16,0.15999999999999942,2.28,8.86
30,10.459999999999999,-6.040000000000001,2.28,8.81
30,5.159999999999999,-11.940000000000001,2.29,8.7
30,5.06,3.5599999999999996,3.05,6.44
30,-7.340000000000001,9.26,5.54,2.71
30,3.0599999999999996,-3.1400000000000006,1.98,6.16
31,-13.24,-4.94,2.03,9.83
31,-11.14,-8.64,2.35,8.34
31,-11.14,-0.24000000000000057,2.64,7.409999999999999
31,-8.74,-11.040000000000001,2.81,6.94
31,-8.440000000000001,-4.040000000000001,2.08,9.33
31,-6.840000000000001,5.359999999999999,2.77,6.99
31,-6.340000000000001,-4.040000000000001,3.0,6.4
31,-5.840000000000001,-12.84,3.47,5.51
31,-4.040000000000001,2.4599999999999995,3.4,5.62
31,-3.6400000000000006,8.16,3.5200000000000005,5.42
31,-3.2400000000000007,-7.24,2.6,7.32
31,-1.6400000000000006,-14.040000000000001,2.84,6.7
31,-0.5400000000000006,-7.24,2.89,6.58
31,-0.04000000000000057,-0.6400000000000006,2.01,9.34
31,1.2599999999999993,-13.440000000000001,3.05,6.14
31,2.0599999999999996,-0.6400000000000006,2.96,6.32
31,4.359999999999999,-12.34,2.3,8.13
31,5.06,-4.140000000000001,2.33,8.02
31,2.0599999999999996,5.76,3.34,5.59
31,7.459999999999999,-10.24,2.16,8.59
31,7.459999999999999,-1.6400000000000006,2.35,7.889999999999999
31,9.86,-5.140000000000001,3.2299999999999995,5.74
31,5.459999999999999,3.9599999999999995,1.92,7.83
31,9.86,0.6599999999999995,2.56,5.85
31,2.3599999999999994,-7.24,1.9099999999999997,6.409999999999999
32,-13.64,-3.6400000000000006,2.66,6.95
32,-10.940000000000001,-8.940000000000001,2.58,7.15
32,-10.940000000000001,-1.7400000000000007,2.32,7.94
32,-8.540000000000001,-1.7400000000000007,2.52,7.3
32,-8.34,-11.34,2.91,6.32
32,-6.44,5.659999999999999,2.69,6.81
32,-5.94,-4.94,2.47,7.4
32,-3.7400000000000007,2.5599999999999996,2.05,8.91
32,-3.4400000000000004,-13.64,1.9099999999999997,9.56
32,-1.6400000000000006,-4.040000000000001,1.9899999999999998,9.12
32,-1.6400000000000006,5.159999999999999,2.53,7.17
32,-1.4400000000000006,-14.040000000000001,2.16,8.39
32,0.35999999999999943,-5.640000000000001,2.49,7.269999999999999
32,0.9599999999999994,1.6599999999999995,1.83,9.83
32,0.7599999999999995,-13.64,2.59,6.93
32,2.8599999999999994,-6.640000000000001,1.9600000000000002,9.15
32,2.8599999999999994,2.5599999999999996,2.92,6.1
32,4.859999999999999,-12.24,2.12,8.39
32,5.859999999999999,-3.8400000000000007,2.02,8.8
32,7.959999999999999,-9.940000000000001,1.9899999999999998,8.93
32,7.959999999999999,-0.9400000000000006,1.9899999999999998,8.85
32,9.959999999999999,-5.840000000000001,2.83,6.22
32,9.959999999999999,0.4599999999999994,2.39,6.25
32,-5.340000000000001,-13.040000000000001,1.8400000000000003,8.08
32,2.8599999999999994,8.76,5.3,2.69
32,-3.4400000000000004,-4.040000000000001,1.64,6.37
32,-8.540000000000001,5.659999999999999,1.81,5.57
32,3.3599999999999994,-13.24,1.49,6.01
32,-3.6400000000000006,12.36,7.01,1.26
33,-13.440000000000001,-4.340000000000001,2.05,8.58
33,-11.34,-8.440000000000001,1.7600000000000002,9.94
33,-11.24,1.5599999999999994,2.57,6.8
33,-9.540000000000001,-10.34,2.53,6.9
33,-8.64,-3.3400000000000007,3.12,5.58
33,-8.64,2.2599999999999993,1.97,8.79
33,-6.640000000000001,2.2599999999999993,1.83,9.44
33,-5.44,-13.040000000000001,1.77,9.74
33,-4.74,-3.2400000000000007,2.1,8.2
33,-3.6400000000000006,-13.64,1.7600000000000002,9.73
33,-4.74,5.06,2.28,7.49
33,-2.5400000000000005,-3.8400000000000007,3.06,5.58
33,-2.4400000000000004,1.7599999999999993,1.83,9.3
33,-1.8400000000000005,-13.940000000000001,2.3,7.389999999999999
33,-0.5400000000000006,1.7599999999999993,1.8400000000000003,9.23
33,0.5599999999999994,-13.84,2.02,8.39
33,0.5599999999999994,-5.44,2.47,6.85
33,1.3599999999999994,1.4599999999999995,2.25,7.49
33,2.6599999999999993,-13.14,2.35,7.159999999999999
33,3.6599999999999993,-5.94,2.19,7.65
33,3.6599999999999993,1.7599999999999993,2.61,6.409999999999999
33,5.859999999999999,-11.74,1.8,9.29
33,6.359999999999999,-2.4400000000000004,1.9899999999999998,8.39
33,7.76,-9.540000000000001,2.58,6.470000000000001
33,8.36,-3.0400000000000005,2.81,5.94
33,11.26,-5.140000000000001,1.8199999999999998,9.16
33,1.3599999999999994,8.959999999999999,6.05,2.73
33,8.36,2.9599999999999995,2.54,5.81
33,-6.94,-12.24,1.42,8.86
33,-2.4400000000000004,11.76,6.959999999999999,1.59
34,-13.540000000000001,-4.040000000000001,2.27,7.340000000000001
34,-11.24,-8.540000000000001,2.07,8.01
34,-10.34,-0.44000000000000056,1.65,9.96
34,-9.14,-10.74,2.83,5.79
34,-8.64,-4.94,1.72,9.52
34,-7.040000000000001,4.659999999999999,2.15,7.56
34,-6.840000000000001,-4.94,1.77,9.16
34,-5.040000000000001,-13.14,1.94,8.26
34,-5.040000000000001,-4.840000000000001,1.7,9.41
34,-4.840000000000001,4.659999999999999,2.43,6.540000000000001
34,-3.2400000000000007,-4.840000000000001,2.02,7.840000000000001
34,-3.0400000000000005,-13.74,1.9,8.27
34,-2.3400000000000007,3.0599999999999996,1.78,8.81
34,-1.1400000000000006,-5.44,2.8,5.57
34,-1.0400000000000005,-13.940000000000001,2.82,5.53
34,-0.5400000000000006,0.15999999999999942,2.64,5.82
34,-0.5400000000000006,6.06,2.12,7.209999999999999
34,1.8599999999999994,-13.64,1.65,9.25
34,2.1599999999999993,-4.340000000000001,1.73,8.81
34,2.1599999999999993,4.56,1.9600000000000002,7.590000000000001
34,3.9599999999999995,-12.940000000000001,1.53,9.64
34,3.9599999999999995,-3.2400000000000007,2.07,7.090000000000001
34,4.159999999999999,3.8599999999999994,1.75,8.35
34,5.56,-11.540000000000001,2.5,5.84
34,6.06,-5.640000000000001,1.8700000000000003,7.8
34,5.959999999999999,3.8599999999999994,2.57,5.66
34,7.959999999999999,-5.640000000000001,1.8199999999999998,7.980000000000001
34,9.86,-7.340000000000001,2.11,6.87
34,8.559999999999999,2.3599999999999994,2.58,5.59
34,12.059999999999999,-4.540000000000001,1.28,8.68
34,-8.64,4.659999999999999,1.53,6.38
34,-6.24,-12.64,1.15,7.67
35,-13.24,-4.94,1.48,9.72
35,-11.74,-7.840000000000001,1.9099999999999997,7.529999999999999
35,-11.74,-0.24000000000000057,2.54,5.65
35,-9.74,-10.24,2.25,6.37
35,-9.14,-3.8400000000000007,2.44,5.86
35,-9.14,2.0599999999999996,1.86,7.68
35,-7.44,-11.940000000000001,2.36,6.01
35,-7.24,2.0599999999999996,2.22,6.38
35,-6.640000000000001,-5.840000000000001,2.38,5.95
35,-4.94,0.15999999999999942,1.89,7.480000000000001
35,-5.040000000000001,-13.14,2.16,6.540000000000001
35,-3.0400000000000005,-6.540000000000001,1.6200000000000003,8.72
35,-3.0400000000000005,2.2599999999999993,2.27,6.22
35,-2.8400000000000007,-13.84,1.9300000000000002,7.26
35,-0.8400000000000005,-14.040000000000001,1.43,9.76
35,-0.7400000000000005,-4.24,1.81,7.7
35,-0.7400000000000005,3.5599999999999996,1.7600000000000002,7.909999999999999
35,1.0599999999999994,3.5599999999999996,1.43,9.71
35,0.6599999999999995,-13.940000000000001,1.64,8.46
35,2.3599999999999994,-13.540000000000001,1.39,9.94
35,1.1599999999999995,-3.5400000000000005,2.13,6.480000000000001
35,2.5599999999999996,2.9599999999999995,1.44,9.56
35,3.7599999999999993,-12.940000000000001,1.8700000000000003,7.33
35,3.7599999999999993,-5.540000000000001,1.97,6.95
35,4.06,1.4599999999999995,1.43,9.57
35,5.56,1.4599999999999995,1.72,7.95
35,5.76,-12.040000000000001,1.47,9.29
35,7.26,-10.84,1.64,8.25
35,7.359999999999999,-2.5400000000000005,1.9,7.1
35,9.36,-8.74,1.61,8.33
35,9.36,-0.3400000000000006,2.03,6.58
35,-7.24,8.559999999999999,5.48,2.43
35,11.459999999999999,-5.140000000000001,1.6599999999999997,8.02
35,7.359999999999999,4.659999999999999,1.86,5.74
35,-5.640000000000001,11.559999999999999,6.409999999999999,1.37
36,-13.540000000000001,-4.040000000000001,1.69,7.779999999999999
36,-11.84,-7.640000000000001,2.12,6.2
36,-11.84,-1.3400000000000005,2.34,5.57
36,-9.64,-10.34,1.9099999999999997,6.82
36,-9.440000000000001,-3.4400000000000004,1.8700000000000003,6.94
36,-9.64,4.26,2.19,5.9
36,-7.540000000000001,-11.940000000000001,1.32,9.75
36,-7.44,-2.1400000000000006,1.78,7.230000000000001
36,-7.44,5.159999999999999,2.42,5.3
36,-6.140000000000001,-12.64,1.77,7.230000000000001
36,-5.640000000000001,-5.340000000000001,1.38,9.27
36,-4.94,3.9599999999999995,1.9300000000000002,6.62
36,-4.340000000000001,-13.440000000000001,2.45,5.17
36,-4.24,-8.24,1.31,9.66
36,-2.9400000000000004,1.4599999999999995,2.42,5.22
36,-2.8400000000000007,-8.24,1.56,8.07
36,-2.2400000000000007,6.76,1.77,7.110000000000001
36,-1.2400000000000007,-14.040000000000001,1.67,7.5
36,-1.2400000000000007,-6.44,2.07,6.02
36,-0.44000000000000056,-0.3400000000000006,1.65,7.540000000000001
36,0.4599999999999994,-13.940000000000001,1.69,7.33
36,1.2599999999999993,-6.540000000000001,1.72,7.2
36,1.2599999999999993,0.7599999999999995,1.6200000000000003,7.56
36,2.9599999999999995,0.7599999999999995,1.48,8.27
36,3.0599999999999996,-13.34,1.45,8.34
36,4.459999999999999,-4.94,1.65,7.32
36,4.459999999999999,2.4599999999999995,1.6,7.540000000000001
36,4.56,-12.540000000000001,1.89,6.36
36,6.159999999999999,-6.140000000000001,2.01,5.93
36,6.159999999999999,-0.14000000000000057,1.48,8.04
36,7.659999999999999,-0.14000000000000057,1.9,6.24
36,8.26,-10.34,1.26,9.4
36,9.559999999999999,-7.94,2.01,5.85
36,9.66,-2.0400000000000005,1.9600000000000002,5.98
36,11.66,-4.540000000000001,1.6200000000000003,7.209999999999999
36,-0.44000000000000056,10.059999999999999,8.52,1.37
36,-0.44000000000000056,11.459999999999999,6.480000000000001,1.25
37,-13.540000000000001,-4.040000000000001,1.47,7.93
37,-12.040000000000001,-7.340000000000001,2.02,5.75
37,-12.040000000000001,-1.5400000000000005,1.46,7.95
37,-10.540000000000001,-1.5400000000000005,1.83,6.25
37,-9.940000000000001,-10.040000000000001,1.86,6.13
37,-8.64,-3.8400000000000007,1.8,6.32
37,-8.64,2.5599999999999996,1.72,6.610000000000001
37,-8.040000000000001,-11.540000000000001,1.6599999999999997,6.82
37,-6.840000000000001,2.5599999999999996,1.32,8.53
37,-6.74,-4.640000000000001,1.8199999999999998,6.15
37,-6.340000000000001,-12.540000000000001,1.64,6.709999999999999
37,-5.44,1.5599999999999994,1.3,8.4
37,-4.640000000000001,-13.34,1.24,8.74
37,-4.040000000000001,-4.540000000000001,1.24,8.73
37,-4.040000000000001,4.26,1.55,6.93
37,-3.3400000000000007,-13.64,1.8,5.93
37,-2.7400000000000007,-7.640000000000001,1.31,8.04
37,-2.4400000000000004,0.4599999999999994,1.45,7.26
37,-1.3400000000000005,-14.040000000000001,1.43,7.3
37,-0.9400000000000006,-6.640000000000001,1.06,9.75
37,-0.9400000000000006,3.1599999999999993,1.31,7.860000000000001
37,0.15999999999999942,-13.940000000000001,1.56,6.540000000000001
37,0.15999999999999942,-7.340000000000001,1.51,6.74
37,0.4599999999999994,-0.5400000000000006,1.01,9.93
37,1.5599999999999994,-0.5400000000000006,1.77,5.66
37,1.7599999999999993,-13.84,1.04,9.52
37,1.5599999999999994,5.159999999999999,1.42,6.92
37,2.8599999999999994,-13.540000000000001,1.12,8.75
37,3.0599999999999996,5.159999999999999,1.2,8.04
37,3.3599999999999994,-4.74,1.5,6.39
37,4.06,-13.040000000000001,1.24,7.62
37,4.359999999999999,1.6599999999999995,1.11,8.51
37,5.359999999999999,-12.440000000000001,1.14,8.28
37,5.56,-4.140000000000001,1.0,9.4
37,6.56,-11.74,1.23,7.459999999999999
37,6.659999999999999,-4.24,1.13,8.11
37,7.859999999999999,-10.84,1.11,8.25
37,7.859999999999999,-2.5400000000000005,1.04,8.77
37,8.959999999999999,-2.5400000000000005,1.05,8.5
37,10.059999999999999,-8.34,1.22,7.290000000000001
37,5.56,5.359999999999999,1.27,6.95
37,10.059999999999999,-1.0400000000000005,1.01,8.67
37,11.36,-6.640000000000001,1.0,8.66
37,-6.44,11.26,6.75,1.23
37,12.459999999999999,-3.9400000000000004,1.0,7.659999999999999
38,-13.64,-3.6400000000000006,1.22,6.65
38,-12.34,-6.840000000000001,1.02,7.94
38,-11.24,-8.540000000000001,1.02,7.94
38,-11.84,1.1599999999999995,1.2,6.45
