Instance: CBPP
Bin radius: 14.14
Rotate enable: true
Bin num: 27
Bin id,X coordinate of lower left corner,Y coordinate of lower left corner,Item's width,Item's height
1,-13.24,-4.94,9.98,9.66
1,-5.340000000000001,7.159999999999999,9.88,5.84
1,-9.34,-10.540000000000001,6.06,5.59
1,-3.2400000000000007,-12.540000000000001,9.58,9.79
1,-3.2400000000000007,-2.7400000000000007,9.17,9.86
1,6.359999999999999,-5.140000000000001,6.769999999999999,9.95
2,-10.24,-9.74,6.639999999999999,5.07
2,-13.34,-4.640000000000001,9.72,9.29
2,-5.640000000000001,6.159999999999999,9.86,6.7
2,-3.5400000000000005,-12.940000000000001,9.1,9.8
2,-3.5400000000000005,-3.0400000000000005,9.7,9.19
2,6.26,-4.840000000000001,6.93,9.17
3,-13.24,-4.94,9.37,9.41
3,-9.74,-10.24,5.87,5.26
3,-5.140000000000001,5.659999999999999,9.6,7.45
3,-3.8400000000000007,-13.14,8.94,9.75
3,-3.8400000000000007,-3.3400000000000007,9.28,8.95
3,5.459999999999999,-4.840000000000001,7.74,9.66
4,-4.540000000000001,-13.34,8.35,9.73
4,-13.24,-4.94,8.65,9.43
4,-4.540000000000001,-3.5400000000000005,8.45,9.43
4,3.9599999999999995,-7.540000000000001,7.9,9.96
4,-4.840000000000001,5.959999999999999,9.33,7.26
4,4.56,2.4599999999999995,5.99,6.889999999999999
5,-13.34,-4.640000000000001,8.41,9.23
5,-4.840000000000001,-13.24,7.9,9.77
5,-4.840000000000001,-3.4400000000000004,8.67,8.88
5,3.8599999999999994,-7.640000000000001,7.95,9.63
5,-5.640000000000001,5.459999999999999,9.56,7.45
5,3.9599999999999995,2.0599999999999996,6.470000000000001,7.33
6,-5.44,-13.040000000000001,7.790000000000001,9.7
6,2.3599999999999994,-8.84,8.56,8.6
6,2.3599999999999994,-0.14000000000000057,7.93,9.22
6,-13.24,-4.94,7.76,9.82
6,-5.44,-3.2400000000000007,7.74,9.72
6,-6.640000000000001,6.56,8.96,5.87
7,4.06,1.3599999999999994,6.519999999999999,7.860000000000001
7,4.06,-7.840000000000001,7.65,9.1
7,-5.640000000000001,-12.940000000000001,8.43,8.5
7,-13.440000000000001,-4.340000000000001,8.68,8.31
7,-7.040000000000001,4.06,8.79,8.17
7,-4.74,-4.340000000000001,8.73,8.02
8,1.8599999999999994,-9.940000000000001,8.06,6.05
8,-13.24,-4.94,7.4,9.32
8,-5.74,-12.84,7.51,8.98
8,-7.540000000000001,4.459999999999999,9.15,7.44
8,1.6599999999999995,-3.8400000000000007,7.279999999999999,9.23
8,-5.74,-3.8400000000000007,7.15,8.07
8,1.6599999999999995,5.459999999999999,6.65,5.87
9,-13.440000000000001,-4.340000000000001,7.85,8.44
9,-5.540000000000001,-12.940000000000001,7.159999999999999,9.19
9,-8.34,4.159999999999999,9.25,7.12
9,-5.540000000000001,-3.7400000000000007,9.16,7.18
9,3.6599999999999993,-8.24,7.790000000000001,8.38
9,3.6599999999999993,0.15999999999999942,7.340000000000001,8.57
10,-13.540000000000001,-4.040000000000001,8.6,7.590000000000001
10,-9.14,3.5599999999999996,9.06,7.18
10,-0.04000000000000057,3.6599999999999993,8.78,7.360000000000001
10,-7.640000000000001,-11.84,8.35,7.74
10,-0.04000000000000057,-4.040000000000001,8.47,7.63
10,0.7599999999999995,-10.74,8.37,6.68
10,8.459999999999999,-3.9400000000000004,5.04,7.45
11,-13.540000000000001,-4.040000000000001,8.14,7.87
11,-7.840000000000001,3.8599999999999994,8.08,7.840000000000001
11,0.25999999999999945,2.9599999999999995,8.54,7.25
11,-8.14,-11.540000000000001,8.5,7.43
11,-5.340000000000001,-4.040000000000001,9.11,6.909999999999999
11,3.8599999999999994,-6.640000000000001,8.58,7.139999999999999
11,0.4599999999999994,-11.74,7.38,5.08
12,0.4599999999999994,3.2599999999999993,7.68,7.76
12,-13.440000000000001,-4.340000000000001,7.12,8.56
12,-7.340000000000001,4.26,7.790000000000001,7.769999999999999
12,-6.24,-12.64,7.05,8.62
12,-6.24,-3.9400000000000004,8.44,7.12
12,2.2599999999999993,-8.34,9.08,6.56
12,8.16,-1.7400000000000007,5.03,6.45
13,-6.840000000000001,-12.34,6.28,9.41
13,-0.5400000000000006,-12.24,7.519999999999999,7.76
13,1.7599999999999993,-4.44,6.39,9.09
13,0.4599999999999994,4.659999999999999,8.17,6.409999999999999
13,8.16,-4.540000000000001,5.14,8.92
13,-13.24,-4.94,6.32,9.41
13,-8.14,4.56,8.51,6.9
13,-6.840000000000001,-2.8400000000000007,8.53,6.88
14,-13.34,-4.640000000000001,6.28,9.23
14,-8.84,4.659999999999999,9.1,6.29
14,0.35999999999999943,1.9599999999999995,8.3,6.85
14,-8.940000000000001,-10.940000000000001,9.16,6.25
14,-7.040000000000001,-4.640000000000001,8.78,6.5
14,1.7599999999999993,-8.24,9.67,5.84
15,-7.24,-12.14,7.139999999999999,7.790000000000001
15,6.06,-5.840000000000001,6.779999999999999,8.07
15,-0.04000000000000057,-12.74,6.02,8.09
15,-13.440000000000001,-4.340000000000001,6.5,8.6
15,-9.040000000000001,4.359999999999999,8.61,6.44
15,-6.840000000000001,-4.340000000000001,6.67,8.31
15,-0.14000000000000057,-4.340000000000001,6.17,8.95
15,-0.3400000000000006,4.659999999999999,8.97,6.12
16,-9.040000000000001,4.06,8.08,6.75
16,-0.9400000000000006,1.8599999999999994,6.32,8.56
16,5.459999999999999,-4.840000000000001,6.14,8.68
16,-13.440000000000001,-4.340000000000001,6.56,8.33
16,-7.040000000000001,-12.24,6.959999999999999,7.83
16,-6.840000000000001,-4.340000000000001,8.87,6.1
16,-0.04000000000000057,-11.24,8.53,6.32
17,-9.64,-10.34,7.93,6.610000000000001
17,-1.6400000000000006,-12.34,8.34,6.27
17,2.8599999999999994,-6.040000000000001,6.76,7.720000000000001
17,-13.64,-3.6400000000000006,7.590000000000001,6.980000000000001
17,-10.74,3.3599999999999994,9.28,5.7
17,-6.040000000000001,-3.6400000000000006,8.81,5.94
17,-1.4400000000000006,2.3599999999999994,8.99,5.81
17,-1.4400000000000006,8.26,5.82,5.07
18,3.6599999999999993,-4.540000000000001,7.340000000000001,7.019999999999999
18,-6.44,-12.540000000000001,5.37,9.68
18,-1.0400000000000005,-13.24,5.99,8.67
18,-13.84,-2.8400000000000007,9.43,5.53
18,-9.040000000000001,2.7599999999999993,6.480000000000001,8.04
18,-2.5400000000000005,-2.8400000000000007,6.14,8.46
18,-2.5400000000000005,5.659999999999999,9.3,5.56
19,-13.84,-2.8400000000000007,9.71,5.3
19,-7.340000000000001,2.5599999999999996,5.42,9.49
19,-8.540000000000001,-11.24,6.18,8.32
19,-2.3400000000000007,-12.74,8.2,6.26
19,-2.3400000000000007,-6.44,8.25,6.21
19,-1.8400000000000005,-0.14000000000000057,7.2,7.110000000000001
19,5.959999999999999,-8.34,5.33,9.59
19,-1.8400000000000005,7.06,8.02,5.51
19,5.459999999999999,1.2599999999999993,6.75,5.57
20,2.4599999999999995,-7.040000000000001,5.33,9.22
20,7.859999999999999,-5.340000000000001,5.14,9.27
20,4.859999999999999,3.9599999999999995,5.29,5.76
20,-11.24,2.5599999999999996,8.43,5.98
20,-2.7400000000000007,2.6599999999999993,7.5,6.610000000000001
20,-13.84,-2.8400000000000007,9.64,5.3
20,-9.74,-10.24,6.8,7.38
20,-2.8400000000000007,-12.540000000000001,9.18,5.42
20,-2.7400000000000007,-7.040000000000001,5.14,9.68
21,-9.14,-10.74,6.459999999999999,7.470000000000001
21,-2.6400000000000006,-13.84,5.29,8.95
21,2.6599999999999993,-10.34,6.83,6.9
21,4.26,-3.3400000000000007,6.769999999999999,6.9
21,4.959999999999999,3.6599999999999993,5.73,5.45
21,-13.74,-3.2400000000000007,8.12,5.98
21,-8.540000000000001,2.7599999999999993,5.7,8.47
21,-2.7400000000000007,-3.2400000000000007,6.9,6.99
21,-2.7400000000000007,3.7599999999999993,7.63,6.23
22,-9.64,4.06,7.58,6.11
22,5.26,-9.040000000000001,5.57,8.21
22,-13.540000000000001,-4.040000000000001,5.77,8.08
22,-7.74,-11.74,5.89,7.909999999999999
22,-1.8400000000000005,-13.040000000000001,7.08,6.49
22,-7.74,-3.7400000000000007,8.69,5.32
22,-2.0400000000000005,1.6599999999999995,7.230000000000001,6.37
22,5.26,-0.7400000000000005,7.32,6.24
22,-2.0400000000000005,8.059999999999999,7.05,5.06
23,3.8599999999999994,-0.6400000000000006,6.0,7.18
23,-9.24,3.9599999999999995,6.709999999999999,6.610000000000001
23,-2.4400000000000004,2.1599999999999993,6.26,6.889999999999999
23,-13.540000000000001,-4.040000000000001,5.73,7.95
23,-9.34,-10.540000000000001,6.83,6.49
23,-7.74,-4.040000000000001,7.13,6.17
23,-2.4400000000000004,-13.64,5.73,7.56
23,-0.5400000000000006,-6.040000000000001,8.04,5.36
24,3.2599999999999993,-0.44000000000000056,6.590000000000001,6.09
24,5.859999999999999,-6.640000000000001,6.529999999999999,6.1
24,-8.14,-11.540000000000001,5.31,7.81
24,-2.7400000000000007,-13.84,5.55,7.3
24,-0.9400000000000006,-6.44,6.790000000000001,5.92
24,-13.440000000000001,-4.340000000000001,5.27,8.14
24,-9.84,3.8599999999999994,6.790000000000001,6.16
24,-8.14,-3.6400000000000006,7.110000000000001,5.83
24,-3.0400000000000005,2.2599999999999993,6.2,6.55
25,3.5599999999999996,0.15999999999999942,5.42,6.88
25,3.7599999999999993,-10.440000000000001,5.61,6.6
25,-9.24,-10.64,5.88,6.57
25,-3.3400000000000007,-13.64,5.27,7.26
25,-13.540000000000001,-4.040000000000001,5.28,7.519999999999999
25,-9.14,3.5599999999999996,5.44,7.15
25,-8.24,-4.040000000000001,6.01,6.409999999999999
25,-3.6400000000000006,2.4599999999999995,7.17,5.36
25,-2.1400000000000006,-6.340000000000001,5.89,6.409999999999999
25,-3.6400000000000006,7.859999999999999,7.2,5.22
26,-10.940000000000001,3.6599999999999993,7.07,5.13
26,4.06,-9.64,6.13,5.41
26,-13.64,-3.6400000000000006,5.06,7.24
26,-10.64,-9.24,6.56,5.55
26,-8.540000000000001,-3.6400000000000006,6.87,5.19
26,-4.040000000000001,-13.540000000000001,5.43,6.540000000000001
26,-1.6400000000000006,-6.94,5.65,6.2
26,-3.8400000000000007,1.5599999999999994,5.92,5.98
26,-3.6400000000000006,7.56,5.71,6.04
26,2.1599999999999993,-0.6400000000000006,5.99,5.73
26,2.1599999999999993,5.159999999999999,5.21,6.5
26,8.16,-4.140000000000001,5.23,6.3
27,-13.84,-2.8400000000000007,5.84,5.55
27,-11.540000000000001,-8.14,6.12,5.26
27,-11.24,2.7599999999999993,5.42,5.6
27,-5.74,-2.8400000000000007,5.14,5.87
27,-5.74,3.0599999999999996,5.38,5.57
