Instance: CBPP
Bin radius: 14.14
Rotate enable: true
Bin num: 108
Bin id,X coordinate of lower left corner,Y coordinate of lower left corner,Item's width,Item's height
1,-13.14,-5.140000000000001,9.95,9.97
1,-3.1400000000000006,-12.34,9.86,9.95
1,-3.1400000000000006,-2.3400000000000007,9.89,9.89
1,6.76,-5.340000000000001,6.24,9.97
1,-5.140000000000001,7.56,9.89,5.53
1,-8.940000000000001,-10.940000000000001,5.79,5.75
2,-13.24,-4.94,9.97,9.8
2,-3.2400000000000007,-12.540000000000001,9.67,9.98
2,-3.2400000000000007,-2.5400000000000005,9.62,9.98
2,6.459999999999999,-5.140000000000001,6.659999999999999,9.96
2,-5.140000000000001,7.459999999999999,9.83,5.65
2,-9.74,-10.24,6.42,5.28
3,-13.24,-4.94,9.85,9.68
3,-3.3400000000000007,-12.440000000000001,9.82,9.67
3,-3.3400000000000007,-2.7400000000000007,9.75,9.72
3,6.56,-5.140000000000001,6.540000000000001,9.92
3,-5.140000000000001,7.06,9.89,6.04
3,-9.74,-10.24,6.38,5.27
4,-13.24,-4.94,9.56,9.89
4,-3.6400000000000006,-12.540000000000001,9.99,9.44
4,-3.6400000000000006,-3.0400000000000005,9.7,9.62
4,6.359999999999999,-5.140000000000001,6.769999999999999,9.85
4,-5.140000000000001,6.659999999999999,9.85,6.42
4,-9.74,-10.24,6.04,5.29
5,-13.14,-5.140000000000001,9.33,9.95
5,-3.7400000000000007,-12.74,9.73,9.53
5,-3.7400000000000007,-3.1400000000000006,9.69,9.55
5,6.06,-5.340000000000001,6.959999999999999,9.95
5,-5.140000000000001,6.459999999999999,9.76,6.69
5,-9.74,-10.24,5.95,5.07
6,-13.24,-4.94,9.47,9.67
6,-3.7400000000000007,-12.64,9.81,9.33
6,-3.7400000000000007,-3.2400000000000007,9.16,9.96
6,5.459999999999999,-3.2400000000000007,6.959999999999999,9.83
6,-5.140000000000001,6.76,9.82,6.33
6,-9.64,-10.34,5.89,5.36
6,6.159999999999999,-8.540000000000001,5.04,5.28
7,-13.24,-4.94,9.46,9.64
7,-3.7400000000000007,-12.940000000000001,9.22,9.88
7,-3.7400000000000007,-3.0400000000000005,9.24,9.82
7,5.56,-5.140000000000001,7.58,9.95
7,-4.840000000000001,6.859999999999999,9.66,6.38
7,-9.84,-10.14,6.03,5.19
8,-13.34,-4.640000000000001,9.86,9.17
8,-3.4400000000000004,-12.84,9.27,9.73
8,-3.4400000000000004,-3.0400000000000005,9.71,9.27
8,-5.140000000000001,6.26,9.72,6.88
8,6.359999999999999,-5.140000000000001,6.75,9.84
8,-9.74,-10.24,6.28,5.59
9,-13.34,-4.640000000000001,9.91,9.08
9,-3.3400000000000007,-12.540000000000001,9.7,9.25
9,-3.3400000000000007,-3.2400000000000007,9.68,9.24
9,-5.140000000000001,6.06,9.87,7.01
9,6.459999999999999,-5.140000000000001,6.69,9.74
9,-9.64,-10.34,6.28,5.67
10,-13.34,-4.640000000000001,9.81,9.09
10,-3.4400000000000004,-12.84,9.29,9.51
10,-3.4400000000000004,-3.2400000000000007,8.87,9.93
10,5.859999999999999,-5.140000000000001,7.279999999999999,9.96
10,-5.140000000000001,6.76,9.66,6.38
10,-9.84,-10.14,6.34,5.49
11,-13.24,-4.94,8.92,9.86
11,-4.24,-13.14,9.22,9.51
11,-4.24,-3.5400000000000005,8.99,9.74
11,5.06,-5.140000000000001,8.02,9.87
11,-5.340000000000001,6.26,9.81,6.769999999999999
11,-9.940000000000001,-10.040000000000001,5.6,5.05
11,4.76,4.76,5.18,5.16
12,-13.14,-5.140000000000001,8.81,9.93
12,-4.24,-13.040000000000001,9.51,9.19
12,-4.24,-3.8400000000000007,9.76,8.95
12,-5.340000000000001,5.159999999999999,9.81,7.889999999999999
12,5.56,-5.140000000000001,7.51,9.9
12,-9.74,-10.24,5.32,5.02
13,-13.24,-4.94,9.03,9.62
13,-4.140000000000001,-13.040000000000001,9.37,9.21
13,-4.140000000000001,-3.7400000000000007,8.76,9.84
13,4.659999999999999,-3.7400000000000007,8.15,9.53
13,-5.140000000000001,6.159999999999999,9.75,6.970000000000001
13,5.26,-9.440000000000001,5.15,5.69
13,-9.64,-10.34,5.42,5.39
14,-13.34,-4.640000000000001,9.76,8.81
14,-3.5400000000000005,-13.040000000000001,8.91,9.65
14,-3.5400000000000005,-3.3400000000000007,9.26,9.25
14,5.76,-5.140000000000001,7.389999999999999,9.93
14,-5.140000000000001,5.959999999999999,9.97,7.139999999999999
14,-9.64,-10.34,6.02,5.65
14,-10.34,4.26,5.05,5.23
15,-13.24,-4.94,8.93,9.57
15,-4.24,-13.24,9.11,9.37
15,-4.24,-3.8400000000000007,9.64,8.83
15,-5.140000000000001,5.06,9.85,8.02
15,5.459999999999999,-5.140000000000001,7.659999999999999,9.86
15,-9.940000000000001,-10.040000000000001,5.62,5.01
16,-13.34,-4.640000000000001,9.52,8.93
16,-3.7400000000000007,-13.24,8.6,9.8
16,-3.7400000000000007,-3.3400000000000007,9.35,9.01
16,-5.140000000000001,5.76,9.89,7.37
16,5.659999999999999,-5.340000000000001,7.38,9.86
16,-9.84,-10.14,6.08,5.44
16,-10.34,4.359999999999999,5.14,5.1
17,-13.14,-5.140000000000001,8.49,9.9
17,-4.640000000000001,-13.040000000000001,9.89,8.48
17,-4.640000000000001,-4.540000000000001,9.76,8.58
17,-4.640000000000001,4.06,9.63,8.67
17,5.159999999999999,-4.540000000000001,7.790000000000001,9.91
17,-9.940000000000001,4.859999999999999,5.21,5.0
18,-13.24,-4.94,8.93,9.34
18,-4.24,-13.34,8.66,9.62
18,-4.24,-3.6400000000000006,8.94,9.3
18,4.76,-5.140000000000001,8.3,9.89
18,-5.340000000000001,5.76,10.0,7.24
18,-9.84,-10.14,5.45,5.13
19,-13.34,-4.640000000000001,9.2,9.03
19,-4.040000000000001,-13.34,8.49,9.77
19,-4.040000000000001,-3.5400000000000005,8.88,9.34
19,4.859999999999999,-5.340000000000001,8.18,9.89
19,-5.140000000000001,5.859999999999999,9.97,7.220000000000001
19,-9.940000000000001,-10.040000000000001,5.71,5.36
20,-13.24,-4.94,8.67,9.56
20,-4.540000000000001,-13.34,8.54,9.7
20,-4.540000000000001,-3.5400000000000005,9.72,8.52
20,5.26,-4.840000000000001,7.93,9.69
20,-5.140000000000001,5.06,9.52,8.01
20,4.06,-10.14,5.65,5.28
21,-13.34,-4.640000000000001,9.4,8.8
21,-3.8400000000000007,-13.14,8.84,9.35
21,-3.8400000000000007,-3.7400000000000007,8.55,9.64
21,4.76,-3.7400000000000007,8.09,9.4
21,-4.840000000000001,5.959999999999999,9.56,7.26
21,-9.84,-10.14,5.99,5.42
21,5.06,-9.14,5.67,5.34
22,-13.440000000000001,-4.340000000000001,9.54,8.59
22,-4.540000000000001,4.26,9.05,9.05
22,-3.8400000000000007,-13.24,8.52,9.6
22,4.76,-5.140000000000001,8.37,9.7
22,-3.8400000000000007,-3.5400000000000005,8.47,7.790000000000001
22,-10.040000000000001,-9.940000000000001,6.13,5.54
22,-10.440000000000001,4.26,5.82,5.18
23,-13.34,-4.640000000000001,8.96,9.1
23,-4.340000000000001,-13.34,8.88,9.16
23,-4.840000000000001,4.56,9.37,8.66
23,-4.340000000000001,-4.140000000000001,9.44,8.55
23,5.159999999999999,-5.640000000000001,7.779999999999999,9.77
23,-10.14,-9.84,5.78,5.1
23,4.56,4.459999999999999,5.76,5.04
24,-13.34,-4.640000000000001,9.21,8.81
24,-4.040000000000001,-13.24,8.78,9.18
24,-4.040000000000001,-4.040000000000001,8.71,9.25
24,4.76,-5.640000000000001,8.16,9.73
24,-5.640000000000001,5.26,9.84,7.639999999999999
24,-10.14,-9.84,5.91,5.13
24,4.76,4.159999999999999,5.06,5.82
25,-13.34,-4.640000000000001,8.84,9.05
25,-5.140000000000001,4.459999999999999,9.2,8.67
25,-4.44,-13.34,8.93,8.93
25,-4.44,-4.340000000000001,9.06,8.78
25,4.659999999999999,-5.340000000000001,8.39,9.45
25,4.159999999999999,4.459999999999999,5.91,5.12
25,-9.940000000000001,-10.040000000000001,5.41,5.36
26,-13.440000000000001,-4.340000000000001,9.37,8.46
26,-4.040000000000001,-13.34,8.58,9.22
26,-4.040000000000001,-4.040000000000001,8.29,9.47
26,4.26,-4.040000000000001,8.49,9.24
26,-5.140000000000001,5.459999999999999,9.77,7.69
26,-10.24,-9.74,6.17,5.36
26,4.56,-9.84,5.4,5.58
27,-13.34,-4.640000000000001,8.7,9.01
27,-4.540000000000001,-13.34,8.22,9.53
27,-4.840000000000001,4.459999999999999,8.99,8.71
27,3.7599999999999993,-5.840000000000001,9.07,8.61
27,-4.540000000000001,-3.7400000000000007,8.12,8.1
27,4.159999999999999,2.8599999999999994,6.58,6.29
28,-13.34,-4.640000000000001,8.44,9.24
28,-4.840000000000001,-13.24,8.98,8.68
28,-5.140000000000001,4.659999999999999,9.27,8.4
28,4.159999999999999,-6.44,8.38,9.27
28,-4.840000000000001,-4.540000000000001,8.46,9.15
28,4.159999999999999,2.8599999999999994,6.08,6.779999999999999
29,-13.24,-4.94,8.28,9.38
29,-6.040000000000001,4.459999999999999,9.45,8.2
29,-4.94,-13.24,9.22,8.39
29,-4.94,-4.840000000000001,8.46,9.05
29,3.5599999999999996,-4.840000000000001,9.43,8.06
29,3.5599999999999996,3.2599999999999993,6.639999999999999,6.37
30,-13.440000000000001,-4.340000000000001,8.94,8.49
30,-5.340000000000001,4.159999999999999,8.6,8.81
30,-4.94,-13.24,8.58,8.83
30,-4.44,-4.340000000000001,9.16,8.24
30,4.76,-4.840000000000001,8.41,8.96
30,3.3599999999999994,4.159999999999999,6.659999999999999,5.68
30,3.6599999999999993,-10.540000000000001,5.64,5.64
31,-13.24,-4.94,7.75,9.7
31,-5.44,-13.040000000000001,8.04,9.35
31,-5.44,-3.6400000000000006,7.980000000000001,9.41
31,2.5599999999999996,-3.6400000000000006,7.790000000000001,9.63
31,-4.840000000000001,6.06,9.62,7.15
31,2.6599999999999993,-10.34,6.88,6.65
32,-13.440000000000001,-4.340000000000001,9.21,8.14
32,-7.94,3.8599999999999994,9.68,7.720000000000001
32,-5.640000000000001,-12.940000000000001,8.78,8.51
32,1.7599999999999993,-4.340000000000001,8.05,9.27
32,-4.140000000000001,-4.340000000000001,5.85,8.06
32,1.7599999999999993,4.959999999999999,7.38,5.74
32,3.1599999999999993,-10.040000000000001,6.68,5.62
33,-13.540000000000001,-4.040000000000001,9.28,8.04
33,-7.24,-12.14,9.2,8.08
33,-6.640000000000001,4.06,8.87,8.37
33,2.0599999999999996,-9.74,8.08,9.18
33,2.2599999999999993,-0.5400000000000006,8.65,8.57
33,-4.24,-4.040000000000001,6.02,8.07
34,-13.24,-4.94,7.57,9.73
34,-5.640000000000001,-12.940000000000001,7.85,9.38
34,-6.640000000000001,4.859999999999999,9.75,7.529999999999999
34,2.2599999999999993,-9.24,8.38,8.73
34,3.1599999999999993,-0.44000000000000056,7.57,9.55
34,-5.640000000000001,-3.5400000000000005,7.889999999999999,8.39
35,-13.440000000000001,-4.340000000000001,8.86,8.24
35,-5.840000000000001,3.9599999999999995,8.26,8.83
35,-7.340000000000001,-12.040000000000001,9.58,7.6
35,2.2599999999999993,-9.440000000000001,8.16,8.91
35,2.4599999999999995,-0.44000000000000056,9.26,7.85
35,-4.540000000000001,-4.340000000000001,6.779999999999999,8.14
36,-13.540000000000001,-4.040000000000001,9.52,7.63
36,-6.44,3.6599999999999993,8.19,8.86
36,-7.640000000000001,-11.84,9.42,7.7
36,1.7599999999999993,-4.040000000000001,7.9,9.18
36,1.8599999999999994,-10.64,7.389999999999999,6.58
36,-3.9400000000000004,-4.040000000000001,5.53,7.610000000000001
36,1.7599999999999993,5.159999999999999,7.32,5.59
37,-13.34,-4.640000000000001,7.85,9.22
37,-7.340000000000001,-12.040000000000001,9.9,7.31
37,-5.640000000000001,4.659999999999999,8.79,8.23
37,2.6599999999999993,-9.84,7.33,9.86
37,-5.44,-4.640000000000001,8.03,8.99
37,3.1599999999999993,0.05999999999999943,7.58,9.07
38,-13.440000000000001,-4.340000000000001,8.31,8.69
38,-6.24,-12.64,8.77,8.21
38,-5.040000000000001,-4.340000000000001,8.07,8.92
38,3.0599999999999996,-8.64,8.05,8.94
38,-4.24,4.659999999999999,8.23,8.74
38,4.06,0.35999999999999943,6.959999999999999,8.39
38,-9.940000000000001,4.659999999999999,5.65,5.21
39,-13.540000000000001,-4.040000000000001,9.77,7.35
39,-8.64,3.3599999999999994,9.3,7.720000000000001
39,-8.14,-11.540000000000001,9.69,7.4
39,0.7599999999999995,-4.040000000000001,7.75,9.25
39,1.5599999999999994,-10.540000000000001,7.75,6.470000000000001
39,0.7599999999999995,5.26,7.82,5.85
39,8.559999999999999,-3.6400000000000006,5.05,6.9
40,-13.34,-4.640000000000001,7.99,8.97
40,-7.140000000000001,4.359999999999999,9.29,7.709999999999999
40,-6.640000000000001,-12.440000000000001,9.26,7.730000000000001
40,2.1599999999999993,-4.640000000000001,7.69,9.29
40,-5.340000000000001,-4.640000000000001,7.4,8.87
40,2.1599999999999993,4.659999999999999,7.230000000000001,5.79
40,2.6599999999999993,-10.940000000000001,6.19,6.29
41,-13.24,-4.94,7.49,9.53
41,-7.140000000000001,4.659999999999999,9.61,7.4
41,-5.74,-12.84,8.03,8.85
41,-5.74,-3.9400000000000004,8.52,8.34
41,2.8599999999999994,-6.44,9.6,7.4
41,2.8599999999999994,1.0599999999999994,7.889999999999999,7.95
42,-13.34,-4.640000000000001,7.779999999999999,9.13
42,-5.540000000000001,-12.940000000000001,7.8,9.1
42,-5.840000000000001,4.56,8.56,8.27
42,2.3599999999999994,-9.940000000000001,7.590000000000001,9.3
42,2.7599999999999993,-0.5400000000000006,7.959999999999999,8.85
42,-5.540000000000001,-3.7400000000000007,7.88,8.29
43,-13.440000000000001,-4.340000000000001,8.13,8.66
43,-6.840000000000001,-12.34,8.89,7.9
43,-5.24,-4.340000000000001,7.76,9.04
43,-6.840000000000001,4.76,9.32,7.51
43,2.5599999999999996,-9.940000000000001,7.32,9.56
43,2.5599999999999996,-0.3400000000000006,7.889999999999999,8.85
44,-13.34,-4.640000000000001,7.529999999999999,9.27
44,-5.74,-12.84,8.47,8.22
44,-5.74,-4.540000000000001,7.6,9.11
44,-5.140000000000001,4.659999999999999,8.21,8.43
44,1.9599999999999995,-4.540000000000001,7.57,9.14
44,2.7599999999999993,-10.34,6.720000000000001,5.79
44,3.1599999999999993,4.659999999999999,5.87,6.06
45,-13.540000000000001,-4.040000000000001,8.65,7.99
45,-8.34,3.9599999999999995,9.36,7.37
45,-4.840000000000001,-13.24,7.019999999999999,9.78
45,1.0599999999999994,-3.4400000000000004,9.1,7.540000000000001
45,1.0599999999999994,4.159999999999999,8.09,6.590000000000001
45,2.2599999999999993,-10.74,6.889999999999999,7.269999999999999
45,-4.840000000000001,-3.4400000000000004,5.77,7.19
45,-10.040000000000001,-9.940000000000001,5.14,5.82
46,-13.24,-4.94,7.31,9.36
46,-5.840000000000001,-12.84,7.6,9.0
46,-7.340000000000001,4.459999999999999,9.09,7.519999999999999
46,1.7599999999999993,-3.7400000000000007,7.68,8.87
46,-5.840000000000001,-3.7400000000000007,7.33,8.11
46,1.8599999999999994,-10.14,7.88,6.36
46,1.7599999999999993,5.159999999999999,6.81,5.97
47,-13.64,-3.6400000000000006,9.44,7.209999999999999
47,-6.24,-12.64,7.62,8.92
47,-6.840000000000001,3.6599999999999993,7.889999999999999,8.61
47,-4.140000000000001,-3.6400000000000006,9.54,7.12
47,5.459999999999999,-6.640000000000001,6.909999999999999,9.8
47,1.0599999999999994,3.5599999999999996,8.22,6.970000000000001
47,1.4599999999999995,-11.74,6.38,5.06
48,-13.440000000000001,-4.340000000000001,8.04,8.44
48,-8.540000000000001,4.159999999999999,9.64,7.019999999999999
48,-5.340000000000001,-13.040000000000001,7.06,9.58
48,1.1599999999999995,-3.4400000000000004,7.24,9.34
48,1.7599999999999993,-10.24,7.88,6.790000000000001
48,-5.340000000000001,-3.4400000000000004,6.409999999999999,7.529999999999999
48,1.1599999999999995,5.959999999999999,7.1,5.39
48,8.459999999999999,-3.4400000000000004,5.04,7.26
49,-13.540000000000001,-4.040000000000001,8.57,7.88
49,-8.14,3.8599999999999994,8.8,7.67
49,-8.64,-11.14,9.51,7.090000000000001
49,-4.94,-4.040000000000001,9.7,6.93
49,4.859999999999999,-3.9400000000000004,8.66,7.75
49,0.7599999999999995,3.8599999999999994,8.03,7.06
49,0.9599999999999994,-10.84,8.04,6.769999999999999
50,-13.440000000000001,-4.340000000000001,7.720000000000001,8.67
50,-7.540000000000001,-11.940000000000001,8.9,7.51
50,-7.040000000000001,4.359999999999999,8.47,7.85
50,1.4599999999999995,-11.14,7.13,9.32
50,1.4599999999999995,-1.7400000000000007,9.73,6.82
50,-5.640000000000001,-4.340000000000001,6.980000000000001,8.62
50,1.4599999999999995,5.159999999999999,7.779999999999999,5.47
51,-13.24,-4.94,6.8,9.75
51,-6.340000000000001,-12.540000000000001,7.909999999999999,8.38
51,-7.540000000000001,4.859999999999999,9.43,7.019999999999999
51,1.6599999999999995,-10.940000000000001,7.17,9.23
51,1.9599999999999995,-1.6400000000000006,7.040000000000001,9.39
51,-6.340000000000001,-4.140000000000001,7.639999999999999,8.63
52,-13.64,-3.6400000000000006,9.13,7.230000000000001
52,-4.44,-13.34,6.75,9.77
52,-8.24,3.6599999999999993,8.46,7.790000000000001
52,0.25999999999999945,-3.5400000000000005,8.07,8.11
52,0.25999999999999945,4.659999999999999,8.03,6.68
52,2.3599999999999994,-9.74,7.779999999999999,6.17
52,8.36,-3.5400000000000005,5.09,7.769999999999999
52,-10.34,-9.64,5.89,5.99
53,-13.24,-4.94,6.730000000000001,9.71
53,-7.540000000000001,4.859999999999999,9.28,7.040000000000001
53,-7.040000000000001,-12.24,8.95,7.279999999999999
53,-6.44,-4.94,7.7,8.44
53,1.3599999999999994,-4.94,9.96,6.51
53,1.7599999999999993,1.6599999999999995,8.39,7.720000000000001
53,1.9599999999999995,-10.84,7.019999999999999,5.88
54,-13.34,-4.640000000000001,7.0,9.25
54,-6.24,-12.64,7.470000000000001,8.66
54,-6.24,-3.9400000000000004,7.779999999999999,8.31
54,-8.540000000000001,4.659999999999999,9.85,6.56
54,1.5599999999999994,-8.14,9.9,6.51
54,1.5599999999999994,-1.5400000000000005,7.5,8.58
55,-13.64,-3.6400000000000006,9.06,7.1
55,-6.640000000000001,3.5599999999999996,7.230000000000001,8.89
55,-9.14,-10.74,9.18,7.0
55,0.05999999999999943,-12.34,6.790000000000001,9.44
55,0.6599999999999995,-2.8400000000000007,7.12,8.99
55,7.859999999999999,-5.140000000000001,5.22,9.99
55,0.6599999999999995,6.159999999999999,7.090000000000001,5.55
55,-4.540000000000001,-2.8400000000000007,5.07,6.21
56,-13.64,-3.6400000000000006,9.04,7.08
56,-7.840000000000001,3.4599999999999995,7.779999999999999,8.22
56,-9.440000000000001,-10.440000000000001,9.44,6.769999999999999
56,-0.04000000000000057,-3.6400000000000006,8.01,7.959999999999999
56,0.05999999999999943,-10.74,9.0,7.06
56,-0.04000000000000057,4.359999999999999,8.72,6.67
56,8.059999999999999,-3.6400000000000006,5.39,7.889999999999999
57,-13.540000000000001,-4.040000000000001,8.57,7.4
57,-9.540000000000001,3.4599999999999995,9.32,6.8
57,-7.340000000000001,-12.040000000000001,7.95,7.959999999999999
57,-4.94,-4.040000000000001,8.51,7.42
57,-0.14000000000000057,3.4599999999999995,7.95,7.94
57,3.6599999999999993,-5.640000000000001,9.21,6.85
57,0.6599999999999995,-11.74,7.19,6.04
58,-13.34,-4.640000000000001,7.209999999999999,8.75
58,-6.040000000000001,-12.74,7.08,8.91
58,-6.040000000000001,-3.7400000000000007,7.029999999999999,8.97
58,-7.040000000000001,5.26,9.08,6.94
58,1.0599999999999994,-11.84,6.519999999999999,9.64
58,2.0599999999999996,-2.1400000000000006,6.659999999999999,9.43
59,-13.34,-4.640000000000001,6.840000000000001,9.15
59,-8.34,4.56,9.25,6.75
59,-7.540000000000001,-11.940000000000001,8.67,7.2
59,-6.44,-4.640000000000001,7.18,8.68
59,0.7599999999999995,-4.640000000000001,8.27,7.51
59,0.9599999999999994,2.9599999999999995,8.39,7.4
59,1.1599999999999995,-11.14,7.409999999999999,6.44
60,-13.540000000000001,-4.040000000000001,8.5,7.3
60,-9.34,3.3599999999999994,8.69,7.13
60,-5.640000000000001,-12.940000000000001,6.99,8.85
60,-4.94,-4.040000000000001,9.18,6.730000000000001
60,-0.6400000000000006,2.7599999999999993,6.860000000000001,9.0
60,4.26,-5.640000000000001,8.69,7.1
60,1.3599999999999994,-11.540000000000001,6.730000000000001,5.89
60,6.26,1.5599999999999994,5.13,6.659999999999999
61,-13.540000000000001,-4.040000000000001,8.08,7.63
61,-9.24,3.6599999999999993,8.83,6.980000000000001
61,-8.14,-11.540000000000001,8.26,7.44
61,-0.3400000000000006,-4.040000000000001,6.3,9.74
61,6.06,-6.44,6.43,9.54
61,0.15999999999999942,-12.74,5.83,8.58
61,-0.3400000000000006,5.76,8.53,5.67
61,-5.44,-4.040000000000001,5.02,7.590000000000001
62,-13.34,-4.640000000000001,6.76,9.07
62,-7.640000000000001,4.459999999999999,8.38,7.31
62,-7.840000000000001,-11.74,8.75,7.0
62,0.7599999999999995,-4.640000000000001,6.49,9.42
62,-6.540000000000001,-4.640000000000001,7.139999999999999,8.53
62,7.26,-5.340000000000001,5.77,9.93
62,0.7599999999999995,4.859999999999999,8.37,5.84
62,0.9599999999999994,-12.24,5.96,7.529999999999999
63,-13.440000000000001,-4.340000000000001,7.2,8.45
63,-9.040000000000001,4.159999999999999,9.21,6.6
63,-6.24,-12.64,7.360000000000001,8.25
63,-6.140000000000001,-4.340000000000001,9.93,6.11
63,0.25999999999999945,1.8599999999999994,8.84,6.840000000000001
63,3.8599999999999994,-9.74,6.2,9.75
64,-13.64,-3.6400000000000006,9.15,6.6
64,-10.24,3.0599999999999996,9.17,6.58
64,-8.24,-11.440000000000001,7.790000000000001,7.730000000000001
64,-1.0400000000000005,-3.6400000000000006,7.2,8.36
64,-0.44000000000000056,-12.540000000000001,6.83,8.81
64,6.26,-3.6400000000000006,6.68,9.0
64,-1.0400000000000005,4.76,7.209999999999999,7.85
65,-13.64,-3.6400000000000006,8.37,7.18
65,-8.540000000000001,3.5599999999999996,7.85,7.63
65,-5.24,-13.040000000000001,6.27,9.55
65,-0.6400000000000006,-3.4400000000000004,6.7,8.93
65,6.159999999999999,-4.840000000000001,7.029999999999999,8.5
65,-0.6400000000000006,5.56,8.59,6.07
65,1.0599999999999994,-10.84,7.99,5.89
65,-10.540000000000001,-9.34,5.14,5.64
66,-13.74,-3.2400000000000007,9.43,6.31
66,-9.64,-10.34,8.5,7.0
66,-10.64,3.1599999999999993,9.77,6.09
66,-1.0400000000000005,-11.74,8.76,6.790000000000001
66,-1.0400000000000005,-4.94,8.63,6.889999999999999
66,-0.8400000000000005,1.9599999999999995,7.01,8.48
66,7.659999999999999,-4.94,5.49,9.9
67,-13.34,-4.640000000000001,6.44,9.23
67,-6.840000000000001,-12.34,7.279999999999999,8.15
67,-6.840000000000001,-4.140000000000001,6.470000000000001,9.17
67,-0.3400000000000006,-4.140000000000001,6.889999999999999,8.61
67,6.56,-6.44,5.95,9.97
67,-5.340000000000001,5.06,7.459999999999999,7.92
67,0.4599999999999994,-12.440000000000001,6.05,8.2
67,2.1599999999999993,4.56,6.95,6.17
68,-13.540000000000001,-4.040000000000001,7.529999999999999,7.840000000000001
68,-8.74,3.8599999999999994,8.29,7.12
68,-5.94,-12.74,5.91,9.97
68,-0.44000000000000056,-2.7400000000000007,6.65,8.86
68,0.05999999999999943,-11.64,7.88,7.470000000000001
68,6.26,-4.140000000000001,6.860000000000001,8.58
68,-0.44000000000000056,6.159999999999999,8.43,5.37
68,-5.94,-2.7400000000000007,5.38,6.590000000000001
69,-13.24,-4.94,6.23,9.44
69,-8.74,4.56,9.14,6.42
69,-8.540000000000001,-11.24,9.37,6.26
69,-6.94,-4.94,9.38,6.25
69,0.4599999999999994,1.3599999999999994,9.21,6.36
69,2.4599999999999995,-10.64,6.720000000000001,8.71
70,-13.540000000000001,-4.040000000000001,7.720000000000001,7.56
70,-7.140000000000001,3.5599999999999996,6.840000000000001,8.52
70,-9.74,-10.24,9.5,6.13
70,-5.74,-4.040000000000001,9.69,6.0
70,-0.24000000000000057,2.0599999999999996,8.12,7.159999999999999
70,-0.14000000000000057,-11.040000000000001,8.82,6.590000000000001
70,3.9599999999999995,-4.44,9.05,6.4
71,-13.64,-3.6400000000000006,8.67,6.7
71,-10.64,3.1599999999999993,9.68,6.0
71,-8.940000000000001,-10.940000000000001,8.02,7.24
71,-0.9400000000000006,-3.6400000000000006,7.209999999999999,8.02
71,-0.9400000000000006,4.459999999999999,9.78,5.91
71,-0.8400000000000005,-11.34,9.13,6.33
71,6.359999999999999,-4.94,6.42,8.87
72,-13.540000000000001,-4.040000000000001,7.269999999999999,7.9
72,-7.840000000000001,3.9599999999999995,7.35,7.75
72,-9.64,-10.34,9.14,6.23
72,-6.24,-4.040000000000001,8.94,6.35
72,-0.44000000000000056,-12.24,7.37,7.7
72,-0.44000000000000056,2.3599999999999994,8.69,6.519999999999999
72,2.7599999999999993,-4.44,9.33,6.06
73,-13.64,-3.6400000000000006,8.55,6.6
73,-9.74,3.0599999999999996,8.0,7.05
73,-10.14,-9.84,9.13,6.17
73,-5.040000000000001,-3.6400000000000006,8.63,6.519999999999999
73,-1.6400000000000006,2.9599999999999995,7.610000000000001,7.389999999999999
73,-0.9400000000000006,-12.540000000000001,7.35,7.63
73,3.6599999999999993,-4.840000000000001,7.269999999999999,7.7
74,-13.64,-3.6400000000000006,7.87,7.110000000000001
74,-10.34,-9.64,9.46,5.91
74,-5.74,-3.6400000000000006,5.91,9.46
74,-7.340000000000001,5.859999999999999,9.09,6.12
74,-0.8400000000000005,-11.540000000000001,8.98,6.19
74,0.25999999999999945,-5.340000000000001,7.029999999999999,7.9
74,7.359999999999999,-5.140000000000001,5.71,9.72
74,1.7599999999999993,2.6599999999999993,5.53,9.35
75,-13.74,-3.2400000000000007,9.25,6.0
75,-10.440000000000001,2.8599999999999994,8.46,6.55
75,-7.540000000000001,-11.940000000000001,6.39,8.67
75,-4.44,-3.2400000000000007,9.7,5.71
75,-1.9400000000000006,2.5599999999999996,8.6,6.42
75,-1.1400000000000006,-12.34,7.959999999999999,6.93
75,5.359999999999999,-5.340000000000001,7.06,7.81
76,-13.440000000000001,-4.340000000000001,6.610000000000001,8.34
76,-8.540000000000001,4.06,7.75,7.110000000000001
76,-9.24,-10.64,8.88,6.2
76,-6.74,-4.340000000000001,7.470000000000001,7.360000000000001
76,-0.7400000000000005,3.0599999999999996,8.58,6.4
76,0.7599999999999995,-12.34,5.91,9.28
76,0.7599999999999995,-3.0400000000000005,9.4,5.8
77,-13.440000000000001,-4.340000000000001,6.35,8.61
77,-9.24,-10.64,8.8,6.2
77,-9.74,4.359999999999999,9.39,5.79
77,-7.040000000000001,-4.340000000000001,9.75,5.57
77,-0.3400000000000006,1.2599999999999993,5.88,9.23
77,-0.3400000000000006,-11.940000000000001,7.76,6.99
77,5.56,-4.94,6.32,8.58
78,-13.440000000000001,-4.340000000000001,6.540000000000001,8.27
78,-9.64,3.9599999999999995,8.72,6.2
78,-6.840000000000001,-12.34,5.63,9.6
78,-1.1400000000000006,-12.540000000000001,7.409999999999999,7.290000000000001
78,-1.1400000000000006,-5.24,6.65,8.1
78,-0.8400000000000005,2.9599999999999995,5.44,9.88
78,5.56,-5.24,5.6,9.58
78,-6.840000000000001,-2.6400000000000006,5.51,6.590000000000001
78,4.659999999999999,4.359999999999999,5.21,5.54
79,-13.34,-4.640000000000001,6.13,8.75
79,-7.140000000000001,-12.14,5.72,9.36
79,-10.040000000000001,4.159999999999999,9.4,5.69
79,-7.140000000000001,-2.7400000000000007,9.85,5.43
79,-1.3400000000000005,-11.24,9.77,5.47
79,-0.5400000000000006,2.7599999999999993,9.91,5.39
79,2.7599999999999993,-5.74,8.08,6.610000000000001
80,-13.64,-3.6400000000000006,7.610000000000001,7.01
80,-8.14,3.4599999999999995,6.659999999999999,8.0
80,-9.440000000000001,-10.440000000000001,7.92,6.709999999999999
80,-1.4400000000000006,-12.84,7.18,7.4
80,-1.4400000000000006,-5.340000000000001,6.27,8.47
80,-1.4400000000000006,3.1599999999999993,9.01,5.89
80,4.859999999999999,-5.340000000000001,8.0,6.62
81,-13.540000000000001,-4.040000000000001,6.610000000000001,8.0
81,-8.540000000000001,-11.24,7.409999999999999,7.13
81,-6.840000000000001,-4.040000000000001,6.06,8.68
81,-3.9400000000000004,4.659999999999999,5.97,8.81
81,-1.0400000000000005,-12.540000000000001,7.340000000000001,7.159999999999999
81,-0.7400000000000005,-5.340000000000001,5.76,9.12
81,5.06,-5.340000000000001,5.54,9.48
81,2.0599999999999996,4.159999999999999,7.0,6.58
81,-9.84,4.659999999999999,5.6,5.33
82,-13.84,-2.8400000000000007,9.62,5.45
82,-10.040000000000001,2.6599999999999993,7.279999999999999,7.19
82,-9.64,-10.34,7.0,7.470000000000001
82,-2.7400000000000007,-2.8400000000000007,7.75,6.74
82,-2.7400000000000007,3.9599999999999995,9.7,5.38
82,-2.5400000000000005,-13.64,5.86,8.89
82,5.06,-6.640000000000001,7.33,7.1
82,7.06,0.5599999999999994,5.26,6.27
83,-13.74,-3.2400000000000007,8.82,5.9
83,-10.14,2.7599999999999993,7.529999999999999,6.909999999999999
83,-9.14,-10.74,6.99,7.44
83,-4.840000000000001,-3.2400000000000007,9.52,5.46
83,-2.5400000000000005,2.2599999999999993,5.89,8.8
83,-2.1400000000000006,-13.440000000000001,6.27,8.26
83,4.76,-9.440000000000001,5.62,9.21
83,4.76,-0.14000000000000057,6.480000000000001,7.980000000000001
84,-13.74,-3.2400000000000007,9.04,5.71
84,-9.84,2.5599999999999996,6.959999999999999,7.409999999999999
84,-10.440000000000001,-9.440000000000001,8.4,6.13
84,-2.8400000000000007,-3.2400000000000007,7.13,7.209999999999999
84,-2.8400000000000007,4.06,5.78,8.89
84,-1.9400000000000006,-13.540000000000001,5.62,9.14
84,4.359999999999999,-8.74,6.659999999999999,7.7
84,4.359999999999999,-0.9400000000000006,5.96,8.6
85,-13.74,-3.2400000000000007,7.99,6.39
85,-9.940000000000001,-10.040000000000001,7.6,6.709999999999999
85,-10.34,3.1599999999999993,7.99,6.38
85,-5.74,-3.2400000000000007,9.54,5.33
85,-2.3400000000000007,2.1599999999999993,6.01,8.45
85,-2.2400000000000007,-11.940000000000001,9.71,5.23
85,3.8599999999999994,-5.340000000000001,9.18,5.53
85,3.8599999999999994,0.25999999999999945,8.21,6.18
86,-13.24,-4.94,5.19,9.76
86,-8.040000000000001,-11.540000000000001,6.18,8.19
86,-8.040000000000001,-3.3400000000000007,6.36,7.95
86,-9.84,4.859999999999999,9.82,5.13
86,-1.8400000000000005,-12.540000000000001,8.16,6.16
86,-1.6400000000000006,-6.340000000000001,5.2,9.66
86,0.05999999999999943,3.3599999999999994,7.019999999999999,7.13
86,3.6599999999999993,-6.340000000000001,7.860000000000001,6.36
86,7.159999999999999,0.05999999999999943,5.27,6.590000000000001
87,-13.440000000000001,-4.340000000000001,6.11,8.18
87,-7.24,-12.14,5.79,8.62
87,-10.24,3.8599999999999994,8.63,5.78
87,-7.24,-3.4400000000000004,8.76,5.68
87,-1.5400000000000005,2.2599999999999993,5.31,9.33
87,-1.4400000000000006,-12.34,8.12,6.09
87,1.5599999999999994,-6.24,6.6,7.480000000000001
87,3.8599999999999994,1.2599999999999993,7.7,6.409999999999999
88,-13.440000000000001,-4.340000000000001,5.73,8.61
88,-7.640000000000001,-11.84,5.3,9.3
88,-7.640000000000001,-2.4400000000000004,6.02,8.18
88,-2.2400000000000007,-13.64,5.54,8.88
88,-1.5400000000000005,-4.74,5.58,8.79
88,-6.24,5.76,7.159999999999999,6.85
88,4.06,-10.14,5.69,8.61
88,0.9599999999999994,4.06,8.3,5.9
88,4.06,-1.4400000000000006,8.83,5.49
89,-13.74,-3.2400000000000007,8.23,5.95
89,-11.24,2.7599999999999993,8.61,5.67
89,-7.24,-12.14,5.54,8.81
89,-2.5400000000000005,-3.2400000000000007,7.12,6.85
89,-2.5400000000000005,3.6599999999999993,5.91,8.23
89,-1.6400000000000006,-13.440000000000001,5.8,8.38
89,4.659999999999999,-5.840000000000001,8.18,5.94
89,4.659999999999999,0.15999999999999942,5.84,8.32
90,-13.440000000000001,-4.340000000000001,5.82,8.34
90,-9.940000000000001,4.06,8.29,5.83
90,-10.040000000000001,-9.940000000000001,8.64,5.59
90,-7.540000000000001,-4.340000000000001,7.659999999999999,6.3
90,-1.6400000000000006,2.0599999999999996,8.51,5.67
90,-1.3400000000000005,-13.34,5.8,8.31
90,4.56,-9.74,5.59,8.62
90,6.959999999999999,-1.0400000000000005,5.13,8.15
90,-1.6400000000000006,7.76,6.95,5.24
91,-13.74,-3.2400000000000007,8.11,5.92
91,-8.540000000000001,2.7599999999999993,5.68,8.45
91,-7.94,-11.64,5.75,8.32
91,-5.540000000000001,-3.2400000000000007,8.4,5.68
91,-2.8400000000000007,2.4599999999999995,5.23,9.12
91,-2.1400000000000006,-13.74,5.37,8.88
91,2.4599999999999995,2.4599999999999995,5.11,9.33
91,3.2599999999999993,-10.74,5.8,8.22
91,7.659999999999999,-2.4400000000000004,5.09,8.2
92,-13.84,-2.8400000000000007,8.73,5.45
92,-9.84,2.6599999999999993,6.45,7.37
92,-11.540000000000001,-8.14,9.29,5.11
92,-3.3400000000000007,-2.9400000000000004,7.75,6.1
92,-3.3400000000000007,3.2599999999999993,5.21,9.07
92,-2.2400000000000007,-13.64,5.67,8.3
92,1.9599999999999995,3.2599999999999993,7.33,6.42
92,4.459999999999999,-7.94,7.12,6.6
93,-13.540000000000001,-4.040000000000001,5.93,7.889999999999999
93,-7.540000000000001,-11.940000000000001,5.69,8.22
93,-8.74,3.8599999999999994,6.55,7.139999999999999
93,-7.540000000000001,-3.6400000000000006,9.15,5.11
93,-2.1400000000000006,1.5599999999999994,8.07,5.79
93,-1.8400000000000005,-12.24,8.75,5.34
93,1.6599999999999995,-6.840000000000001,8.19,5.7
93,5.959999999999999,-1.0400000000000005,5.98,7.779999999999999
93,-2.1400000000000006,7.359999999999999,8.27,5.29
94,-13.84,-2.8400000000000007,8.58,5.42
94,-11.440000000000001,2.6599999999999993,8.34,5.57
94,-10.540000000000001,-9.34,7.230000000000001,6.42
94,-3.2400000000000007,-13.74,6.05,7.659999999999999
94,-3.2400000000000007,-6.040000000000001,7.709999999999999,6.01
94,-3.0400000000000005,0.05999999999999943,6.01,7.709999999999999
94,3.0599999999999996,0.05999999999999943,5.41,8.55
94,4.56,-8.34,6.76,6.81
94,-4.24,8.26,7.029999999999999,5.12
95,-13.84,-2.8400000000000007,8.97,5.13
95,-8.64,2.3599999999999994,5.24,8.77
95,-11.34,-8.440000000000001,8.49,5.41
95,-3.3400000000000007,-2.9400000000000004,8.28,5.54
95,-3.3400000000000007,2.6599999999999993,5.15,8.89
95,-2.8400000000000007,-13.84,5.51,8.3
95,1.8599999999999994,2.6599999999999993,5.03,9.09
95,2.7599999999999993,-10.34,6.76,6.74
95,6.959999999999999,-3.5400000000000005,6.590000000000001,6.88
96,-13.84,-2.8400000000000007,8.77,5.16
96,-11.84,2.3599999999999994,8.6,5.25
96,-8.14,-11.540000000000001,5.24,8.61
96,-3.1400000000000006,-2.8400000000000007,5.74,7.85
96,-5.840000000000001,7.659999999999999,8.73,5.16
96,-2.8400000000000007,-12.74,8.79,5.1
96,2.6599999999999993,-7.540000000000001,8.39,5.34
96,2.6599999999999993,-2.1400000000000006,6.480000000000001,6.9
96,2.9599999999999995,4.859999999999999,6.529999999999999,5.42
97,-13.64,-3.6400000000000006,6.13,7.279999999999999
97,-8.940000000000001,-10.940000000000001,6.17,7.220000000000001
97,-10.64,3.6599999999999993,8.0,5.55
97,-2.7400000000000007,-13.84,5.13,8.65
97,-2.7400000000000007,-5.140000000000001,5.65,7.85
97,-2.5400000000000005,2.7599999999999993,5.9,7.51
97,2.9599999999999995,-10.540000000000001,6.31,6.99
97,3.4599999999999995,-3.5400000000000005,5.7,7.730000000000001
97,3.4599999999999995,4.26,6.06,6.05
98,-13.74,-3.2400000000000007,7.209999999999999,6.09
98,-11.24,2.8599999999999994,7.83,5.6
98,-8.74,-11.040000000000001,5.61,7.779999999999999
98,-6.44,-3.2400000000000007,7.31,5.97
98,-3.3400000000000007,2.7599999999999993,8.59,5.08
98,-3.0400000000000005,-13.64,6.34,6.88
98,0.9599999999999994,-6.74,5.85,7.42
98,5.26,0.7599999999999995,6.05,7.17
98,-3.3400000000000007,7.859999999999999,8.27,5.22
98,6.859999999999999,-7.540000000000001,5.04,8.24
99,-13.540000000000001,-4.040000000000001,5.76,7.519999999999999
99,-9.74,3.5599999999999996,6.6,6.55
99,-9.24,-10.64,6.529999999999999,6.590000000000001
99,-7.74,-4.040000000000001,8.13,5.29
99,-3.0400000000000005,1.2599999999999993,5.3,8.1
99,-2.6400000000000006,-13.440000000000001,6.720000000000001,6.38
99,0.4599999999999994,-7.040000000000001,5.43,7.889999999999999
99,2.3599999999999994,0.8599999999999994,8.3,5.16
99,5.959999999999999,-8.34,5.3,8.06
100,-13.64,-3.6400000000000006,6.24,6.83
100,-9.540000000000001,3.2599999999999993,6.01,7.07
100,-7.94,-11.64,5.35,7.93
100,-7.340000000000001,-3.6400000000000006,8.0,5.3
100,-3.4400000000000004,1.7599999999999993,6.69,6.3
100,-2.5400000000000005,-13.34,6.9,6.1
100,0.7599999999999995,-7.140000000000001,6.970000000000001,5.99
100,3.2599999999999993,-1.1400000000000006,5.27,7.909999999999999
100,-3.4400000000000004,8.16,7.970000000000001,5.18
100,8.559999999999999,-3.6400000000000006,5.05,6.840000000000001
101,-13.84,-2.8400000000000007,7.43,5.61
101,-10.24,-9.74,6.04,6.88
101,-11.24,2.8599999999999994,7.42,5.59
101,-6.340000000000001,-2.8400000000000007,7.35,5.63
101,-4.140000000000001,-13.440000000000001,5.04,8.19
101,-3.7400000000000007,2.8599999999999994,5.38,7.67
101,0.9599999999999994,-10.940000000000001,7.87,5.24
101,1.0599999999999994,-5.640000000000001,7.139999999999999,5.77
101,1.6599999999999995,0.15999999999999942,6.21,6.62
101,8.26,-4.24,5.16,7.92
102,-13.64,-3.6400000000000006,6.17,6.659999999999999
102,-9.34,3.0599999999999996,5.52,7.43
102,-9.040000000000001,-10.84,5.74,7.12
102,-7.44,-3.6400000000000006,7.639999999999999,5.34
102,-3.7400000000000007,1.7599999999999993,6.15,6.62
102,-3.2400000000000007,-13.24,8.1,5.02
102,0.25999999999999945,-8.14,5.85,6.93
102,2.4599999999999995,-1.1400000000000006,5.97,6.790000000000001
102,8.459999999999999,-3.9400000000000004,5.05,7.74
102,-3.6400000000000006,8.459999999999999,6.88,5.14
103,-13.540000000000001,-4.040000000000001,5.18,7.82
103,-10.84,3.8599999999999994,7.790000000000001,5.17
103,-10.040000000000001,-9.940000000000001,6.82,5.89
103,-8.34,-4.040000000000001,6.68,6.01
103,-3.1400000000000006,-13.34,7.74,5.17
103,-3.0400000000000005,2.0599999999999996,5.47,7.31
103,-1.6400000000000006,-8.14,6.74,5.92
103,2.4599999999999995,-2.1400000000000006,6.56,6.05
103,2.4599999999999995,3.9599999999999995,7.269999999999999,5.38
103,5.159999999999999,-9.040000000000001,5.64,6.87
104,-13.84,-2.8400000000000007,7.8,5.01
104,-10.14,2.2599999999999993,5.26,7.42
104,-11.440000000000001,-8.24,7.279999999999999,5.36
104,-4.840000000000001,-2.8400000000000007,5.3,7.360000000000001
104,-4.840000000000001,4.56,7.15,5.45
104,-4.140000000000001,-13.440000000000001,5.33,7.3
104,0.5599999999999994,-6.040000000000001,5.77,6.74
104,2.3599999999999994,0.7599999999999995,5.87,6.610000000000001
104,6.359999999999999,-7.840000000000001,5.35,7.24
105,-13.64,-3.6400000000000006,5.62,6.88
105,-9.440000000000001,3.2599999999999993,5.4,7.13
105,-10.940000000000001,-8.940000000000001,7.389999999999999,5.21
105,-7.94,-3.6400000000000006,5.72,6.7
105,-3.9400000000000004,3.1599999999999993,6.15,6.21
105,-3.5400000000000005,-13.540000000000001,7.38,5.16
105,-2.1400000000000006,-8.34,6.540000000000001,5.81
105,-2.1400000000000006,-2.4400000000000004,7.409999999999999,5.11
105,2.2599999999999993,2.7599999999999993,5.38,7.0
105,4.459999999999999,-8.34,6.889999999999999,5.44
105,5.359999999999999,-2.8400000000000007,7.090000000000001,5.27
106,-13.64,-3.6400000000000006,5.5,6.790000000000001
106,-10.84,3.1599999999999993,6.4,5.83
106,-10.440000000000001,-9.440000000000001,6.519999999999999,5.72
106,-4.340000000000001,-3.6400000000000006,5.42,6.83
106,-4.340000000000001,3.2599999999999993,5.44,6.779999999999999
106,-3.8400000000000007,-13.540000000000001,6.860000000000001,5.35
106,1.1599999999999995,-8.14,5.95,6.16
106,1.1599999999999995,-1.9400000000000006,6.63,5.51
106,1.1599999999999995,3.6599999999999993,5.41,6.730000000000001
106,7.859999999999999,-4.24,5.5,6.6
107,-13.84,-2.8400000000000007,6.69,5.42
107,-11.440000000000001,2.6599999999999993,6.519999999999999,5.5
107,-11.040000000000001,-8.74,6.01,5.83
107,-4.94,-13.24,5.44,6.4
107,-4.94,-6.74,5.76,6.02
107,-4.840000000000001,-0.6400000000000006,6.840000000000001,5.02
107,-4.840000000000001,4.459999999999999,5.21,6.519999999999999
107,0.4599999999999994,4.459999999999999,6.13,5.52
107,0.8599999999999994,-12.440000000000001,5.79,5.84
107,0.8599999999999994,-6.540000000000001,5.99,5.64
107,6.659999999999999,-0.8400000000000005,5.48,6.15
107,6.859999999999999,-7.540000000000001,5.02,6.68
108,-13.84,-2.8400000000000007,5.98,5.61
108,-10.940000000000001,-8.940000000000001,5.63,5.92
108,-10.74,2.8599999999999994,5.34,6.22
108,-7.840000000000001,-2.9400000000000004,5.84,5.62
108,-5.340000000000001,2.7599999999999993,5.01,6.5
108,-5.24,-13.040000000000001,5.26,6.14
108,-1.9400000000000006,-6.840000000000001,6.13,5.21
108,-0.24000000000000057,-1.5400000000000005,5.24,6.05
108,-0.24000000000000057,4.56,5.36,5.9
108,0.05999999999999943,-12.74,5.9,5.34
108,4.26,-7.340000000000001,6.0,5.25
