Instance: CBPP
Bin radius: 14.14
Rotate enable: false
Bin num: 38
Bin id,X coordinate of lower left corner,Y coordinate of lower left corner,Item's width,Item's height
1,-13.24,-4.94,4.96,9.83
1,-8.24,-11.440000000000001,4.82,9.94
1,-8.24,-1.4400000000000006,4.84,9.79
1,-3.3400000000000007,-13.64,4.91,9.54
1,-3.3400000000000007,-4.040000000000001,4.92,9.52
1,1.6599999999999995,-12.540000000000001,4.61,9.98
1,1.6599999999999995,-2.5400000000000005,4.89,9.39
1,6.56,-8.64,4.57,9.99
1,-3.3400000000000007,5.56,4.94,7.909999999999999
1,6.56,1.3599999999999994,4.87,6.769999999999999
1,1.6599999999999995,6.859999999999999,4.5,5.76
1,11.459999999999999,-4.540000000000001,1.85,9.07
1,-9.940000000000001,-10.040000000000001,1.4,5.04
1,-9.64,4.959999999999999,1.3,5.26
2,-13.24,-4.94,4.65,9.78
2,-8.540000000000001,-11.24,4.59,9.89
2,-8.540000000000001,-1.3400000000000005,4.76,9.31
2,-3.9400000000000004,-13.540000000000001,4.96,8.91
2,-3.7400000000000007,-4.540000000000001,4.56,9.69
2,0.8599999999999994,-4.540000000000001,4.98,8.85
2,5.859999999999999,-9.34,4.65,9.44
2,5.859999999999999,0.15999999999999942,4.99,8.73
2,-3.6400000000000006,5.159999999999999,4.98,8.47
2,1.0599999999999994,-12.84,4.76,8.22
2,1.3599999999999994,4.359999999999999,4.4,8.29
2,10.86,-5.140000000000001,2.25,9.92
2,-9.940000000000001,-10.040000000000001,1.35,5.03
2,-9.84,4.859999999999999,1.24,5.13
3,-13.34,-4.640000000000001,4.78,9.15
3,-8.540000000000001,-11.24,4.97,8.74
3,-8.540000000000001,-2.4400000000000004,4.89,8.88
3,-3.6400000000000006,-2.4400000000000004,4.57,9.37
3,-3.5400000000000005,-13.64,4.74,8.99
3,0.9599999999999994,-4.640000000000001,4.6,9.21
3,5.659999999999999,-9.440000000000001,4.77,8.84
3,5.659999999999999,-0.5400000000000006,4.74,8.89
3,0.9599999999999994,4.659999999999999,4.62,8.16
3,1.2599999999999993,-12.940000000000001,4.39,8.11
3,-3.9400000000000004,6.959999999999999,4.63,6.56
3,10.459999999999999,-5.140000000000001,2.64,9.98
3,-7.94,6.459999999999999,3.81,5.16
3,-9.84,-10.14,1.29,5.42
3,-10.040000000000001,4.56,1.28,5.21
4,-13.34,-4.640000000000001,4.71,8.92
4,-8.540000000000001,-11.24,4.8,8.74
4,-8.540000000000001,-2.4400000000000004,4.88,8.58
4,-3.6400000000000006,-13.64,4.32,9.57
4,-3.6400000000000006,-4.040000000000001,4.52,9.1
4,0.9599999999999994,-13.040000000000001,4.2,9.74
4,0.9599999999999994,-3.2400000000000007,4.09,9.96
4,5.06,-3.2400000000000007,4.79,8.49
4,-3.6400000000000006,5.159999999999999,4.55,7.970000000000001
4,9.86,-5.140000000000001,3.2599999999999993,9.96
4,5.26,-10.040000000000001,4.51,6.639999999999999
4,0.9599999999999994,6.76,4.76,6.09
4,-8.24,6.159999999999999,4.57,5.26
4,5.76,5.26,3.5799999999999996,5.17
4,-10.440000000000001,4.359999999999999,1.86,5.08
4,-9.84,-10.14,1.21,5.45
5,-13.440000000000001,-4.340000000000001,4.76,8.5
5,-8.64,-11.14,4.61,8.76
5,-8.64,-2.3400000000000007,4.41,9.13
5,-4.140000000000001,-2.3400000000000007,4.66,8.63
5,-3.9400000000000004,-13.540000000000001,4.81,8.35
5,0.5599999999999994,-5.140000000000001,4.23,9.48
5,4.859999999999999,-10.64,4.3,9.32
5,4.859999999999999,-1.2400000000000007,4.45,9.0
5,9.36,-5.140000000000001,3.7599999999999993,9.95
5,-2.7400000000000007,6.359999999999999,4.88,7.45
5,0.9599999999999994,-13.24,3.81,7.94
5,-7.540000000000001,6.859999999999999,4.71,5.04
5,2.1599999999999993,4.359999999999999,2.62,8.58
5,-10.440000000000001,4.26,1.78,5.13
5,-10.440000000000001,-9.440000000000001,1.72,5.07
6,-13.24,-4.94,4.23,9.4
6,-8.940000000000001,-10.940000000000001,4.09,9.69
6,-8.940000000000001,-1.2400000000000007,4.16,9.51
6,-4.840000000000001,-13.24,4.53,8.73
6,-4.74,-4.44,4.33,9.12
6,-4.24,4.76,4.57,8.61
6,-0.3400000000000006,-4.44,4.7,8.34
6,0.35999999999999943,3.9599999999999995,4.25,9.22
6,-0.24000000000000057,-13.440000000000001,4.45,8.79
6,4.459999999999999,-11.24,4.07,9.59
6,4.659999999999999,-1.6400000000000006,4.93,7.889999999999999
6,9.66,-5.140000000000001,3.45,9.96
6,4.659999999999999,6.26,3.05,5.22
6,8.559999999999999,-10.24,1.05,8.5
7,-13.540000000000001,-4.040000000000001,4.93,7.889999999999999
7,-8.540000000000001,-11.24,4.95,7.85
7,-8.540000000000001,-3.3400000000000007,4.1,9.42
7,-4.340000000000001,-3.3400000000000007,4.04,9.54
7,-3.5400000000000005,-13.64,4.23,9.11
7,-0.24000000000000057,-4.44,4.93,7.81
7,-0.24000000000000057,3.4599999999999995,4.98,7.709999999999999
7,0.7599999999999995,-13.040000000000001,4.5,8.52
7,4.76,-4.44,4.0,9.58
7,8.86,-4.840000000000001,4.35,8.75
7,-5.140000000000001,6.26,4.78,6.82
7,4.76,5.159999999999999,4.72,5.17
7,5.359999999999999,-9.940000000000001,4.5,5.05
7,-8.540000000000001,6.159999999999999,3.15,5.03
7,-10.84,3.8599999999999994,2.27,5.06
7,-10.74,-9.14,2.19,5.05
8,-13.24,-4.94,4.01,9.42
8,-9.14,-10.74,3.8199999999999994,9.81
8,-9.14,-0.8400000000000005,4.77,7.8
8,-5.24,-13.040000000000001,4.78,7.75
8,-4.340000000000001,-5.24,4.12,8.98
8,-4.340000000000001,3.7599999999999993,4.07,9.09
8,-0.44000000000000056,-13.34,4.86,7.610000000000001
8,-0.24000000000000057,3.7599999999999993,4.32,8.56
8,-0.14000000000000057,-5.640000000000001,4.72,7.81
8,4.659999999999999,-11.14,3.9300000000000006,9.34
8,4.659999999999999,-1.7400000000000007,3.7400000000000007,9.81
8,8.66,-6.24,3.9900000000000007,9.19
8,8.459999999999999,2.9599999999999995,2.76,5.28
8,-6.840000000000001,7.06,2.45,5.21
8,12.66,-3.2400000000000007,1.06,6.23
9,-13.24,-4.94,3.91,9.37
9,-9.24,-10.64,4.64,7.790000000000001
9,-9.24,-2.8400000000000007,4.89,7.37
9,-6.640000000000001,4.56,4.56,7.889999999999999
9,-4.540000000000001,-13.34,4.53,7.92
9,-4.340000000000001,-5.340000000000001,4.73,7.58
9,-2.0400000000000005,2.2599999999999993,4.04,8.85
9,0.4599999999999994,-13.34,4.14,8.62
9,2.0599999999999996,-4.640000000000001,4.81,7.4
9,2.0599999999999996,2.8599999999999994,4.44,8.0
9,6.959999999999999,-8.540000000000001,4.27,8.31
9,6.959999999999999,-0.14000000000000057,4.67,7.590000000000001
9,4.659999999999999,-12.24,2.28,7.49
9,-9.74,4.56,3.06,5.58
9,11.66,-4.840000000000001,1.58,9.69
9,0.4599999999999994,-4.640000000000001,1.56,6.540000000000001
10,-13.34,-4.640000000000001,4.03,8.77
10,-9.24,-10.64,3.95,8.92
10,-9.24,-1.6400000000000006,4.61,7.639999999999999
10,-5.24,-13.040000000000001,3.97,8.86
10,-4.540000000000001,-4.140000000000001,4.16,8.44
10,-4.540000000000001,4.359999999999999,4.27,8.21
10,-1.2400000000000007,-13.74,4.29,8.16
10,-0.3400000000000006,-5.540000000000001,4.15,8.43
10,-0.24000000000000057,2.9599999999999995,4.49,7.76
10,3.8599999999999994,-11.540000000000001,4.19,8.3
10,4.26,-3.1400000000000006,3.69,9.4
10,7.959999999999999,-3.1400000000000006,3.81,9.08
10,-8.24,6.06,3.6800000000000006,5.32
10,4.26,6.359999999999999,3.72,5.11
10,8.059999999999999,-8.84,2.85,5.65
10,11.86,-3.9400000000000004,1.69,7.779999999999999
11,-13.24,-4.94,3.55,9.74
11,-9.64,-10.34,4.5,7.68
11,-9.64,-2.6400000000000006,4.08,8.46
11,-5.540000000000001,-2.6400000000000006,4.49,7.68
11,-5.040000000000001,-13.14,3.81,9.04
11,-5.540000000000001,5.06,4.75,7.25
11,-1.1400000000000006,-13.64,4.71,7.3
11,-1.0400000000000005,-6.24,3.8199999999999994,8.99
11,-0.7400000000000005,2.7599999999999993,3.81,9.0
11,2.8599999999999994,-6.24,4.88,7.01
11,3.1599999999999993,0.8599999999999994,4.18,8.18
11,7.76,-6.640000000000001,4.65,7.35
11,7.359999999999999,0.8599999999999994,4.39,6.779999999999999
11,3.6599999999999993,-11.74,4.06,5.42
11,-8.74,5.859999999999999,3.05,5.13
11,12.459999999999999,-3.6400000000000006,1.19,7.090000000000001
12,-13.540000000000001,-4.040000000000001,4.32,7.909999999999999
12,-9.14,-10.74,4.36,7.83
12,-9.14,-2.8400000000000007,3.69,9.24
12,-5.44,-2.8400000000000007,3.85,8.83
12,-4.74,-13.24,3.65,9.31
12,-3.6400000000000006,6.06,4.48,7.51
12,-1.5400000000000005,-3.8400000000000007,4.39,7.659999999999999
12,-1.0400000000000005,-13.74,4.17,8.05
12,0.8599999999999994,3.8599999999999994,3.7400000000000007,8.96
12,2.8599999999999994,-5.640000000000001,3.8600000000000003,8.68
12,4.659999999999999,3.0599999999999996,4.57,7.3
12,6.76,-9.14,3.9799999999999995,8.37
12,3.1599999999999993,-12.34,3.5799999999999996,6.6
12,9.26,-0.7400000000000005,3.34,6.959999999999999
12,-7.840000000000001,6.459999999999999,4.16,5.25
12,10.76,-6.44,1.77,5.66
12,12.66,-3.2400000000000007,1.08,6.09
12,-10.34,-9.64,1.17,5.52
12,-10.540000000000001,3.9599999999999995,1.19,5.3
13,-13.34,-4.640000000000001,3.6800000000000006,9.03
13,-9.64,-10.34,3.63,9.15
13,-9.64,-1.1400000000000006,3.8,8.72
13,-5.94,-12.74,3.63,9.1
13,-5.74,-3.5400000000000005,4.64,7.07
13,-5.74,3.5599999999999996,4.0,8.17
13,-2.2400000000000007,-13.940000000000001,4.48,7.279999999999999
13,-1.6400000000000006,3.5599999999999996,3.97,8.2
13,-1.0400000000000005,-6.640000000000001,4.04,8.03
13,2.3599999999999994,1.4599999999999995,3.8299999999999996,8.46
13,3.0599999999999996,-12.540000000000001,3.2599999999999993,9.93
13,6.26,-2.5400000000000005,3.84,8.42
13,10.16,-5.140000000000001,2.97,10.0
13,6.359999999999999,-9.940000000000001,3.56,7.25
13,6.26,5.959999999999999,1.95,5.41
14,-13.440000000000001,-4.340000000000001,3.8199999999999994,8.46
14,-9.540000000000001,-10.34,3.6800000000000006,8.78
14,-9.540000000000001,-1.5400000000000005,3.28,9.85
14,-6.24,-1.5400000000000005,3.78,8.52
14,-5.840000000000001,-12.84,3.62,8.89
14,-2.4400000000000004,-3.9400000000000004,3.71,8.64
14,-2.1400000000000006,-13.940000000000001,3.31,9.67
14,1.3599999999999994,-13.24,3.3199999999999994,9.61
14,-2.4400000000000004,4.76,4.2,7.57
14,1.3599999999999994,-3.5400000000000005,3.85,8.23
14,5.26,-10.84,3.6800000000000006,8.61
14,5.26,-2.1400000000000006,3.7,8.56
14,9.059999999999999,-7.040000000000001,3.19,9.9
14,1.8599999999999994,6.459999999999999,4.79,5.99
14,-6.24,7.06,3.78,5.5
14,9.059999999999999,2.9599999999999995,1.95,5.67
14,12.26,-3.9400000000000004,1.29,7.790000000000001
15,-13.540000000000001,-4.040000000000001,4.18,7.55
15,-9.34,-10.540000000000001,3.7400000000000007,8.43
15,-9.34,-2.0400000000000005,4.4,7.159999999999999
15,-5.540000000000001,-12.940000000000001,3.5099999999999993,8.97
15,-7.040000000000001,5.159999999999999,4.47,7.040000000000001
15,-4.840000000000001,-3.9400000000000004,3.8,8.28
15,-2.5400000000000005,4.359999999999999,4.72,6.65
15,-1.9400000000000006,-13.940000000000001,3.53,8.89
15,-0.9400000000000006,-5.040000000000001,4.33,7.24
15,2.2599999999999993,2.2599999999999993,3.79,8.27
15,3.4599999999999995,-12.34,3.34,9.38
15,6.06,-2.9400000000000004,4.18,7.49
15,10.26,-5.140000000000001,2.85,9.96
15,6.859999999999999,-9.74,3.29,6.639999999999999
15,6.06,4.56,3.5099999999999993,5.64
15,1.6599999999999995,-13.64,1.75,8.35
15,-9.540000000000001,5.159999999999999,2.45,5.17
15,3.4599999999999995,-2.9400000000000004,2.03,5.1
15,-10.74,3.5599999999999996,1.1,5.51
16,-13.24,-4.94,3.2400000000000007,9.66
16,-9.940000000000001,-10.040000000000001,4.66,6.69
16,-9.940000000000001,-3.3400000000000007,4.55,6.840000000000001
16,-9.040000000000001,3.5599999999999996,4.29,7.25
16,-5.24,-13.040000000000001,3.94,7.87
16,-5.24,-5.140000000000001,4.3,7.2
16,-4.74,2.1599999999999993,3.53,8.77
16,-1.2400000000000007,-13.84,3.71,8.34
16,-1.1400000000000006,2.1599999999999993,3.91,7.9
16,-0.8400000000000005,-5.44,4.5,6.860000000000001
16,2.8599999999999994,1.4599999999999995,3.13,9.85
16,3.7599999999999993,-12.24,3.12,9.85
16,6.06,-2.3400000000000007,3.4,9.02
16,9.559999999999999,-5.340000000000001,3.41,8.97
16,6.959999999999999,-10.540000000000001,2.32,8.09
16,2.5599999999999996,-13.540000000000001,1.16,7.69
17,-13.34,-4.640000000000001,3.41,8.96
17,-9.84,-10.14,4.41,6.92
17,-9.84,-3.1400000000000006,4.35,7.01
17,-6.44,3.9599999999999995,3.53,8.57
17,-5.340000000000001,-13.040000000000001,4.24,7.12
17,-2.8400000000000007,-5.840000000000001,3.02,9.99
17,-2.8400000000000007,4.159999999999999,4.07,7.409999999999999
17,0.25999999999999945,-13.540000000000001,3.7299999999999995,8.08
17,0.25999999999999945,-5.44,4.89,6.16
17,1.2599999999999993,0.7599999999999995,3.04,9.86
17,4.359999999999999,0.7599999999999995,4.16,7.2
17,5.159999999999999,-11.24,3.3299999999999996,8.99
17,8.559999999999999,-7.540000000000001,3.3199999999999994,8.99
17,-5.340000000000001,-5.840000000000001,2.37,9.38
17,-9.84,3.9599999999999995,3.3199999999999994,6.05
17,8.559999999999999,1.4599999999999995,3.05,6.44
17,11.959999999999999,-4.540000000000001,1.37,9.01
17,-1.0400000000000005,-14.040000000000001,1.2,8.04
17,4.06,-13.14,1.05,7.31
18,-13.440000000000001,-4.340000000000001,3.59,8.28
18,-9.84,-10.14,4.91,6.04
18,-9.84,-4.040000000000001,4.71,6.27
18,-9.84,2.2599999999999993,4.01,7.35
18,-5.74,2.2599999999999993,3.14,9.38
18,-4.840000000000001,-13.24,3.2400000000000007,9.09
18,-2.5400000000000005,-4.140000000000001,3.53,8.32
18,-2.5400000000000005,4.26,3.53,8.31
18,-1.5400000000000005,-13.940000000000001,3.71,7.9
18,1.0599999999999994,-5.94,3.35,8.73
18,1.0599999999999994,2.8599999999999994,3.6,8.11
18,4.459999999999999,-10.940000000000001,4.39,6.65
18,4.459999999999999,-4.24,4.2,6.92
18,4.76,2.7599999999999993,4.14,7.0
18,8.86,-5.840000000000001,3.9300000000000006,7.37
18,8.959999999999999,1.5599999999999994,3.12,5.58
18,2.2599999999999993,-13.34,2.12,7.209999999999999
18,-5.040000000000001,-4.040000000000001,2.39,6.25
19,-13.440000000000001,-4.340000000000001,3.53,8.2
19,-9.940000000000001,3.9599999999999995,4.84,5.98
19,-9.84,-10.14,3.4,8.5
19,-6.340000000000001,-12.540000000000001,4.39,6.58
19,-6.340000000000001,-5.94,4.14,6.970000000000001
19,-5.040000000000001,1.0599999999999994,3.4,8.47
19,-2.1400000000000006,-5.94,4.35,6.62
19,-1.9400000000000006,-13.940000000000001,3.96,7.220000000000001
19,-1.5400000000000005,0.7599999999999995,4.78,5.97
19,2.2599999999999993,-12.64,3.94,7.24
19,3.2599999999999993,-5.340000000000001,3.3600000000000003,8.48
19,-1.5400000000000005,6.76,4.07,7.0
19,3.2599999999999993,3.1599999999999993,3.96,7.17
19,6.659999999999999,-9.74,3.45,8.22
19,7.26,-1.4400000000000006,3.9900000000000007,7.1
19,11.26,-5.140000000000001,1.86,9.95
19,-9.84,-1.5400000000000005,3.41,5.39
19,10.16,-8.540000000000001,1.08,7.08
20,-13.540000000000001,-4.040000000000001,3.7700000000000005,7.5
20,-9.74,-10.24,3.6100000000000003,7.82
20,-10.040000000000001,3.5599999999999996,4.53,6.23
20,-6.040000000000001,-12.74,4.0,7.029999999999999
20,-5.44,-5.640000000000001,2.96,9.5
20,-4.840000000000001,3.9599999999999995,3.05,9.21
20,-2.4400000000000004,-5.640000000000001,3.45,8.12
20,-1.9400000000000006,-13.940000000000001,4.09,6.83
20,-1.7400000000000007,2.5599999999999996,3.5,7.970000000000001
20,1.0599999999999994,-7.040000000000001,3.55,7.85
20,1.8599999999999994,0.8599999999999994,4.11,6.76
20,4.659999999999999,-11.74,3.16,8.75
20,6.06,-2.9400000000000004,4.11,6.709999999999999
20,10.26,-4.540000000000001,3.06,8.96
20,-9.74,-2.3400000000000007,4.19,5.85
20,6.06,3.8599999999999994,4.18,5.78
20,1.8599999999999994,7.659999999999999,3.4200000000000004,5.29
20,2.1599999999999993,-13.34,2.39,6.17
20,7.859999999999999,-9.84,2.11,6.87
21,-13.540000000000001,-4.040000000000001,3.53,7.8
21,-9.940000000000001,-10.040000000000001,4.19,6.55
21,-10.24,3.8599999999999994,4.78,5.74
21,-5.74,-12.84,3.37,8.13
21,-5.44,-4.640000000000001,2.81,9.75
21,-9.940000000000001,-3.4400000000000004,4.32,6.31
21,-5.340000000000001,5.159999999999999,3.4799999999999995,7.82
21,-2.5400000000000005,-4.640000000000001,3.7,7.35
21,-2.3400000000000007,-13.940000000000001,4.61,5.89
21,-1.8400000000000005,2.7599999999999993,2.94,9.23
21,1.1599999999999995,2.7599999999999993,3.88,6.99
21,1.2599999999999993,-8.040000000000001,4.83,5.61
21,5.06,-2.3400000000000007,3.5099999999999993,7.709999999999999
21,8.66,-7.840000000000001,3.04,8.9
21,5.06,5.459999999999999,4.27,5.03
21,6.159999999999999,-11.14,2.46,8.55
21,9.36,1.1599999999999995,2.87,5.71
21,2.3599999999999994,-13.440000000000001,1.94,5.3
21,1.2599999999999993,-2.3400000000000007,1.97,5.06
21,12.26,-4.24,1.16,8.26
22,-13.540000000000001,-4.040000000000001,3.4900000000000007,7.74
22,-10.040000000000001,-9.940000000000001,4.41,6.1
22,-10.040000000000001,-3.7400000000000007,4.16,6.459999999999999
22,-10.040000000000001,2.7599999999999993,4.15,6.45
22,-5.840000000000001,-3.7400000000000007,3.96,6.75
22,-5.840000000000001,3.0599999999999996,2.87,9.3
22,-5.540000000000001,-12.940000000000001,4.52,5.9
22,-2.9400000000000004,3.0599999999999996,3.59,7.409999999999999
22,-1.8400000000000005,-6.94,2.93,9.06
22,-0.9400000000000006,-13.74,4.15,6.39
22,0.6599999999999995,2.1599999999999993,3.4799999999999995,7.6
22,1.1599999999999995,-7.340000000000001,4.64,5.7
22,4.159999999999999,-1.5400000000000005,4.95,5.34
22,4.159999999999999,3.8599999999999994,4.06,6.51
22,5.859999999999999,-10.84,3.07,8.56
22,9.16,-7.540000000000001,2.76,9.51
22,9.16,2.0599999999999996,2.57,5.66
22,3.2599999999999993,-12.84,2.43,5.48
22,11.959999999999999,-4.24,1.48,8.27
23,-13.74,-3.2400000000000007,4.12,6.37
23,-9.540000000000001,-10.34,2.82,9.27
23,-9.540000000000001,-1.0400000000000005,3.12,8.35
23,-6.640000000000001,-12.440000000000001,3.3899999999999997,7.67
23,-6.340000000000001,-4.74,3.38,7.68
23,-6.340000000000001,2.9599999999999995,4.35,5.96
23,-3.2400000000000007,-13.74,2.97,8.72
23,-1.9400000000000006,-4.94,3.12,8.3
23,-1.9400000000000006,3.4599999999999995,2.83,9.15
23,-0.24000000000000057,-13.540000000000001,4.11,6.3
23,0.9599999999999994,3.4599999999999995,2.95,8.76
23,1.2599999999999993,-7.140000000000001,3.21,8.04
23,3.9599999999999995,0.9599999999999994,3.14,8.21
23,4.56,-11.74,3.2400000000000007,7.95
23,7.159999999999999,-3.7400000000000007,3.3600000000000003,7.65
23,10.559999999999999,-5.140000000000001,2.59,9.91
23,7.159999999999999,3.9599999999999995,2.83,5.79
23,7.859999999999999,-9.440000000000001,2.58,5.59
23,-11.14,3.1599999999999993,1.5,5.49
23,-11.14,-8.64,1.48,5.35
24,-13.440000000000001,-4.340000000000001,3.16,8.13
24,-10.24,-9.74,3.6800000000000006,6.980000000000001
24,-10.24,-2.7400000000000007,3.3,7.769999999999999
24,-6.840000000000001,-2.7400000000000007,3.14,8.16
24,-7.040000000000001,5.459999999999999,3.78,6.769999999999999
24,-6.540000000000001,-12.440000000000001,4.17,6.13
24,-3.6400000000000006,-6.24,3.9300000000000006,6.5
24,-3.2400000000000007,0.35999999999999943,3.16,8.08
24,-0.04000000000000057,0.35999999999999943,2.78,9.15
24,-1.6400000000000006,-14.040000000000001,3.28,7.75
24,0.35999999999999943,-6.24,4.62,5.49
24,1.6599999999999995,-12.34,5.0,5.07
24,2.7599999999999993,-0.7400000000000005,4.62,5.47
24,2.7599999999999993,4.76,3.6800000000000006,6.860000000000001
24,5.06,-7.24,4.24,5.95
24,7.459999999999999,-1.2400000000000007,3.6800000000000006,6.840000000000001
24,11.16,-5.140000000000001,1.98,9.99
24,-3.2400000000000007,8.459999999999999,3.06,5.11
24,9.36,-8.64,1.78,7.230000000000001
24,-9.540000000000001,5.06,2.42,5.22
24,6.459999999999999,5.659999999999999,1.8400000000000003,5.58
25,-13.74,-3.2400000000000007,3.9200000000000004,6.409999999999999
25,-9.74,-10.24,3.1,8.09
25,-9.74,-2.1400000000000006,3.5799999999999996,7.0
25,-6.540000000000001,-12.440000000000001,3.14,7.980000000000001
25,-6.140000000000001,-4.44,2.76,9.01
25,-6.140000000000001,4.659999999999999,3.17,7.840000000000001
25,-3.3400000000000007,-13.64,4.68,5.31
25,-3.3400000000000007,-8.24,2.61,9.52
25,-2.9400000000000004,1.3599999999999994,3.5699999999999994,6.95
25,-0.6400000000000006,-8.24,3.28,7.56
25,0.6599999999999995,-0.6400000000000006,3.62,6.82
25,0.6599999999999995,6.26,3.85,6.409999999999999
25,2.6599999999999993,-12.14,4.41,5.59
25,4.359999999999999,-6.540000000000001,3.16,7.8
25,4.56,1.3599999999999994,3.0,8.21
25,7.56,-9.440000000000001,2.8,8.79
25,7.659999999999999,-0.6400000000000006,3.62,6.779999999999999
25,11.36,-4.540000000000001,1.9899999999999998,8.93
25,-9.34,4.959999999999999,2.83,5.53
25,-2.2400000000000007,8.36,2.8,5.57
25,2.6599999999999993,-6.540000000000001,1.43,5.77
25,-10.940000000000001,-8.940000000000001,1.15,5.64
26,-13.14,-5.140000000000001,2.46,9.97
26,-10.64,-9.24,3.8299999999999996,6.4
26,-10.64,-2.7400000000000007,2.94,8.32
26,-7.94,5.659999999999999,4.1,5.94
26,-6.74,-12.34,2.74,8.88
26,-6.74,-3.4400000000000004,2.72,8.94
26,-3.9400000000000004,-13.540000000000001,4.12,5.9
26,-3.9400000000000004,-7.540000000000001,3.0,8.09
26,-3.7400000000000007,0.5599999999999994,3.44,7.029999999999999
26,-2.2400000000000007,7.659999999999999,3.8899999999999997,6.2
26,-0.8400000000000005,-7.540000000000001,4.09,5.88
26,-0.24000000000000057,-1.6400000000000006,3.46,6.94
26,0.25999999999999945,-13.24,4.59,5.23
26,3.2599999999999993,-7.94,2.62,9.14
26,1.6599999999999995,5.359999999999999,3.16,7.540000000000001
26,4.859999999999999,1.2599999999999993,4.03,5.9
26,5.959999999999999,-10.74,3.19,7.44
26,8.959999999999999,-3.2400000000000007,4.04,5.83
26,8.959999999999999,2.6599999999999993,2.65,5.26
26,9.16,-8.64,1.9,5.32
26,-3.7400000000000007,7.659999999999999,1.38,5.48
27,-13.64,-3.6400000000000006,3.6100000000000003,6.51
27,-10.84,2.9599999999999995,3.9799999999999995,5.9
27,-9.940000000000001,-10.040000000000001,2.95,7.95
27,-6.94,-12.24,3.69,6.35
27,-6.94,-5.840000000000001,3.5099999999999993,6.67
27,-6.840000000000001,0.8599999999999994,2.78,8.41
27,-4.040000000000001,0.8599999999999994,3.5200000000000005,6.62
27,-3.2400000000000007,-13.74,2.76,8.38
27,-0.44000000000000056,-13.84,2.92,7.92
27,-0.44000000000000056,-5.840000000000001,3.38,6.83
27,-0.44000000000000056,1.0599999999999994,2.31,9.98
27,1.9599999999999995,1.0599999999999994,2.55,9.03
27,2.5599999999999996,-12.440000000000001,4.08,5.64
27,2.9599999999999995,-6.74,3.8899999999999997,5.91
27,4.56,-0.7400000000000005,2.51,9.11
27,6.859999999999999,-8.540000000000001,4.31,5.3
27,7.159999999999999,-3.1400000000000006,3.1,7.340000000000001
27,10.36,-3.1400000000000006,2.82,7.959999999999999
27,-4.040000000000001,7.56,3.55,5.84
27,-3.3400000000000007,-5.340000000000001,2.88,6.1
27,7.159999999999999,4.26,2.82,5.53
28,-13.84,-2.8400000000000007,4.04,5.63
28,-10.64,-9.24,3.5699999999999994,6.36
28,-10.24,2.8599999999999994,3.3600000000000003,6.75
28,-7.040000000000001,-12.24,3.46,6.529999999999999
28,-7.040000000000001,-5.640000000000001,3.94,5.7
28,-6.840000000000001,0.15999999999999942,3.47,6.470000000000001
28,-6.840000000000001,6.659999999999999,4.01,5.58
28,-3.0400000000000005,-13.74,2.5,8.95
28,-3.3400000000000007,0.15999999999999942,4.12,5.43
28,-2.7400000000000007,5.659999999999999,2.8,7.980000000000001
28,-0.44000000000000056,-13.74,3.59,6.22
28,0.8599999999999994,-7.44,2.52,8.85
28,0.15999999999999942,5.659999999999999,3.6800000000000006,6.06
28,3.4599999999999995,-12.440000000000001,3.16,7.05
28,3.4599999999999995,-5.340000000000001,2.99,7.42
28,3.8599999999999994,2.1599999999999993,3.0,7.37
28,6.659999999999999,-10.74,2.44,9.04
28,6.959999999999999,-1.6400000000000006,2.26,9.65
28,9.26,-7.640000000000001,2.56,8.51
28,9.26,0.9599999999999994,2.9,5.85
28,-9.74,-2.8400000000000007,2.54,5.65
28,12.26,-3.9400000000000004,1.24,7.62
28,-0.44000000000000056,-7.44,1.23,7.459999999999999
29,-13.74,-3.2400000000000007,3.62,6.01
29,-11.24,2.8599999999999994,3.9300000000000006,5.53
29,-10.040000000000001,-9.940000000000001,2.77,7.83
29,-7.24,-12.14,3.72,5.83
29,-7.24,-6.24,2.38,9.11
29,-7.24,2.9599999999999995,2.91,7.45
29,-4.840000000000001,-6.24,4.14,5.23
29,-4.24,-0.9400000000000006,2.71,7.980000000000001
29,-3.9400000000000004,7.06,3.3299999999999996,6.459999999999999
29,-1.4400000000000006,-0.9400000000000006,2.74,7.85
29,-0.6400000000000006,-13.940000000000001,2.41,8.88
29,1.3599999999999994,-5.040000000000001,2.42,8.84
29,-0.5400000000000006,6.959999999999999,3.7400000000000007,5.71
29,1.8599999999999994,-12.74,4.17,5.11
29,3.2599999999999993,3.8599999999999994,3.91,5.44
29,3.8599999999999994,-7.540000000000001,2.77,7.6
29,6.659999999999999,-10.24,2.94,7.159999999999999
29,7.26,-3.0400000000000005,2.51,8.36
29,9.86,-6.040000000000001,2.89,7.25
29,-3.4400000000000004,-13.64,2.77,6.99
29,9.86,1.2599999999999993,2.34,5.57
29,7.26,5.359999999999999,1.7399999999999998,5.21
30,-13.540000000000001,-4.040000000000001,2.79,7.49
30,-10.74,-9.14,2.16,9.67
30,-10.74,0.5599999999999994,2.6,8.03
30,-8.540000000000001,-11.24,2.14,9.75
30,-8.040000000000001,-1.4400000000000006,2.65,7.85
30,-6.340000000000001,-12.540000000000001,2.16,9.62
30,-6.44,6.459999999999999,3.46,6.0
30,-5.340000000000001,-2.8400000000000007,3.55,5.84
30,-4.140000000000001,-13.440000000000001,2.55,8.1
30,-2.9400000000000004,3.0599999999999996,2.83,7.269999999999999
30,-1.7400000000000007,-5.24,2.51,8.19
30,-1.5400000000000005,-14.040000000000001,2.97,6.88
30,-0.04000000000000057,2.9599999999999995,2.29,8.92
30,0.8599999999999994,-7.140000000000001,2.84,7.19
30,2.2599999999999993,0.05999999999999943,2.43,8.4
30,3.7599999999999993,-12.540000000000001,2.65,7.68
30,4.76,-4.840000000000001,2.23,9.11
30,7.06,-10.64,2.1,9.65
30,7.06,-0.9400000000000006,2.04,9.92
30,9.26,-8.34,2.04,9.91
30,11.36,-4.540000000000001,1.9899999999999998,8.85
30,4.76,4.359999999999999,2.25,7.49
30,1.4599999999999995,-13.540000000000001,2.25,6.37
30,9.16,1.6599999999999995,2.16,6.540000000000001
31,-13.64,-3.6400000000000006,3.03,6.67
31,-10.540000000000001,-9.34,2.1,9.62
31,-10.540000000000001,0.35999999999999943,2.28,8.86
31,-8.34,-11.34,2.28,8.81
31,-8.24,-2.4400000000000004,2.03,9.83
31,-6.140000000000001,-2.4400000000000004,2.29,8.7
31,-6.040000000000001,-12.74,2.35,8.34
31,-3.8400000000000007,-4.340000000000001,2.64,7.409999999999999
31,-4.540000000000001,6.359999999999999,2.81,6.94
31,-3.2400000000000007,-13.74,2.08,9.33
31,-1.6400000000000006,3.1599999999999993,3.0,6.4
31,-1.1400000000000006,-13.940000000000001,3.08,6.23
31,-1.1400000000000006,-7.640000000000001,3.6100000000000003,5.31
31,1.4599999999999995,-2.2400000000000007,3.47,5.51
31,1.4599999999999995,3.3599999999999994,3.4,5.62
31,2.5599999999999996,-12.64,3.5200000000000005,5.42
31,4.959999999999999,-7.140000000000001,2.6,7.32
31,4.959999999999999,0.25999999999999945,2.84,6.7
31,7.659999999999999,-9.34,2.89,6.58
31,7.859999999999999,-2.7400000000000007,2.01,9.34
31,9.959999999999999,-2.7400000000000007,3.05,6.14
31,-1.1400000000000006,-2.2400000000000007,2.42,5.33
31,4.959999999999999,7.06,1.7,5.28
31,-6.140000000000001,6.359999999999999,1.49,6.01
32,-13.74,-3.2400000000000007,2.96,6.32
32,-10.74,-9.14,2.3,8.13
32,-10.74,-0.9400000000000006,2.33,8.02
32,-8.34,-11.34,3.34,5.59
32,-8.34,-5.74,2.16,8.59
32,-8.34,2.8599999999999994,2.35,7.889999999999999
32,-6.140000000000001,-5.74,3.2299999999999995,5.74
32,-5.94,0.05999999999999943,2.66,6.95
32,-4.94,-13.24,2.58,7.15
32,-3.2400000000000007,0.05999999999999943,2.32,7.94
32,-2.3400000000000007,-13.940000000000001,2.52,7.3
32,-2.3400000000000007,-6.540000000000001,2.91,6.32
32,-0.8400000000000005,-0.14000000000000057,2.69,6.81
32,0.6599999999999995,-13.74,2.47,7.4
32,1.8599999999999994,-6.24,2.05,8.91
32,1.8599999999999994,2.7599999999999993,1.9099999999999997,9.56
32,-2.7400000000000007,8.059999999999999,3.18,5.72
32,3.8599999999999994,2.7599999999999993,1.9899999999999998,9.12
32,3.9599999999999995,-12.440000000000001,2.53,7.17
32,5.859999999999999,-5.24,2.16,8.39
32,5.859999999999999,3.1599999999999993,2.49,7.269999999999999
32,8.059999999999999,-8.84,2.89,6.23
32,8.36,-2.5400000000000005,1.83,9.83
32,10.26,-2.5400000000000005,2.59,6.93
32,3.9599999999999995,-5.24,1.8700000000000003,7.8
32,-5.94,7.06,2.69,5.3
32,0.4599999999999994,6.76,1.26,7.01
32,6.56,-11.74,1.25,6.480000000000001
32,0.6599999999999995,-6.24,1.1,5.81
33,-13.34,-4.640000000000001,1.9600000000000002,9.15
33,-11.34,-8.440000000000001,2.92,6.1
33,-11.34,-2.2400000000000007,2.12,8.39
33,-9.14,-2.2400000000000007,2.02,8.8
33,-8.34,-11.34,2.83,6.22
33,-7.040000000000001,-5.040000000000001,2.05,8.58
33,-4.94,-13.24,1.7600000000000002,9.94
33,-7.040000000000001,3.5599999999999996,2.57,6.8
33,-4.44,-3.2400000000000007,2.53,6.9
33,-4.44,3.7599999999999993,1.97,8.79
33,-3.1400000000000006,-13.74,1.83,9.44
33,-2.4400000000000004,3.7599999999999993,1.77,9.74
33,-1.2400000000000007,-14.040000000000001,2.1,8.2
33,-0.6400000000000006,-5.74,1.7600000000000002,9.73
33,-0.6400000000000006,4.06,1.83,9.3
33,0.9599999999999994,-13.64,2.3,7.389999999999999
33,1.1599999999999995,-6.24,1.8400000000000003,9.23
33,1.2599999999999993,3.0599999999999996,2.02,8.39
33,3.0599999999999996,-6.24,2.47,6.85
33,3.3599999999999994,0.6599999999999995,2.35,7.18
33,5.56,-11.64,2.35,7.159999999999999
33,5.76,-4.44,2.19,7.65
33,5.76,3.2599999999999993,2.61,6.409999999999999
33,7.959999999999999,-10.040000000000001,1.8,9.29
33,8.459999999999999,-0.7400000000000005,1.77,9.44
33,10.26,-7.040000000000001,1.9899999999999998,8.39
33,3.3599999999999994,-12.940000000000001,2.13,6.480000000000001
33,10.26,1.3599999999999994,1.86,5.74
33,12.26,-4.24,1.14,8.28
33,-1.8400000000000005,-4.24,1.15,7.67
34,-13.74,-3.2400000000000007,2.58,6.470000000000001
34,-11.14,-8.64,2.81,5.94
34,-11.14,-2.6400000000000006,1.8199999999999998,9.16
34,-9.24,-2.6400000000000006,2.27,7.340000000000001
34,-8.24,-11.440000000000001,2.07,8.01
34,-9.040000000000001,4.76,2.73,6.05
34,-6.24,-3.3400000000000007,1.65,9.96
34,-5.640000000000001,-12.940000000000001,1.72,9.52
34,-4.540000000000001,-3.3400000000000007,2.15,7.56
34,-4.24,4.26,1.77,9.16
34,-3.8400000000000007,-13.540000000000001,2.66,6.06
34,-2.4400000000000004,4.26,1.94,8.26
34,-2.3400000000000007,-7.44,1.7,9.41
34,-1.1400000000000006,-14.040000000000001,2.43,6.540000000000001
34,-0.5400000000000006,-7.44,2.57,6.17
34,-0.44000000000000056,-1.2400000000000007,2.02,7.840000000000001
34,1.6599999999999995,-1.2400000000000007,1.7899999999999998,8.8
34,2.0599999999999996,-13.540000000000001,1.9,8.27
34,3.4599999999999995,-5.24,1.78,8.81
34,-0.44000000000000056,7.659999999999999,2.64,5.82
34,3.4599999999999995,3.6599999999999993,1.65,9.25
34,5.26,-12.24,1.73,8.81
34,5.159999999999999,3.6599999999999993,1.92,7.83
34,5.26,-3.3400000000000007,2.71,5.54
34,7.06,-10.64,2.16,6.94
34,7.159999999999999,2.2599999999999993,1.8,8.32
34,8.059999999999999,-3.6400000000000006,2.56,5.85
34,10.66,-6.24,1.9600000000000002,7.590000000000001
34,9.059999999999999,2.2599999999999993,2.69,5.3
34,-6.24,6.659999999999999,1.9899999999999998,5.91
34,4.06,-13.040000000000001,1.18,6.69
34,9.26,-9.34,1.25,5.6
34,2.2599999999999993,7.659999999999999,1.08,5.86
34,12.66,-3.2400000000000007,1.08,5.83
35,-13.540000000000001,-4.040000000000001,1.8400000000000003,8.08
35,-11.64,-7.94,2.54,5.81
35,-11.64,-2.0400000000000005,1.53,9.64
35,-10.040000000000001,-2.0400000000000005,2.07,7.090000000000001
35,-9.040000000000001,-10.84,2.5,5.84
35,-7.94,-4.94,1.8199999999999998,7.980000000000001
35,-6.040000000000001,-12.74,1.47,9.87
35,-6.040000000000001,-2.8400000000000007,1.48,9.72
35,-4.540000000000001,-13.34,1.9099999999999997,7.529999999999999
35,-8.84,5.06,2.44,5.86
35,-4.540000000000001,-5.74,1.86,7.68
35,-4.540000000000001,1.9599999999999995,1.69,8.43
35,-2.8400000000000007,1.9599999999999995,2.36,6.01
35,-2.6400000000000006,-5.74,2.22,6.38
35,-2.5400000000000005,-13.84,2.38,5.95
35,-0.44000000000000056,0.6599999999999995,1.89,7.480000000000001
35,-0.14000000000000057,-14.040000000000001,1.6200000000000003,8.72
35,1.4599999999999995,-5.24,2.27,6.22
35,1.4599999999999995,1.0599999999999994,1.9300000000000002,7.26
35,3.4599999999999995,1.0599999999999994,1.43,9.76
35,1.5599999999999994,-13.64,1.81,7.7
35,3.7599999999999993,-12.940000000000001,1.7600000000000002,7.909999999999999
35,4.959999999999999,-4.94,1.43,9.71
35,6.459999999999999,-11.540000000000001,1.64,8.46
35,6.459999999999999,-3.0400000000000005,1.39,9.94
35,7.859999999999999,-3.0400000000000005,1.44,9.56
35,-1.4400000000000006,8.16,2.34,5.87
35,9.36,-8.540000000000001,1.8700000000000003,7.33
35,9.36,-1.1400000000000006,1.97,6.95
35,11.36,-5.840000000000001,1.43,9.57
35,4.959999999999999,4.859999999999999,1.4,7.6
35,-6.340000000000001,6.959999999999999,1.52,5.4
35,8.16,-10.540000000000001,1.18,6.26
35,-0.3400000000000006,-5.24,1.22,5.84
35,-2.8400000000000007,8.059999999999999,1.22,5.63
36,-13.540000000000001,-4.040000000000001,1.72,7.95
36,-11.74,-7.840000000000001,1.47,9.29
36,-10.24,-9.74,1.64,8.25
36,-11.14,1.4599999999999995,1.9,7.1
36,-9.14,-1.4400000000000006,1.61,8.33
36,-8.540000000000001,-11.24,2.03,6.58
36,-7.44,-4.640000000000001,1.6599999999999997,8.02
36,-7.44,3.4599999999999995,2.12,6.2
36,-6.44,-12.540000000000001,1.9099999999999997,6.82
36,-5.74,-5.640000000000001,1.8700000000000003,6.94
36,-5.24,1.3599999999999994,2.19,5.9
36,-3.8400000000000007,-13.540000000000001,1.32,9.75
36,-5.24,7.359999999999999,2.42,5.3
36,-3.0400000000000005,-3.7400000000000007,1.77,7.230000000000001
36,-2.7400000000000007,3.5599999999999996,1.38,9.27
36,-2.4400000000000004,-13.84,1.41,9.07
36,-1.3400000000000005,3.5599999999999996,1.9300000000000002,6.62
36,-0.9400000000000006,-14.040000000000001,1.31,9.66
36,0.4599999999999994,-13.940000000000001,1.56,8.07
36,-1.2400000000000007,-4.340000000000001,1.77,7.110000000000001
36,0.5599999999999994,-5.840000000000001,1.42,8.86
36,0.6599999999999995,3.0599999999999996,1.67,7.5
36,2.0599999999999996,-13.440000000000001,2.07,6.02
36,2.0599999999999996,-7.340000000000001,1.65,7.540000000000001
36,2.3599999999999994,0.25999999999999945,1.69,7.33
36,3.7599999999999993,-7.340000000000001,1.72,7.2
36,4.06,-0.04000000000000057,1.24,9.95
36,5.359999999999999,-0.04000000000000057,2.1,5.86
36,5.56,-12.040000000000001,1.6200000000000003,7.56
36,7.26,-10.64,1.9099999999999997,6.409999999999999
36,5.359999999999999,5.859999999999999,1.98,6.16
36,7.56,-4.140000000000001,1.45,8.34
36,9.059999999999999,-4.140000000000001,1.65,7.32
36,10.76,-6.640000000000001,1.6,7.540000000000001
36,7.56,4.26,2.01,5.93
36,12.459999999999999,-3.9400000000000004,1.0,7.659999999999999
36,10.76,0.9599999999999994,1.13,6.45
37,-13.74,-3.2400000000000007,1.89,6.36
37,-11.84,-7.640000000000001,1.48,8.04
37,-11.84,0.4599999999999994,1.9,6.24
37,-10.34,-9.64,1.26,9.4
37,-9.84,-0.14000000000000057,2.01,5.85
37,-9.040000000000001,-10.84,1.9600000000000002,5.98
37,-7.74,-4.840000000000001,1.6200000000000003,7.209999999999999
37,-7.74,2.4599999999999995,1.37,8.52
37,-6.340000000000001,2.4599999999999995,1.47,7.93
37,-7.040000000000001,-12.24,2.02,5.75
37,-6.040000000000001,-6.44,1.46,7.95
37,-4.94,-13.24,1.83,6.25
37,-4.840000000000001,1.5599999999999994,1.86,6.13
37,-4.540000000000001,-6.94,1.8,6.32
37,-3.0400000000000005,-13.74,1.72,6.610000000000001
37,-2.9400000000000004,-0.5400000000000006,1.6599999999999997,6.82
37,-3.2400000000000007,7.76,1.89,5.97
37,-1.2400000000000007,-14.040000000000001,1.25,9.01
37,-1.2400000000000007,-4.94,1.32,8.53
37,-1.3400000000000005,6.359999999999999,1.8199999999999998,6.15
37,0.05999999999999943,-14.040000000000001,1.28,8.68
37,0.15999999999999942,-5.340000000000001,1.59,6.959999999999999
37,0.5599999999999994,1.6599999999999995,1.64,6.709999999999999
37,1.3599999999999994,-13.84,1.3,8.4
37,1.7599999999999993,-5.340000000000001,1.9300000000000002,5.63
37,2.2599999999999993,0.35999999999999943,1.24,8.74
37,3.5599999999999996,0.35999999999999943,1.24,8.73
37,2.7599999999999993,-13.24,1.9,5.68
37,3.7599999999999993,-7.540000000000001,1.6800000000000002,6.42
37,4.859999999999999,-1.0400000000000005,1.85,5.83
37,4.859999999999999,4.859999999999999,1.55,6.93
37,5.459999999999999,-12.040000000000001,1.8,5.93
37,6.76,-6.040000000000001,1.36,7.779999999999999
37,6.76,1.7599999999999993,1.31,8.04
37,8.16,-10.24,1.45,7.26
37,8.16,-2.9400000000000004,1.64,6.37
37,9.86,-8.34,1.43,7.3
37,8.16,3.4599999999999995,1.67,6.22
37,9.86,-0.9400000000000006,1.39,7.470000000000001
37,11.36,-5.840000000000001,1.46,7.090000000000001
37,-2.6400000000000006,-7.040000000000001,1.37,6.409999999999999
38,-13.24,-4.94,1.06,9.75
38,-12.14,-7.24,1.31,7.860000000000001
38,-10.74,-9.14,1.12,9.17
38,-11.940000000000001,0.6599999999999995,1.51,6.74
38,-10.34,0.05999999999999943,1.81,5.57
38,-9.540000000000001,-10.34,1.01,9.93
38,-8.440000000000001,-11.34,1.04,9.52
38,-8.440000000000001,-1.7400000000000007,1.42,6.92
38,-7.340000000000001,-12.040000000000001,1.12,8.75
38,-7.94,5.26,1.53,6.38
38,-6.94,-3.2400000000000007,1.5,6.39
38,-6.340000000000001,3.1599999999999993,1.61,5.94
38,-6.140000000000001,-12.64,1.11,8.51
38,-4.94,-13.24,1.0,9.4
38,-4.640000000000001,-3.7400000000000007,1.13,8.11
38,-4.640000000000001,4.459999999999999,1.11,8.25
38,-3.8400000000000007,-13.540000000000001,1.04,8.77
38,-3.4400000000000004,-4.74,1.08,8.26
38,-3.4400000000000004,3.5599999999999996,1.22,7.290000000000001
38,-2.7400000000000007,-13.84,1.27,6.95
38,-2.3400000000000007,-6.840000000000001,1.01,8.67
38,-2.1400000000000006,1.8599999999999994,1.0,8.66
38,-1.4400000000000006,-14.040000000000001,1.23,6.75
38,-1.2400000000000007,-7.24,1.24,6.58
38,-1.0400000000000005,-0.6400000000000006,1.22,6.65
38,-1.0400000000000005,6.06,1.02,7.94
38,0.05999999999999943,-14.040000000000001,1.02,7.94
38,0.05999999999999943,6.06,1.2,6.45
38,0.25999999999999945,-6.040000000000001,1.07,6.790000000000001
38,1.1599999999999995,-13.940000000000001,1.06,6.45
