Instance: r200
Bin radius: 13.17
Rho: 1/3
Rotate enable: false
Bin num: 6
Bin id,X coordinate of lower left corner,Y coordinate of lower left corner,Item's width,Item's height
1,-12.17,-4.17,4.88,4.91
1,-11.17,0.8300000000000001,4.65,4.85
1,-9.17,-9.17,4.72,4.5
1,-7.17,-4.17,4.6,4.57
1,-7.17,5.83,4.27,4.69
1,-6.17,0.8300000000000001,4.41,4.44
1,-4.17,-12.17,4.47,4.26
1,-2.17,-7.17,4.25,4.42
1,-2.17,5.83,4.2,4.43
1,-1.17,-2.17,3.96,4.6
1,0.8300000000000001,-11.17,4.68,3.61
1,2.83,-7.17,3.56,4.71
1,2.83,-2.17,4.54,3.66
1,2.83,1.83,4.73,3.49
1,2.83,5.83,3.44,4.74
1,6.83,-7.17,3.24,4.99
1,7.83,-2.17,3.21,4.97
1,7.83,2.83,2.9,3.94
1,-1.17,2.83,3.81,2.86
1,-2.17,10.83,4.98,1.66
1,-9.17,5.83,1.94,2.79
1,-4.17,-7.17,1.94,2.42
1,5.83,-10.17,1.81,2.58
1,-11.17,-6.17,1.7,1.95
1,-6.17,-11.17,1.67,1.91
1,6.83,6.83,1.61,1.72
2,-12.17,-4.17,4.05,3.9
2,-12.17,-0.16999999999999993,3.08,4.9
2,-10.17,-8.17,4.13,3.65
2,-8.17,-0.16999999999999993,3.17,4.74
2,-8.17,4.83,3.64,4.1
2,-5.17,-11.17,3.29,4.33
2,-7.17,-4.17,4.05,3.5
2,-4.17,-0.16999999999999993,3.8,3.73
2,-4.17,3.83,3.77,3.72
2,-2.17,-6.17,3.36,4.01
2,-2.17,7.83,2.9,4.58
2,-1.17,-12.17,3.22,4.03
2,-0.16999999999999993,-1.17,4.24,3.06
2,-0.16999999999999993,2.83,3.08,4.17
2,0.8300000000000001,7.83,4.97,2.56
2,1.83,-7.17,4.3,2.94
2,3.83,2.83,2.79,4.49
2,4.83,-4.17,2.49,4.97
2,2.83,-11.17,3.85,3.21
2,6.83,0.8300000000000001,4.01,3.08
2,7.83,-7.17,2.92,4.18
2,7.83,-2.17,4.86,2.35
2,1.83,-4.17,2.76,2.77
2,6.83,4.83,2.62,2.85
2,-4.17,7.83,1.41,3.7
2,-11.17,4.83,2.28,1.99
2,-8.17,-10.17,2.43,1.68
2,-5.17,-6.17,2.3,1.77
2,0.8300000000000001,10.83,1.49,1.8
2,4.83,0.8300000000000001,1.32,1.83
2,5.83,7.83,1.32,1.82
2,6.83,-9.17,1.2,1.84
3,-12.17,-4.17,3.03,3.99
3,-12.17,-0.16999999999999993,3.5,3.42
3,-10.17,-8.17,3.4,3.46
3,-10.17,3.83,3.56,3.29
3,-8.17,-4.17,2.59,4.51
3,-6.17,-11.17,3.85,3.02
3,-6.17,0.8300000000000001,2.89,3.91
3,-7.17,7.83,4.72,2.39
3,-6.17,-7.17,4.84,2.32
3,-6.17,4.83,4.4,2.53
3,-5.17,-4.17,3.28,3.39
3,-3.17,-0.16999999999999993,3.06,3.62
3,-2.17,-12.17,2.32,4.77
3,-2.17,7.83,4.73,2.33
3,-1.17,-7.17,3.29,3.34
3,0.8300000000000001,-12.17,2.27,4.76
3,-1.17,3.83,3.17,3.38
3,-1.17,-3.17,4.84,2.2
3,0.8300000000000001,-0.16999999999999993,4.8,2.15
3,2.83,-7.17,3.49,2.93
3,2.83,2.83,2.06,4.96
3,3.83,-11.17,2.62,3.89
3,5.83,-4.17,2.09,4.84
3,5.83,0.8300000000000001,4.79,2.1
3,5.83,3.83,2.86,3.48
3,2.83,7.83,3.65,2.66
3,6.83,-8.17,2.72,3.51
3,8.83,-4.17,2.39,3.97
3,-2.17,10.83,4.29,1.86
3,3.83,-4.17,1.17,3.97
3,-8.17,0.8300000000000001,1.4,2.93
3,8.83,3.83,1.61,2.53
3,10.83,-0.16999999999999993,1.64,2.41
3,-8.17,-10.17,1.97,1.1
4,-12.17,-4.17,2.17,4.37
4,-12.17,0.8300000000000001,2.73,3.41
4,-10.17,-8.17,2.57,3.62
4,-10.17,4.83,4.08,2.28
4,-9.17,-4.17,2.21,4.17
4,-7.17,-10.17,2.24,4.09
4,-9.17,0.8300000000000001,4.28,2.13
4,-6.17,-5.17,2.84,3.21
4,-5.17,3.83,2.53,3.6
4,-7.17,7.83,3.62,2.51
4,-4.17,-12.17,2.33,3.85
4,-4.17,-8.17,4.06,2.18
4,-4.17,-1.17,1.79,4.8
4,-3.17,-5.17,4.2,2.01
4,-2.17,-2.17,1.95,4.21
4,-2.17,2.83,1.63,4.97
4,-3.17,7.83,3.6,2.24
4,-0.16999999999999993,-2.17,1.77,4.5
4,-1.17,-12.17,3.11,2.55
4,-0.16999999999999993,2.83,2.21,3.56
4,0.8300000000000001,-9.17,2.41,3.24
4,-2.17,10.83,4.67,1.67
4,0.8300000000000001,6.83,3.58,2.15
4,1.83,-5.17,2.26,3.39
4,1.83,-1.17,3.45,2.16
4,2.83,1.83,4.18,1.78
4,2.83,3.83,3.04,2.41
4,3.83,-11.17,1.73,4.21
4,4.83,-6.17,2.97,2.43
4,4.83,6.83,2.58,2.79
4,5.83,-9.17,2.41,2.98
4,5.83,-3.17,2.37,2.98
4,5.83,-0.16999999999999993,4.02,1.75
4,7.83,1.83,1.5,4.68
4,8.83,-7.17,1.52,4.61
4,8.83,-2.17,3.5,1.9
4,9.83,1.83,1.45,2.66
4,-6.17,-1.17,1.09,1.83
4,2.83,9.83,1.35,1.41
4,10.83,-0.16999999999999993,1.29,1.45
5,-12.17,-4.17,3.3,2.12
5,-12.17,-1.17,3.17,2.13
5,-11.17,1.83,2.16,3.06
5,-11.17,-6.17,4.46,1.47
5,-8.17,-4.17,1.53,4.28
5,-8.17,-10.17,2.15,3.03
5,-10.17,5.83,3.27,1.99
5,-8.17,0.8300000000000001,4.11,1.5
5,-8.17,2.83,4.7,1.28
5,-7.17,7.83,2.06,2.91
5,-6.17,-6.17,2.09,2.85
5,-6.17,-3.17,2.78,2.14
5,-6.17,4.83,2.63,2.26
5,-5.17,-11.17,3.13,1.85
5,-5.17,-9.17,3.4,1.64
5,-3.17,-7.17,1.19,4.56
5,-4.17,7.83,3.2,1.69
5,-3.17,-2.17,2.58,2.09
5,-4.17,9.83,3.79,1.4
5,-3.17,0.8300000000000001,3.51,1.51
5,-3.17,2.83,2.65,2.0
5,-3.17,5.83,3.61,1.45
5,-1.17,-12.17,2.39,2.19
5,-1.17,-9.17,1.23,4.09
5,-0.16999999999999993,-4.17,1.13,4.44
5,-0.16999999999999993,2.83,2.26,2.17
5,-0.16999999999999993,7.83,1.1,4.4
5,0.8300000000000001,-9.17,4.58,1.03
5,0.8300000000000001,-7.17,4.55,1.03
5,1.83,-12.17,2.04,2.29
5,1.83,-5.17,2.23,2.06
5,1.83,-2.17,1.12,4.1
5,1.83,5.83,1.28,3.58
5,2.83,2.83,2.18,2.04
5,3.83,-2.17,1.24,3.56
5,3.83,5.83,1.35,3.09
5,5.83,-10.17,1.24,3.27
5,1.83,9.83,2.47,1.62
5,5.83,-6.17,1.06,3.77
5,5.83,-2.17,2.67,1.49
5,5.83,-0.16999999999999993,3.1,1.26
5,5.83,1.83,1.17,3.31
5,5.83,5.83,2.14,1.78
5,7.83,-8.17,1.43,2.66
5,7.83,-5.17,3.51,1.08
5,7.83,1.83,1.76,2.08
5,8.83,-3.17,2.33,1.57
5,9.83,-1.17,1.59,2.24
5,9.83,1.83,1.66,2.0
5,-10.17,-8.17,1.78,1.05
5,5.83,7.83,1.72,1.05
5,8.83,4.83,1.55,1.1
6,-12.17,-4.17,1.05,3.34
6,-12.17,-0.16999999999999993,3.11,1.02
6,-12.17,1.83,1.32,2.39
6,-10.17,-8.17,1.46,2.14
6,-10.17,-5.17,1.18,2.59
6,-11.17,4.83,2.36,1.27
6,-10.17,-2.17,2.74,1.07
6,-10.17,1.83,2.11,1.3
6,-8.17,-10.17,1.24,2.02
6,-9.17,6.83,2.3,1.06
6,-8.17,-7.17,1.0,2.34
6,-8.17,3.83,1.13,2.07
6,-8.17,-4.17,1.17,1.05
6,-8.17,-0.16999999999999993,1.19,1.0
6,-7.17,-2.17,1.09,1.09
6,-7.17,1.83,1.05,1.09
