Instance: CBPP
Bin radius: 14.14
Rotate enable: false
Bin num: 124
Lower bound: 103
Opt: false
Gap: 0.1693548387096774
Bin id,X coordinate of lower left corner,Y coordinate of lower left corner,Item's width,Item's height
1,-3.085,-13.799361398267676,6.17,10.0
1,-12.715000000000002,-6.186143790763351,9.63,9.99
1,-8.315000000000001,-11.21614379076335,5.23,5.03
1,3.085,-9.520114232507929,7.37,9.98
1,-3.085000000000001,-3.799361398267676,6.17,8.24
1,3.084999999999999,0.45988576749207155,9.68,5.61
1,-10.895,3.803856209236649,7.81,5.16
1,-3.085,4.440638601732324,6.02,9.27
1,2.9349999999999996,6.069885767492072,5.69,5.01
2,-4.425,-13.429779409953092,8.85,9.97
2,-12.595,-6.426941340949052,8.17,6.22
2,4.424999999999999,-5.455966917055129,8.62,9.82
2,-4.425000000000001,-3.459779409953091,8.85,8.01
2,-13.235000000000001,-0.2069413409490526,8.81,5.13
2,4.424999999999999,4.3640330829448715,5.71,5.34
2,-4.425000000000001,4.550220590046909,8.85,8.22
2,-9.665000000000001,4.923058659050947,5.24,5.29
3,-4.675,-13.344810789216908,9.35,9.96
3,-12.965,-5.643436453084238,8.29,9.94
3,4.674999999999999,-9.99197553039438,5.33,9.94
3,-4.675000000000001,-3.384810789216907,9.35,9.14
3,4.674999999999999,-0.05197553039437963,7.93,6.42
3,-10.185,4.2965635469157615,5.51,5.25
3,-4.675000000000001,5.755189210783094,9.35,5.71
4,-4.695,-13.33778748518659,9.39,9.95
4,-13.215,-5.030246017840481,8.52,9.93
4,-9.745000000000001,-10.230246017840482,5.05,5.2
4,4.695000000000001,-6.619257888917759,7.8,9.93
4,-4.695,-3.387787485186591,9.39,7.6
4,4.695,3.3107421110822406,6.64,5.11
4,-4.695,4.212212514813409,9.39,5.16
4,-9.705,4.899753982159519,5.01,5.36
5,-4.78,-13.307561760142239,9.56,9.92
5,-10.16,-9.83432763334637,5.38,9.92
5,4.78,-8.378991586103904,6.61,6.9
5,-4.78,-3.3875617601422388,9.56,8.53
5,4.78,-1.4789915861039038,8.67,5.83
5,-12.600000000000001,0.08567236665363076,7.82,6.2
5,4.78,4.351008413896096,5.69,5.12
5,-4.780000000000001,5.142438239857761,9.56,7.46
6,-4.42,-13.431425836447895,8.84,9.92
6,-13.59,-3.90531688855079,9.17,5.55
6,-10.83,-8.965316888550788,6.41,5.06
6,4.419999999999999,-9.22069411703913,6.3,9.9
6,-4.42,-3.511425836447895,8.84,8.2
6,4.42,0.67930588296087,8.15,5.71
6,-12.16,1.64468311144921,7.74,5.36
6,-4.42,4.688574163552104,8.84,7.41
7,-4.89,-13.267535566185607,9.78,9.9
7,-12.780000000000001,-6.050718965544507,7.89,9.89
7,4.889999999999999,-6.533605436510537,7.65,6.42
7,-4.8900000000000015,-3.367535566185607,9.78,9.26
7,4.889999999999998,-0.11360543651053678,7.76,5.22
7,-10.98,3.8392810344554933,6.09,5.04
7,-4.890000000000001,5.892464433814393,9.9,5.23
8,-4.415,-13.433070200069679,8.83,9.9
8,-12.165,-7.207799594883313,7.75,9.95
8,4.414999999999999,-7.752997807300092,7.41,9.8
8,-4.414999999999999,-3.5330702000696785,8.61,9.79
8,4.195,2.0470021926999085,7.64,5.52
8,-11.665,2.7422004051166864,7.25,5.05
8,-4.414999999999999,6.256929799930321,8.49,6.37
9,-4.87,-13.274889830051322,9.74,9.89
9,-11.420000000000002,-8.3380573276993,6.55,9.8
9,4.869999999999999,-6.8680419334771114,7.49,9.79
9,-4.870000000000002,-3.3848898300513213,9.74,9.75
9,-12.05,1.461942672300701,7.18,5.59
9,4.869999999999998,2.9219580665228877,6.49,5.45
9,-4.870000000000001,6.365110169948679,9.74,5.79
10,-4.905,-13.261997398582162,9.81,9.84
10,-12.795000000000002,-6.0189347064077685,7.89,9.78
10,4.905000000000001,-8.331204894851645,6.52,9.76
10,-4.905000000000002,-3.421997398582162,9.81,9.62
10,4.9049999999999985,1.428795105148355,7.12,5.9
10,-10.795000000000002,3.761065293592231,5.89,5.32
10,-4.905000000000002,6.198002601417837,9.54,6.58
11,-4.63,-13.360490260465744,9.26,9.78
11,-12.999999999999998,-5.562337638079881,8.37,9.77
11,4.630000000000001,-8.185273361348415,6.9,7.09
11,-4.629999999999999,-3.5804902604657443,9.26,7.99
11,4.630000000000001,-1.095273361348415,8.62,5.99
11,-10.03,4.207662361920119,5.4,5.48
11,-4.629999999999999,4.409509739534256,9.23,8.88
11,4.600000000000001,4.894726638651585,5.22,5.27
12,-3.28,-13.754315686358229,6.56,9.75
12,-10.969999999999999,-8.92181035440678,7.69,9.72
12,3.2799999999999994,-10.372439443062563,6.33,9.72
12,-3.2799999999999985,-4.004315686358229,6.56,9.29
12,3.280000000000001,-0.652439443062562,9.78,5.49
12,-12.409999999999998,0.7981896455932205,9.13,5.62
12,3.280000000000001,4.837560556937438,6.2,5.65
12,-3.2799999999999976,5.28568431364177,6.56,7.9
13,-3.985,-13.566848381256422,7.97,9.71
13,-12.264999999999999,-7.036289860430711,8.28,9.69
13,3.9849999999999994,-7.139858191869079,8.22,9.69
13,-3.9849999999999994,-3.8568483812564214,7.97,7.28
13,3.9850000000000003,2.5501418081309204,7.18,6.05
13,-11.114999999999998,2.653710139569289,7.13,5.98
13,-3.9849999999999985,3.423151618743579,7.97,7.44
14,-4.93,-13.252724248244208,9.86,9.69
14,-11.71,-7.925623003903225,6.78,9.69
14,4.93,-5.654909371510744,8.03,9.67
14,-4.930000000000001,-3.5627242482442085,9.86,9.32
14,-12.35,1.7643769960967743,7.42,5.08
14,4.929999999999999,4.015090628489256,5.8,5.15
14,-4.93,5.757275751755792,9.86,6.12
15,-4.265,-13.481445582725913,8.53,9.68
15,-10.045000000000002,-9.951762406729774,5.78,9.66
15,4.265000000000001,-7.566807450966358,7.68,9.65
15,-4.2650000000000015,-3.801445582725913,8.53,8.87
15,-13.215,-0.2917624067297737,8.95,5.07
15,4.264999999999998,2.083192549033642,7.6,5.14
15,-9.475000000000001,4.778237593270227,5.21,5.48
15,-4.2650000000000015,5.068554417274086,8.49,8.28
16,-4.99,-13.230249430755265,9.98,9.67
16,-12.370000000000001,-6.85001459852459,7.38,9.65
16,4.99,-5.922330622314159,7.85,9.64
16,-4.990000000000001,-3.560249430755265,9.98,8.55
16,-11.520000000000003,2.7999854014754106,6.53,5.26
16,4.989999999999999,3.7176693776858416,5.84,5.19
16,-4.96,4.989750569244736,9.95,8.21
17,-4.645,-13.355282662676968,9.29,9.67
17,-13.075,-5.383676717634524,8.43,9.64
17,4.644999999999999,-8.559472822551633,6.61,9.64
17,-4.645,-3.6852826626769684,9.29,6.47
17,4.645,1.0805271774483671,7.97,5.11
17,-4.645,2.7847173373230314,9.29,6.56
17,-10.094999999999999,4.256323282365477,5.45,5.48
18,-4.345,-13.455875110894869,8.69,9.64
18,-13.075,-5.383676717634524,8.73,9.63
18,4.345,-8.611816010575238,6.87,7.67
18,-4.344999999999999,-3.8158751108948685,8.69,8.27
18,4.345000000000001,-0.9418160105752378,8.82,5.19
18,-10.645,4.246323282365477,6.3,5.06
18,4.345000000000001,4.248183989424763,5.97,5.34
18,-4.244999999999998,4.454124889105131,8.59,8.99
19,-4.08,-13.538581905059333,8.16,9.61
19,-11.879999999999999,-7.668454863921418,7.8,9.59
19,4.080000000000001,-7.821201953664155,7.7,9.61
19,-4.079999999999999,-3.9285819050593336,8.16,8.51
19,4.080000000000001,1.7887980463358444,7.83,5.79
19,-11.95,1.9215451360785822,7.87,5.26
19,-4.079999999999999,4.581418094940666,8.16,8.37
20,-2.855,-13.84877521660309,5.71,9.61
20,-8.475000000000001,-11.318744409164825,5.62,9.61
20,-13.605,-3.852736040789712,5.13,7.64
20,2.8550000000000004,-7.190895285011457,9.32,9.6
20,-2.8550000000000013,-4.238775216603091,5.71,8.1
20,-8.375,-1.7087444091648258,5.52,9.3
20,2.8549999999999986,2.4091047149885423,8.72,5.49
20,-2.8550000000000004,3.8612247833969082,5.71,7.65
21,-4.16,-13.514214738563243,8.32,9.6
21,-10.940000000000001,-8.958571314668427,6.78,9.6
21,4.16,-7.606129107502713,7.76,9.61
21,-4.160000000000001,-3.9142147385632438,8.32,8.86
21,-12.5,0.6414286853315723,8.34,5.78
21,4.159999999999999,2.003870892497287,7.67,5.01
21,-4.1,4.945785261436756,8.26,8.45
22,-3.265,-13.757884103306003,6.53,9.59
22,-9.225000000000001,-10.71629483543636,5.96,9.59
22,3.2650000000000006,-9.085283429811092,7.57,6.13
22,-3.2650000000000015,-4.167884103306003,6.53,5.5
22,3.264999999999999,-2.955283429811092,9.93,7.21
22,-13.215,-1.1262948354363598,9.95,6.02
22,-3.2650000000000006,1.3321158966939972,6.38,9.41
22,3.1149999999999993,4.254716570188908,7.42,5.14
22,-9.555,4.89370516456364,6.29,5.41
23,-4.87,-13.274889830051322,9.74,9.58
23,-10.63,-9.32430694475466,5.76,9.56
23,4.87,-6.93953888958049,7.45,9.55
23,-4.870000000000001,-3.6948898300513218,9.74,9.39
23,-12.610000000000001,0.23569305524534023,7.74,6.09
23,4.869999999999999,2.610461110419511,6.54,5.57
23,-4.870000000000001,5.695110169948679,9.74,5.24
24,-4.69,-13.339546469052086,9.38,9.55
24,-13.270000000000001,-4.88330830482778,8.58,9.55
24,-9.91,-10.03330830482778,5.22,5.15
24,4.690000000000001,-7.955092708447839,7.0,9.55
24,-4.690000000000001,-3.7895464690520857,9.38,8.77
24,4.6899999999999995,1.594907291552162,7.51,5.0
24,-10.020000000000001,4.66669169517222,5.33,5.26
24,-4.690000000000001,4.980453530947914,9.38,6.42
25,-4.915,-13.258294573586756,9.83,9.54
25,-13.125,-5.260605953690127,8.21,9.54
25,4.914999999999999,-7.888559754479903,6.82,9.27
25,-4.914999999999999,-3.718294573586757,9.83,5.26
25,4.915000000000001,1.3814402455200963,7.36,5.02
25,-4.715,1.5417054264132428,9.63,9.52
25,-10.105,4.279394046309872,5.39,5.53
26,-4.73,-13.325415565752536,9.46,9.54
26,-13.290000000000001,-4.828612637186792,8.56,9.54
26,4.73,-5.197797610526981,8.42,9.54
26,-4.73,-3.785415565752537,9.46,7.2
26,-4.73,3.4145844342474634,9.24,9.32
26,4.51,4.342202389473018,5.71,5.3
26,-10.010000000000002,4.711387362813207,5.28,5.23
27,-3.865,-13.601521054646794,7.73,6.88
27,-12.385,-6.822856806353187,8.52,9.5
27,3.865,-8.624823186593451,7.34,9.5
27,-3.865,-6.721521054646794,7.73,7.83
27,3.865,0.875176813406549,8.72,5.56
27,-3.865,1.1084789453532062,7.73,6.54
27,-11.285,2.6771431936468133,7.42,5.82
27,-3.865,7.648478945353206,9.59,5.22
28,-3.0,-13.818089592993672,6.0,9.5
28,-11.82,-7.760618532050136,8.82,9.49
28,2.999999999999999,-11.63176684773212,5.04,9.49
28,8.04,-4.990661278828688,5.19,9.46
28,-3.0,-4.3180895929936725,6.0,8.79
28,3.0,-2.1417668477321197,5.04,6.85
28,-12.29,1.7293814679498638,9.29,5.15
28,-3.0,4.471910407006327,6.0,8.15
28,3.0,4.70823315226788,6.33,5.81
29,-4.19,-13.504943539311817,8.38,9.47
29,-12.71,-6.19641025110507,8.52,9.46
29,4.190000000000001,-9.17398495747622,6.57,9.46
29,-4.190000000000001,-4.034943539311817,8.38,8.15
29,4.1899999999999995,0.28601504252378085,8.47,5.94
29,-11.190000000000001,3.2635897488949306,7.0,5.16
29,-4.190000000000001,4.115056460688184,8.38,6.98
30,-4.245,-13.487756485049692,8.49,9.45
30,-12.305000000000001,-6.9661018511072585,8.06,9.28
30,4.245,-9.542032016295062,6.19,9.45
30,-4.245000000000001,-4.037756485049693,8.34,9.38
30,4.094999999999999,-0.09203201629506275,8.44,6.5
30,-11.945,2.313898148892741,7.7,5.23
30,-4.245,5.342243514950308,8.24,7.89
31,-2.7,-13.879827088260143,5.4,9.45
31,-8.39,-11.381893515579911,5.69,9.44
31,-13.39,-4.543952024394625,5.0,8.78
31,2.6999999999999993,-8.227368959758643,8.8,9.43
31,-2.7,-4.429827088260144,5.4,7.1
31,-8.39,-1.9418935155799115,5.69,9.35
31,2.7,1.2026310402413571,9.77,5.28
31,-2.7,2.670172911739856,5.4,7.31
32,-3.875,-13.598675486972986,7.75,9.43
32,-11.705,-7.933005420393964,7.83,9.42
32,3.875,-7.53514266620082,8.09,9.52
32,-3.875,-4.168675486972987,7.75,7.57
32,-11.975,1.4869945796060362,8.1,5.81
32,3.875,1.9848573337991793,8.07,5.53
32,-3.875,3.4013245130270136,7.75,7.14
33,-2.54,-13.90999640546323,5.08,9.42
33,-10.739999999999998,-9.197390934390038,8.2,9.41
33,2.54,-9.89593856084404,7.56,9.41
33,-2.539999999999999,-4.489996405463231,5.08,9.76
33,2.540000000000001,-0.4859385608440405,9.7,7.2
33,-12.299999999999999,0.2126090656099624,9.76,6.42
33,-2.539999999999999,5.270003594536769,5.08,7.13
34,-3.345,-13.73865259041075,6.69,9.41
34,-9.295000000000002,-10.655635832741282,5.95,9.41
34,3.3450000000000006,-9.17984613160809,7.41,9.4
34,-3.3450000000000015,-4.32865259041075,6.69,6.04
34,-13.165000000000003,-1.2456358327412822,9.82,6.33
34,3.344999999999999,0.2201538683919111,9.76,5.07
34,-3.2750000000000012,1.7113474095892505,6.62,9.26
34,-9.455000000000002,5.084364167258718,6.18,5.36
34,3.344999999999999,5.290153868391911,6.13,5.1
35,-4.79,-13.30396557421884,9.58,9.38
35,-11.77,-7.836242722121363,6.98,9.38
35,4.790000000000001,-10.03683216956426,5.17,9.36
35,-4.789999999999999,-3.9239655742188386,9.57,9.21
35,4.780000000000001,-0.6768321695642605,8.03,6.46
35,-12.209999999999999,1.5437572778786377,7.42,5.56
35,-4.789999999999999,5.286034425781162,9.35,7.96
36,-4.235,-13.490899710545625,8.47,9.35
36,-10.945,-8.952461951887873,6.71,9.35
36,4.234999999999999,-5.911478241523016,8.61,9.34
36,-4.235,-4.140899710545625,8.47,7.87
36,-12.495,0.3975380481121267,8.26,6.12
36,4.235,3.4285217584769843,6.8,5.41
36,-4.234999999999999,3.729100289454375,8.47,7.92
37,-3.645,-13.662121906936711,7.29,9.34
37,-13.264999999999999,-4.896874002871631,9.62,9.33
37,-9.725,-10.22687400287163,6.08,5.33
37,3.6450000000000005,-10.53187423965934,5.79,9.33
37,-3.6449999999999996,-4.322121906936712,7.29,5.93
37,3.6450000000000005,-1.2018742396593396,9.64,5.73
37,-3.6449999999999996,1.607878093063288,7.29,7.34
37,-9.754999999999999,4.433125997128369,6.11,5.68
37,3.6450000000000005,4.528125760340661,6.09,5.54
38,-2.685,-13.88273658181268,5.37,9.33
38,-8.325,-11.429522080997089,5.64,9.32
38,-13.344999999999999,-4.6744598618450075,5.02,8.48
38,2.6850000000000005,-8.006283469875395,8.97,9.31
38,-2.6849999999999996,-4.552736581812679,5.37,8.15
38,-8.325,-2.1095220809970883,5.64,7.64
38,2.6850000000000005,1.3037165301246052,9.56,5.7
38,-2.6849999999999996,3.597263418187321,5.37,8.07
38,-9.305,5.530477919002911,6.62,5.07
39,-3.6,-13.674048412960955,7.2,9.31
39,-13.33,-4.717064765296319,9.73,9.3
39,-9.67,-10.29706476529632,6.07,5.58
39,3.5999999999999996,-6.05071896554451,9.18,9.3
39,-3.5999999999999996,-4.364048412960955,7.2,7.86
39,3.6000000000000005,3.2492810344554908,7.42,5.35
39,-3.5999999999999996,3.4959515870390456,7.2,6.0
39,-9.809999999999999,4.582935234703681,6.21,5.46
40,-4.48,-13.411532350928436,8.96,9.29
40,-12.36,-6.8680419334771114,7.88,9.45
40,4.48,-6.9217555576602114,7.85,9.28
40,-4.4799999999999995,-4.121532350928437,8.96,6.78
40,4.480000000000001,2.358244442339788,6.83,5.85
40,-11.38,2.581958066522888,6.9,5.63
40,-4.48,2.6584676490715635,8.96,6.67
41,-4.53,-13.394726574290347,9.06,9.27
41,-12.420000000000002,-6.758934827323014,7.89,9.27
41,4.530000000000001,-8.213373241245035,6.98,9.42
41,-4.530000000000002,-4.124726574290348,8.9,8.61
41,4.369999999999998,1.2066267587549646,8.24,5.13
41,-11.280000000000001,2.511065172676986,6.75,5.84
41,-4.530000000000001,4.485273425709652,8.9,5.63
42,-2.91,-13.83732271792488,5.82,9.27
42,-9.940000000000001,-10.056639597798062,7.03,9.26
42,2.910000000000001,-11.329960282366395,5.55,9.26
42,8.46,-3.9742546471005107,5.11,7.61
42,-2.910000000000001,-4.567322717924881,5.82,8.54
42,2.9099999999999993,-2.069960282366395,5.55,7.95
42,-12.44,-0.7966395977980625,9.53,7.5
42,-2.91,3.972677282075118,5.82,9.63
42,2.91,5.880039717633605,5.17,5.71
43,-3.32,-13.744715348089244,6.64,9.25
43,-10.46,-9.514620328736191,7.14,9.24
43,3.3200000000000003,-5.069477290608961,9.88,9.23
43,3.32,-10.12947729060896,6.46,5.06
43,-3.320000000000001,-4.494715348089244,6.64,8.02
43,-13.14,-0.2746203287361908,9.82,5.32
43,-3.3200000000000003,3.5252846519107557,6.42,7.99
43,3.0999999999999996,4.1605227093910395,7.32,5.19
43,-9.510000000000002,5.0453796712638095,6.19,5.41
44,-4.145,-13.518822988707264,8.29,9.23
44,-11.915,-7.613959219748949,7.77,9.23
44,4.145,-8.791130473380544,6.93,9.2
44,-4.145,-4.288822988707263,8.28,9.18
44,4.135,0.40886952661945486,8.47,5.98
44,-11.835,1.6160407802510512,7.69,5.85
44,-4.1450000000000005,4.891177011292736,8.28,5.61
45,-4.6,-13.370848888533592,9.2,9.19
45,-11.879999999999999,-7.668454863921418,7.28,9.19
45,4.6,-9.079317154940673,6.24,9.18
45,-4.599999999999999,-4.180848888533593,9.2,5.51
45,4.6000000000000005,0.10068284505932645,8.0,6.29
45,-4.489999999999999,1.3291511114664072,9.09,9.16
45,-12.04,1.5215451360785819,7.55,5.75
46,-2.95,-13.828850277589963,5.9,9.17
46,-8.709999999999999,-11.13891825986707,5.76,9.17
46,-13.719999999999999,-3.420701682403781,5.01,6.72
46,2.95,-11.540827526655098,5.22,9.17
46,8.17,-4.964070910049533,5.07,9.07
46,-2.9499999999999993,-4.658850277589963,5.9,6.17
46,2.950000000000001,-2.3708275266550984,5.22,8.25
46,-8.709999999999999,-1.9689182598670705,5.68,8.95
46,-3.0299999999999994,1.5111497224100372,5.98,8.58
46,2.950000000000001,5.879172473344902,5.47,5.43
47,-4.66,-13.350056179657074,9.32,9.14
47,-13.34,-4.688709843869634,8.68,9.14
47,4.660000000000001,-8.157027644920667,6.89,9.14
47,-4.66,-4.210056179657073,9.31,9.08
47,4.65,0.9829723550793332,7.52,6.2
47,-10.02,4.451290156130367,5.36,5.4
47,-4.659999999999999,4.869943820342927,9.0,8.27
48,-4.925,-13.254583169605901,9.85,9.13
48,-11.905000000000001,-7.629585506434801,6.98,9.12
48,4.924999999999999,-4.9773863623391765,8.31,9.1
48,-4.925000000000001,-4.1245831696059,9.85,7.95
48,-12.105,1.490414493565198,7.18,5.64
48,-4.925000000000001,3.8254168303941,9.74,9.06
48,4.8149999999999995,4.122613637660823,5.16,5.85
49,-4.355,-13.452641933835897,8.71,9.13
49,-12.835,-5.933158939384651,8.48,9.11
49,4.355,-5.574008880509609,8.64,9.09
49,-4.0649999999999995,-4.322641933835897,8.42,9.07
49,-11.225,3.1768410606153488,7.16,5.36
49,4.355,3.5159911194903906,6.74,5.19
49,-4.0649999999999995,4.747358066164104,8.18,8.77
50,-3.235,-13.764969124556728,6.47,9.08
50,-10.385,-9.59642511563551,7.15,9.01
50,3.2349999999999994,-5.134099239399259,9.94,9.06
50,3.235,-10.91409923939926,5.7,5.78
50,-3.1850000000000005,-4.684969124556728,6.42,9.04
50,-13.155000000000001,-0.5864251156355103,9.97,5.28
50,3.2349999999999994,3.925900760600742,6.92,5.59
50,-3.1850000000000005,4.355030875443271,6.42,8.51
50,-9.815000000000001,4.69357488436449,6.63,5.48
51,-4.07,-13.541591486970798,8.14,9.05
51,-11.81,-7.775827930194958,7.74,9.04
51,4.070000000000001,-9.150475397486186,6.71,9.04
51,-4.07,-4.491591486970798,8.14,5.29
51,4.07,-0.11047539748618718,8.59,6.36
51,-3.9499999999999993,0.7984085130292025,8.02,8.95
51,-11.78,1.2641720698050412,7.83,6.53
52,-3.33,-13.742296023590818,6.66,9.03
52,-8.46,-11.329960282366395,5.13,9.02
52,-13.59,-3.90531688855079,5.13,7.56
52,3.33,-7.910828022400689,8.39,9.07
52,-3.2699999999999996,-4.7122960235908185,6.6,8.92
52,-8.46,-2.3099602823663954,5.19,7.94
52,3.33,1.1591719775993115,8.3,6.76
52,-3.2700000000000005,4.2077039764091815,6.6,6.56
53,-3.57,-13.681911416172815,7.14,9.01
53,-10.620000000000001,-9.335694939317586,7.05,9.01
53,3.5699999999999994,-9.708820731685185,6.71,9.01
53,-3.570000000000001,-4.671911416172815,7.14,8.75
53,3.5699999999999985,-0.6988207316851849,9.6,5.82
53,-13.31,-0.32569493931758586,9.74,5.01
53,-3.5700000000000003,4.078088583827185,7.14,7.7
53,-9.77,4.684305060682414,6.2,5.44
53,3.5699999999999994,5.121179268314815,5.72,5.49
54,-3.005,-13.817003112107923,6.01,9.0
54,-12.454999999999998,-6.694219521348256,9.45,8.99
54,3.005000000000001,-8.689394397770192,8.15,8.99
54,-3.004999999999999,-4.817003112107923,6.01,8.08
54,3.005000000000001,0.30060560222980826,9.42,5.59
54,-11.604999999999999,2.2957804786517446,8.6,5.42
54,-3.004999999999999,3.2629968878920774,6.01,8.13
55,-3.8,-13.619823787406355,7.6,8.99
55,-10.5,-9.470459334161148,6.7,8.99
55,3.8000000000000007,-4.602466729917771,9.57,8.98
55,3.8,-10.642466729917771,5.43,6.04
55,-3.7299999999999995,-4.629823787406355,7.53,8.74
55,-13.16,-0.4804593341611483,9.43,5.42
55,-3.7300000000000004,4.110176212593645,7.53,8.69
55,3.8,4.377533270082229,5.91,5.87
55,-8.98,4.939540665838852,5.25,5.82
56,-4.675,-13.344810789216908,9.35,8.98
56,-10.995000000000001,-8.890982791570345,6.32,8.98
56,4.674999999999999,-10.081288360125408,5.24,8.98
56,-4.675000000000001,-4.364810789216907,9.21,8.88
56,4.535,-1.101288360125407,8.81,5.66
56,-12.615000000000002,0.08901720842965588,7.94,6.24
56,-4.675000000000002,4.5151892107830935,9.16,8.59
56,4.4849999999999985,4.558711639874593,5.05,5.84
57,-4.935,-13.250863179430992,9.87,8.96
57,-11.715,-7.918230547287697,6.78,8.96
57,4.934999999999999,-5.455966917055129,8.11,8.93
57,-4.935,-4.290863179430991,9.87,6.37
57,-12.614999999999998,1.0417694527123036,7.68,5.15
57,-4.934999999999999,2.0791368205690093,9.87,5.12
57,4.9350000000000005,3.474033082944871,5.35,6.06
57,-5.014999999999997,7.199136820569009,9.95,5.9
58,-4.955,-13.243397411540592,9.91,8.93
58,-13.165000000000001,-5.1596874905366095,8.21,8.91
58,4.955,-7.10555944314028,7.27,8.91
58,-4.955,-4.313397411540592,9.91,7.62
58,4.955,1.8044405568597197,7.28,5.03
58,-4.765000000000001,3.306602588459408,9.72,8.87
58,-10.185,3.7503125094633907,5.42,5.89
59,-3.255,-13.7602534497007,6.51,8.91
59,-10.264999999999999,-9.724678657930042,7.01,8.9
59,3.255,-9.77718645623576,6.96,8.89
59,-3.254999999999999,-4.8502534497007,6.51,6.43
59,3.255000000000001,-0.8871864562357601,9.16,7.58
59,-12.395,-0.8246786579300416,9.14,7.41
59,-3.144999999999998,1.5797465502992996,6.4,8.77
60,-4.34,-13.457488621581666,8.68,8.88
60,-9.52,-10.455104016699213,5.18,8.87
60,4.34,-9.740487667463062,5.91,8.83
60,-4.16,-4.577488621581665,8.5,8.79
60,-13.32,-1.5851040166992139,9.16,6.21
60,4.34,-0.9104876674630624,8.96,5.62
60,-3.880000000000001,4.212511378418334,8.22,8.82
60,-9.18,4.624895983300786,5.3,6.11
61,-4.96,-13.241525591864406,9.92,8.85
61,-13.0,-5.562337638079876,8.04,8.78
61,4.96,-8.566043427394003,6.29,8.78
61,-4.960000000000001,-4.391525591864406,9.8,8.8
61,4.84,0.213956572605996,7.82,5.75
61,-10.63,3.217662361920123,5.67,6.1
61,-4.960000000000001,4.408474408135595,9.7,8.72
62,-4.72,-13.328960949751485,9.44,8.85
62,-10.549999999999999,-9.414727824000014,5.83,8.76
62,4.72,-6.903911934548414,7.62,8.75
62,-4.5600000000000005,-4.478960949751485,9.28,8.79
62,-12.82,-0.6547278240000143,8.26,6.38
62,4.719999999999999,1.8460880654515863,7.23,5.59
62,-4.5600000000000005,4.311039050248514,9.28,8.04
63,-4.965,-13.239651619283643,9.93,8.78
63,-11.085,-8.778517813389684,6.12,8.75
63,4.965,-9.498103758119303,5.51,7.81
63,-4.965000000000001,-4.459651619283644,9.93,9.58
63,4.964999999999999,-1.6881037581193032,8.4,6.14
63,-12.675,-0.02851781338968351,7.71,6.0
63,-4.965000000000001,5.120348380716356,9.79,8.07
64,-4.685,-13.341303347124674,9.37,8.74
64,-12.745,-6.124097892751229,8.06,8.73
64,4.6850000000000005,-6.124097892751225,8.06,8.73
64,-4.684999999999999,-4.601303347124674,9.37,7.29
64,-11.584999999999999,2.605902107248771,6.9,5.27
64,4.6850000000000005,2.605902107248771,6.83,5.16
64,-4.684999999999999,2.6886966528753264,9.37,5.41
64,-4.940813394582935,8.098696652875326,8.92,5.15
65,-4.635,-13.35875649153019,9.27,8.73
65,-12.915,-5.756941462269705,8.28,8.72
65,4.635,-9.295728857921794,6.02,8.72
65,-4.635,-4.62875649153019,9.27,7.8
65,4.635,-0.5757288579217938,7.95,6.81
65,-10.855,2.963058537730296,6.22,5.93
65,-4.635000000000001,3.17124350846981,9.27,6.59
66,-2.935,-13.83204160635732,5.87,8.72
66,-10.795000000000002,-9.132774770024715,7.86,8.71
66,2.9350000000000005,-10.311836645331422,6.74,8.71
66,-2.9350000000000014,-5.1120416063573195,5.87,6.49
66,2.9349999999999987,-1.6018366453314208,9.36,8.29
66,-12.475000000000001,-0.42277477002471464,9.54,6.89
66,-2.9350000000000023,1.3779583936426807,5.87,6.75
66,-5.100720871362161,8.127958393642682,8.97,5.06
67,-3.055,-13.806034006911617,6.11,8.7
67,-10.155,-9.83949058640741,7.1,8.68
67,3.0550000000000006,-10.13022087617047,6.81,8.68
67,-3.0549999999999997,-5.106034006911617,6.11,7.97
67,3.0550000000000006,-1.4502208761704711,9.36,8.2
67,-12.295,-1.1594905864074097,9.24,7.84
67,-3.0549999999999997,2.8639659930883825,6.11,6.3
68,-3.38,-13.73008375793826,6.76,8.68
68,-11.709999999999999,-7.925623003903229,8.33,8.67
68,3.38,-10.006972569163963,6.61,8.67
68,-3.379999999999999,-5.0500837579382605,6.76,7.13
68,3.380000000000001,-1.3369725691639633,9.84,6.26
68,-12.36,0.7443769960967712,8.98,6.04
68,-3.379999999999999,2.0799162420617394,6.76,6.97
68,3.380000000000001,4.9230274308360364,5.66,5.52
69,-3.105,-13.794874954126987,6.21,8.63
69,-8.915,-10.975535294462864,5.81,7.45
69,3.1050000000000004,-7.8885597544799,8.63,8.62
69,-2.9449999999999994,-5.1648749541269865,6.05,8.41
69,-12.555,-3.5255352944628635,9.61,8.55
69,3.1050000000000004,0.7314402455200995,9.24,6.15
69,-2.9450000000000003,3.2451250458730136,6.05,8.05
69,-8.975000000000001,5.024464705537137,6.03,5.86
70,-4.035,-13.552061651276532,8.07,8.61
70,-9.465,-10.50492146567503,5.43,8.61
70,4.035,-6.387595400461742,8.58,8.6
70,-4.035,-4.942061651276532,8.07,6.76
70,-13.195,-1.894921465675031,9.16,6.81
70,-4.035,1.8179383487234677,8.07,5.35
70,4.035,2.2124045995382575,7.54,5.52
70,-9.165,4.9150785343249686,5.13,5.83
70,-4.034999999999999,7.167938348723467,8.0,6.19
71,-4.135,-13.521885038706698,8.27,8.6
71,-9.655,-10.330565086189624,5.52,8.6
71,4.135,-7.190895285011459,8.04,8.59
71,-4.135,-4.921885038706698,8.27,7.27
71,-13.365,-1.7305650861896247,9.23,6.08
71,4.135,1.3991047149885407,7.77,6.21
71,-4.115,2.3481149612933017,8.25,8.43
71,-9.865,4.349434913810375,5.75,5.39
72,-3.655,-13.659450025531775,7.31,8.58
72,-12.684999999999999,-6.2474294713906176,9.03,8.57
72,3.6550000000000002,-8.092933646089037,7.94,8.57
72,-3.6549999999999994,-5.079450025531775,7.3,8.32
72,3.6450000000000005,0.4770663539109634,8.76,6.25
72,-11.785,2.3225705286093827,8.13,5.39
72,-3.6549999999999994,3.240549974468225,7.24,8.14
73,-4.52,-13.398104343525617,9.04,8.56
73,-12.36,-6.8680419334771114,7.84,8.56
73,4.52,-7.714732659010293,7.33,8.56
73,-4.52,-4.838104343525616,9.04,7.22
73,4.52,0.8452673409897073,8.05,5.41
73,-11.93,1.691958066522889,7.41,5.84
73,-4.52,2.3818956564743834,9.04,5.95
73,-4.13496527862317,8.331895656474384,7.67,5.19
74,-2.86,-13.84774349849101,5.72,8.56
74,-8.32,-11.433162292209447,5.46,8.55
74,-13.52,-4.141159257985623,5.2,7.9
74,2.8599999999999994,-7.479278040024987,9.14,8.53
74,-2.8600000000000003,-5.287743498491009,5.72,6.45
74,-8.32,-2.8831622922094464,5.46,7.15
74,2.8599999999999994,1.0507219599750126,9.5,5.8
74,-2.8400000000000007,1.162256501508991,5.7,8.18
74,-10.16,4.266837707790554,7.32,5.47
75,-3.705,-13.645972849159564,7.41,8.53
75,-11.325,-8.466638943524167,7.62,8.52
75,3.705,-10.349220985175648,5.93,7.38
75,-3.704999999999999,-5.115972849159565,7.41,6.46
75,3.705000000000001,-2.9692209851756486,9.62,7.56
75,-13.124999999999998,0.05336105647583267,9.42,5.05
75,-3.7049999999999983,1.344027150840435,7.41,8.25
75,3.705000000000002,4.590779014824351,5.71,5.89
75,-9.145,5.1033610564758325,5.44,5.68
76,-2.705,-13.87885351893304,5.41,8.52
76,-9.615,-10.367804733886533,6.91,8.31
76,2.705,-6.675580499102682,9.76,8.49
76,-2.705,-5.35885351893304,5.41,7.97
76,-12.405,-2.057804733886533,9.7,8.41
76,2.705,1.8144195008973183,8.81,6.29
76,-2.6849999999999996,2.6111464810669593,5.39,8.3
77,-4.44,-13.424827745636069,8.88,8.49
77,-12.130000000000003,-7.266546635094277,7.69,8.49
77,4.440000000000001,-7.821201953664155,7.34,8.47
77,-4.440000000000002,-4.934827745636069,8.88,7.55
77,4.439999999999999,0.6487980463358456,8.09,5.8
77,-11.98,1.2234533649057235,7.54,6.19
77,-4.44,2.615172254363931,8.82,8.42
78,-3.505,-13.698707055777199,7.01,8.46
78,-12.485,-6.638100255344148,8.98,8.42
78,3.505000000000001,-7.8736633786313215,8.24,8.4
78,-3.504999999999999,-5.238707055777198,6.85,8.35
78,3.3450000000000006,0.5263366213686789,9.13,5.74
78,-11.735,1.7818997446558518,8.23,5.87
78,-3.504999999999999,3.111292944222802,6.85,8.11
79,-3.84,-13.608600221918492,7.68,8.4
79,-9.57,-10.409356368191071,5.73,8.4
79,3.84,-6.317998100664482,8.81,8.39
79,-3.8,-5.208600221918491,7.64,8.02
79,-13.21,-2.009356368191071,9.41,6.35
79,3.84,2.0720018993355183,8.1,5.36
79,-3.6100000000000003,2.8113997780815083,7.45,8.31
79,-9.85,4.340643631808929,6.24,5.53
80,-3.29,-13.751927137677832,6.58,8.39
80,-9.48,-10.49138694358377,6.19,8.36
80,3.289999999999999,-7.590434770156452,8.64,8.35
80,-3.0900000000000007,-5.3619271376778315,6.38,8.26
80,-13.06,-2.1313869435837702,9.97,6.33
80,3.289999999999999,0.759565229843548,9.29,5.47
80,-3.09,2.8980728623221683,6.38,6.62
80,-10.219999999999999,4.19861305641623,7.13,5.57
81,-4.0,-13.562433409974775,8.0,8.32
81,-10.75,-9.185700844246998,6.75,8.5
81,3.999999999999999,-9.623408959407266,6.36,8.31
81,-4.0,-5.242433409974774,8.0,8.09
81,4.0,-1.3134089594072655,9.42,5.76
81,-12.75,-0.6857008442469983,8.75,6.61
81,-4.0,2.8475665900252256,7.96,8.3
81,3.96,4.446591040592734,5.1,6.27
82,-4.97,-13.237775492883992,9.94,8.29
82,-10.329999999999998,-9.655604590081351,5.36,8.28
82,4.97,-5.76814528249766,7.94,8.27
82,-4.750000000000001,-4.947775492883993,9.72,8.16
82,-13.34,-1.3756045900813518,8.59,6.02
82,4.97,2.50185471750234,6.09,6.25
82,-4.75,3.212224507116007,9.72,7.83
83,-3.185,-13.776624223662342,6.37,8.25
83,-8.975000000000001,-10.926526209184692,5.79,8.25
83,3.1850000000000005,-7.503290944645556,8.8,8.24
83,-3.1850000000000014,-5.526624223662342,6.37,6.21
83,-13.065000000000003,-2.6765262091846918,9.88,7.93
83,-3.1850000000000023,0.683375776337658,6.35,8.2
83,3.1649999999999974,0.736709055354444,9.27,5.95
83,-8.265000000000002,5.253473790815308,5.08,6.12
84,-4.03,-13.55354935063137,8.06,8.24
84,-11.900000000000002,-7.637381750312078,7.87,8.24
84,4.03,-10.694722997815324,5.22,8.23
84,-4.030000000000002,-5.313549350631369,7.86,8.22
84,3.8299999999999983,-2.464722997815324,9.61,6.26
84,-12.48,0.6026182496879224,8.45,5.68
84,-4.030000000000001,2.9064506493686313,7.86,7.47
84,3.829999999999999,3.795277002184676,6.14,6.11
85,-4.2,-13.501836912064965,8.4,8.22
85,-12.85,-5.900601664237302,8.65,8.21
85,4.200000000000001,-9.966880153789349,5.83,8.16
85,-4.199999999999999,-5.281836912064964,8.4,5.72
85,4.200000000000001,-1.8068801537893489,8.97,6.2
85,-4.159999999999998,0.43816308793503556,8.36,7.78
85,-11.439999999999998,2.3093983357626993,7.28,5.73
85,4.200000000000001,4.393119846210651,5.0,6.0
85,-3.8799999999999972,8.218163087935036,8.08,5.26
86,-4.3,-13.470322935995261,8.6,8.13
86,-10.8,-9.126861453972007,6.5,8.12
86,4.3,-10.24095210417469,5.45,8.11
86,-4.300000000000001,-5.34032293599526,8.6,7.27
86,4.299999999999999,-2.130952104174691,8.94,6.42
86,-13.3,-1.0068614539720073,9.0,5.58
86,-4.300000000000001,1.9296770640047392,8.6,6.83
86,4.299999999999999,4.289047895825309,5.13,6.19
86,-9.36,4.573138546027993,5.06,5.91
87,-3.51,-13.697426765637406,7.02,8.1
87,-9.48,-10.49138694358377,5.97,8.1
87,3.509999999999999,-9.425921705594632,7.03,8.07
87,-3.5100000000000007,-5.597426765637406,7.02,7.75
87,-13.200000000000001,-2.39138694358377,9.69,7.05
87,3.509999999999999,-1.355921705594632,9.66,6.23
87,-3.5100000000000016,2.1525732343625936,7.02,7.05
87,-8.900000000000002,4.65861305641623,5.39,6.24
87,3.509999999999998,4.874078294405368,5.38,6.07
88,-4.495,-13.406512410019245,8.99,8.05
88,-13.195,-5.082477250318,8.7,8.05
88,4.494999999999999,-6.638100255344148,7.99,8.05
88,-4.495000000000001,-5.356512410019244,8.99,5.85
88,-4.495000000000001,0.4934875899807558,8.92,7.95
88,4.424999999999999,1.4118997446558526,7.45,5.79
88,-10.645000000000001,2.9675227496820007,6.15,6.01
89,-4.91,-13.260147058008068,9.82,8.02
89,-12.719999999999999,-6.17585621594286,7.81,8.02
89,4.910000000000001,-7.283213576437258,7.21,8.38
89,-4.909999999999999,-5.240147058008068,9.59,8.01
89,4.680000000000001,1.096786423562743,7.28,6.26
89,-11.45,1.84414378405714,6.54,6.09
89,-4.909999999999999,2.7698529419919318,9.52,6.32
90,-2.905,-13.838373278676942,5.81,8.01
90,-8.864999999999998,-11.015960012636214,5.96,8.0
90,2.9049999999999994,-9.68228149766366,7.4,7.99
90,-2.785000000000001,-5.828373278676942,5.69,7.61
90,-12.485,-3.0159600126362136,9.7,7.9
90,2.9049999999999994,-1.692281497663659,9.65,7.84
90,-2.615,1.7816267213230583,5.52,9.91
90,-9.225000000000001,4.884039987363787,6.61,5.76
91,-3.22,-13.768485755521557,6.44,9.16
91,-10.16,-9.83432763334637,6.94,7.98
91,3.2200000000000006,-9.220694117039129,7.5,7.97
91,-3.01,-4.608485755521556,6.23,7.8
91,-12.77,-1.8543276333463687,9.76,7.81
91,3.2200000000000006,-1.2506941170391288,9.16,7.78
91,-3.01,3.1915142444784435,6.23,7.19
92,-3.56,-13.684516798192035,7.12,7.97
92,-11.5,-8.227368959758643,7.94,7.95
92,3.5600000000000005,-9.289994617867118,7.1,7.95
92,-3.5599999999999996,-5.714516798192036,7.12,7.68
92,3.5600000000000005,-1.3399946178671174,9.53,6.2
92,-13.299999999999999,-0.2773689597586424,9.74,5.0
92,-3.5399999999999974,1.965483201807964,7.1,7.82
92,-9.289999999999997,4.722631040241358,5.75,5.9
92,3.5600000000000023,4.860005382132883,5.46,5.81
93,-3.815,-13.615629805484579,7.63,6.72
93,-12.275,-7.018830030710248,8.46,7.94
93,3.8149999999999995,-10.245710077881379,5.93,7.93
93,-3.8149999999999995,-6.895629805484579,7.63,6.8
93,3.8150000000000004,-2.315710077881379,9.34,6.13
93,-3.8149999999999995,-0.09562980548457922,7.63,6.72
93,-12.434999999999999,0.9211699692897524,8.62,5.74
93,3.8150000000000004,3.814289922118621,5.9,6.39
93,-3.6049999999999995,6.6243701945154205,7.42,6.9
94,-3.74,-13.636421818057697,7.48,7.92
94,-9.07,-10.847797011375167,5.33,7.92
94,3.740000000000001,-10.363165539544372,5.88,7.9
94,-3.74,-5.716421818057697,7.48,7.32
94,-13.38,-2.9277970113751675,9.64,7.37
94,3.74,-2.463165539544372,9.6,6.91
94,-3.74,1.6035781819423036,7.48,6.4
94,-9.350000000000001,4.442202988624833,5.61,6.11
94,3.74,4.446834460455628,5.34,6.02
94,-3.740000000000001,8.003578181942304,7.42,5.63
95,-3.665,-13.656770299012868,7.33,7.89
95,-10.474999999999998,-9.498103758119305,6.81,8.48
95,3.665,-8.289908021202649,7.79,7.85
95,-3.6649999999999983,-5.766770299012868,7.33,6.91
95,-13.155,-1.0181037581193042,9.49,6.01
95,3.665000000000002,-0.4399080212026494,8.92,6.44
95,-3.664999999999999,1.1432297009871322,7.33,6.84
95,-3.4077216103937547,7.983229700987133,6.75,5.74
96,-3.01,-13.815914736274252,6.02,7.84
96,-8.969999999999999,-10.930631271797619,5.96,7.84
96,3.01,-10.955181422505062,5.93,7.83
96,-3.009999999999999,-5.975914736274252,6.02,7.83
96,3.0100000000000007,-3.1251814225050616,9.78,7.77
96,-12.909999999999998,-3.090631271797619,9.9,7.23
96,-3.009999999999998,1.8540852637257483,6.02,6.36
96,-9.349999999999998,4.139368728202381,6.34,6.46
96,3.0100000000000016,4.644818577494938,5.58,6.46
97,-3.54,-13.689704160426551,7.08,7.82
97,-9.969999999999999,-10.026898822666958,6.43,7.76
97,3.539999999999999,-9.503615101633695,6.93,7.75
97,-3.539999999999999,-5.869704160426551,7.08,7.68
97,-13.29,-2.266898822666958,9.75,6.85
97,3.540000000000001,-1.7536151016336952,9.72,5.79
97,-3.539999999999999,1.810295839573449,6.89,7.72
97,3.3500000000000005,4.036384898366305,6.86,5.67
97,-8.919999999999998,4.583101177333042,5.38,6.38
98,-4.125,-13.524939001710877,8.25,7.73
98,-12.375,-6.840977634812148,8.25,7.72
98,4.125,-7.519240320670701,7.85,7.72
98,-4.125,-5.794939001710876,8.21,7.66
98,4.085000000000001,0.20075967932929917,8.41,6.34
98,-12.475,0.8790223651878515,8.35,5.4
98,-4.125,1.865060998289124,8.21,6.44
98,-4.253554968778649,8.305060998289125,8.33,5.18
99,-3.915,-13.587213658436376,7.83,7.72
99,-9.995,-10.001978554266152,6.08,7.72
99,3.915000000000001,-10.09111366500249,5.99,7.7
99,-3.914999999999999,-5.867213658436376,7.83,5.84
99,3.915000000000001,-2.3911136650024902,9.23,6.85
99,-13.135,-2.2819785542661526,9.22,7.05
99,-3.914999999999999,-0.027213658436376242,7.72,7.65
99,3.8050000000000006,4.458886334997509,5.17,6.24
99,-9.105,4.768021445733847,5.19,6.04
99,-3.915,7.622786341563624,7.67,5.94
100,-3.28,-13.754315686358229,6.56,7.68
100,-8.549999999999999,-11.262197831684544,5.27,7.66
100,-13.639999999999999,-3.7269290307168506,5.09,6.93
100,3.2800000000000002,-11.31499889527171,5.2,8.18
100,8.48,-3.7993683685581185,5.14,7.32
100,-3.2799999999999994,-6.074315686358229,6.56,7.32
100,-8.549999999999999,-3.6021978316845438,5.27,7.65
100,3.370000000000002,-3.1349988952717105,5.11,6.3
100,-3.2799999999999994,1.245684313641771,6.65,7.57
100,3.370000000000001,3.1650011047282893,5.09,6.96
100,-9.91,4.047802168315457,6.63,5.89
101,-4.235,-13.490899710545625,8.47,7.65
101,-10.965,-8.927954692985399,6.73,7.65
101,4.235000000000001,-5.823776695581653,8.65,7.63
101,-4.0649999999999995,-5.840899710545624,8.3,7.49
101,-13.445,-1.2779546929853982,9.38,5.39
101,-4.0649999999999995,1.6491002894543758,8.23,7.32
101,4.165000000000001,1.8062233044183467,7.84,5.56
101,-9.895,4.1120453070146015,5.83,5.97
102,-3.885,-13.595821968531363,7.77,7.63
102,-11.315,-8.47999852594327,7.43,7.63
102,3.884999999999999,-10.767654108486214,5.28,7.61
102,-3.885,-5.965821968531363,7.77,6.54
102,3.885,-3.1576541084862138,9.55,7.43
102,-13.285,-0.8499985259432696,9.4,5.64
102,-3.885,0.5741780314686373,7.7,7.26
102,3.8150000000000004,4.272345891513786,5.46,6.36
102,-4.264999999999999,7.834178031468637,8.08,5.35
103,-3.71,-13.644614322141905,7.42,7.6
103,-9.89,-10.105815157620883,6.18,7.6
103,3.710000000000001,-10.2788861264244,6.0,6.83
103,-3.710000000000001,-6.044614322141905,7.42,6.41
103,3.709999999999999,-3.4488861264243997,9.89,6.99
103,-13.23,-2.5058151576208836,9.52,5.98
103,-3.4799999999999995,0.36538567785809484,7.19,7.57
103,-10.25,3.474184842379117,6.77,6.23
103,3.710000000000001,3.5411138735756005,6.74,5.77
103,-3.4800000000000004,7.935385677858095,6.84,5.67
104,-3.39,-13.727618147369922,6.78,7.58
104,-11.23,-8.592246504843772,7.84,7.57
104,3.3900000000000006,-10.864488022912077,5.66,8.27
104,-3.3900000000000006,-6.147618147369922,6.78,6.91
104,3.3899999999999997,-2.5944880229120777,9.88,6.97
104,-12.42,-1.0222465048437712,9.03,7.41
104,-3.3900000000000006,0.7623818526300781,6.78,6.32
104,3.3899999999999997,4.375511977087922,5.45,6.54
104,-6.02,7.082381852630078,9.41,5.67
105,-3.585,-13.677988704484296,7.17,7.54
105,-10.355,-9.628788864649593,6.77,7.54
105,3.585,-10.051695130673235,6.36,7.54
105,-3.585000000000001,-6.137988704484296,6.97,7.5
105,3.384999999999999,-2.5116951306732345,9.88,6.64
105,-13.235000000000001,-2.088788864649593,9.65,5.75
105,-3.405000000000002,1.3620112955157042,6.79,6.25
105,-10.435000000000002,3.661211135350407,7.03,5.83
105,3.384999999999998,4.128304869326765,6.35,5.96
105,-2.525000000000002,7.612011295515704,5.91,6.1
106,-4.435,-13.426480365307954,8.87,7.51
106,-10.915,-8.989014128368028,6.48,7.5
106,4.435,-9.19154910774022,6.31,7.49
106,-4.434999999999999,-5.9164803653079545,8.72,7.45
106,4.285000000000002,-1.7015491077402203,8.55,7.45
106,-13.294999999999998,-1.4890141283680283,8.86,6.3
106,-4.364999999999997,1.5335196346920457,8.65,7.42
107,-4.195,-13.503391240721717,8.39,7.45
107,-10.245000000000001,-9.745746508092646,6.05,7.44
107,4.195000000000001,-9.47599994723512,6.3,8.53
107,-4.0249999999999995,-6.053391240721717,8.22,7.2
107,-13.354999999999999,-2.3057465080926454,9.33,6.2
107,4.195000000000001,-0.945999947235121,8.46,7.2
107,-4.024999999999999,1.1466087592782834,8.22,8.77
107,-9.474999999999998,3.894253491907355,5.45,6.53
108,-3.7,-13.647329409082204,7.4,7.02
108,-11.02,-8.859977426607813,7.32,7.31
108,3.6999999999999993,-8.171168827040598,7.84,6.61
108,-3.6999999999999993,-6.627329409082204,7.27,7.19
108,3.5700000000000003,-1.5611688270405972,9.52,5.72
108,-13.17,-1.5499774266078132,9.47,5.88
108,-3.6999999999999993,0.5626705909177963,7.05,7.22
108,3.3500000000000005,4.1588311729594025,5.98,6.31
108,-9.28,4.330022573392187,5.58,6.32
109,-3.325,-13.743506648595911,6.65,7.29
109,-10.305,-9.68228149766366,6.98,7.28
109,3.3249999999999993,-10.707678319785295,5.91,8.63
109,-3.245000000000001,-6.453506648595911,6.57,6.83
109,-13.135000000000002,-2.402281497663659,9.89,7.33
109,3.3249999999999993,-2.077678319785294,9.09,7.06
109,-3.0650000000000004,0.3764933514040889,6.39,6.46
109,-8.205000000000002,4.927718502336341,5.14,6.38
109,-3.065000000000002,6.836493351404089,8.74,6.11
110,-2.675,-13.88466690273843,5.35,7.26
110,-7.995000000000001,-11.662743030693937,5.32,7.25
110,-13.275000000000002,-4.86969968273198,5.28,7.16
110,2.6750000000000007,-8.519881161143037,8.61,7.23
110,-2.5549999999999997,-6.624666902738431,5.23,6.84
110,-7.995000000000002,-4.412743030693937,5.37,7.09
110,2.6750000000000007,-1.289881161143036,9.88,7.65
110,-2.504999999999999,0.2153330972615688,5.18,6.79
110,-10.655,2.677256969306063,8.15,6.27
110,-2.504999999999999,7.005333097261569,7.7,6.01
111,-3.99,-13.56537872674405,7.98,6.81
111,-10.26,-9.729953751174772,6.27,7.18
111,3.990000000000001,-10.03683216956426,5.97,7.18
111,-3.99,-6.755378726744051,7.94,7.19
111,3.95,-2.8568321695642602,9.33,6.44
111,-13.59,-2.5499537511747725,9.6,6.13
111,-3.9700000000000006,0.43462127325594935,7.92,7.05
111,-9.81,3.5800462488252274,5.84,6.51
111,3.9499999999999993,3.58316783043574,5.84,6.37
111,-3.9700000000000006,7.484621273255949,7.59,5.78
112,-3.77,-13.628158349534981,7.54,7.17
112,-10.04,-9.956806717015251,6.27,7.17
112,3.7699999999999996,-10.5363513608839,5.66,7.17
112,-3.7699999999999996,-6.4581583495349815,7.45,6.68
112,3.6800000000000006,-3.3663513608839004,9.05,6.99
112,-13.15,-2.786806717015251,9.38,7.73
112,-3.7699999999999996,0.22184165046501825,7.21,6.81
112,3.4400000000000004,3.6236486391161,6.18,6.65
112,-5.369999999999999,7.031841650465018,8.81,5.82
113,-3.15,-13.784669020328346,6.3,7.11
113,-9.0,-10.905943333797403,5.85,7.1
113,3.1499999999999995,-10.805794741711505,5.97,7.09
113,-3.1000000000000005,-6.674669020328346,6.25,6.69
113,-13.030000000000001,-3.805943333797403,9.93,7.68
113,3.1499999999999995,-3.7157947417115054,9.34,7.15
113,-3.1000000000000014,0.015330979671654532,6.19,6.69
113,3.089999999999999,3.434205258288495,7.37,5.85
113,-9.500000000000002,3.8740566662025966,6.4,6.33
113,-3.1000000000000014,6.705330979671655,6.12,6.92
114,-4.35,-13.454259548559335,8.7,7.08
114,-10.03,-9.96688015378935,5.68,6.78
114,4.35,-8.670103805606944,6.82,7.05
114,-4.35,-6.374259548559335,8.7,6.88
114,-13.4,-3.1868801537893505,9.05,6.88
114,4.35,-1.6201038056069441,8.82,6.66
114,-4.3100000000000005,0.5057404514406647,8.66,6.91
114,-9.38,3.6931198462106494,5.07,6.84
114,-4.3100000000000005,7.415740451440665,8.75,5.96
115,-2.655,-13.888505139142946,5.31,7.0
115,-9.334999999999999,-10.62061085813806,6.68,6.99
115,2.6550000000000002,-10.283607100623788,7.05,6.98
115,-2.6549999999999994,-6.888505139142946,5.31,7.12
115,-11.754999999999999,-3.630610858138059,9.1,8.62
115,2.6550000000000002,-3.303607100623788,9.07,6.82
115,-2.6549999999999994,0.23149486085705373,5.19,6.96
115,2.535000000000001,3.5163928993762124,7.55,6.3
115,-8.254999999999999,4.98938914186194,5.6,6.43
116,-3.855,-13.604358676541867,7.71,9.9
116,-11.465,-8.27607243805901,7.61,6.89
116,3.8549999999999995,-9.19154910774022,6.89,6.87
116,-3.8549999999999995,-3.704358676541867,7.57,7.82
116,3.7150000000000007,-2.3215491077402204,8.73,6.15
116,-12.615,-1.3860724380590108,8.76,6.88
116,3.7150000000000007,3.82845089225978,6.06,6.2
116,-3.794999999999999,4.115641323458133,7.51,8.74
117,-4.26,-13.483026366509858,8.52,6.85
117,-12.1,-7.316392553711154,7.84,6.96
117,4.26,-9.740487667463062,5.99,7.6
117,-4.26,-6.633026366509858,8.52,7.16
117,4.26,-2.140487667463063,8.31,6.83
117,-12.52,-0.35639255371115386,8.26,6.8
117,-4.26,0.526973633490142,8.5,9.95
118,-3.46,-13.710142231209712,6.92,6.41
118,-10.440000000000001,-9.536561225095761,6.98,6.79
118,3.459999999999999,-10.797346896344491,5.67,6.73
118,-3.460000000000001,-7.300142231209712,6.85,6.51
118,3.389999999999999,-4.067346896344491,9.15,7.91
118,-12.39,-2.7465612250957614,8.93,8.83
118,-3.460000000000001,-0.7901422312097122,6.75,6.5
118,3.289999999999999,3.8426531036555094,6.45,6.14
118,-3.250000000000001,5.709857768790288,6.54,6.62
119,-2.79,-13.862016447833266,5.58,6.73
119,-9.84,-10.154506388791138,7.05,6.55
119,2.789999999999999,-10.202720225508491,7.0,6.75
119,-2.7700000000000005,-7.132016447833266,5.56,6.64
119,-11.5,-3.6045063887911377,8.73,6.68
119,2.789999999999999,-3.4527202255084912,8.85,6.13
119,-2.7699999999999996,-0.49201644783326604,5.53,6.95
119,2.7600000000000007,2.6772797744915087,7.97,6.42
119,-10.35,3.075493611208862,7.58,6.2
119,-2.7699999999999996,6.457983552166734,5.53,6.78
120,-3.595,-13.675363797720337,7.19,6.84
120,-10.745000000000001,-9.191549107740217,7.15,6.63
120,3.5949999999999998,-8.164102828847762,7.95,6.56
120,-3.5950000000000006,-6.835363797720337,7.19,6.56
120,-12.635,-2.561549107740217,9.04,7.05
120,3.5949999999999998,-1.6041028288477621,8.84,5.98
120,-3.5950000000000006,-0.27536379772033737,6.89,7.15
120,3.294999999999999,4.375897171152238,5.05,6.77
120,-4.5150000000000015,6.874636202279663,7.81,6.14
121,-3.625,-13.667442152795088,7.25,7.05
121,-9.594999999999999,-10.386316719607583,5.97,7.32
121,3.625000000000001,-8.331204894851645,7.8,6.7
121,-3.5749999999999993,-6.617442152795088,7.2,7.29
121,-12.114999999999998,-3.066316719607583,8.54,6.54
121,3.625000000000001,-1.6312048948516447,8.77,6.48
121,-3.2349999999999994,0.6725578472049119,6.86,6.15
121,-9.794999999999998,3.473683280392417,6.56,6.47
121,-3.2349999999999985,6.822557847204912,7.66,6.26
122,-4.045,-13.549080227085527,8.09,6.73
122,-9.945,-10.051695130673235,5.9,6.8
122,4.045,-8.064203308449013,7.57,9.52
122,-3.9849999999999994,-6.819080227085527,8.03,6.57
122,-12.615,-3.2516951306732347,8.63,7.02
122,-3.9849999999999994,-0.24908022708552657,7.81,6.96
122,3.825,1.4557966915509866,7.47,6.78
122,-4.055000000000001,6.710919772914473,7.88,6.42
123,-12.248700889362079,-7.064625009364665,7.61,7.11
123,-12.118700889362078,0.045374990635335344,7.48,7.24
123,-5.360241446456379,-13.084625009364665,8.37,6.02
123,3.0097585535436195,-9.536825538076748,7.43,7.2
123,-4.638700889362078,-7.064625009364665,7.62,6.87
123,2.981299110637922,-2.3368255380767478,8.37,6.52
123,-4.638700889362078,-0.19462500936466487,6.6,7.2
123,1.9612991106379214,4.183174461923252,6.34,6.52
123,-4.098700889362078,7.005374990635335,6.06,6.26
124,-13.598675486972986,-3.875,5.04,7.75
124,-8.976857746450035,-10.925,7.7,7.05
124,-1.2768577464500348,-13.466120595800481,5.59,9.87
124,4.313142253549965,-9.55498328424814,6.11,7.53
124,-8.558675486972987,-3.875000000000001,5.82,7.13
124,-2.738675486972987,-3.596120595800482,6.01,6.42
124,3.2713245130270128,-2.0249832842481394,8.21,7.45
124,-2.198675486972987,2.823879404199518,5.47,6.78
124,-7.208675486972987,3.254999999999999,5.01,7.95
