Instance: CBPP
Bin radius: 14.14
Rotate enable: true
Bin num: 8
Lower bound: 7
Opt: false
Gap: 0.125
Bin id,X coordinate of lower left corner,Y coordinate of lower left corner,Item's width,Item's height
1,-2.41,-13.93310805240525,4.82,9.95
1,-7.18,-12.181428487661043,4.77,9.93
1,-11.79,-7.80611939442384,4.61,9.87
1,-13.229999999999999,-4.990661278828695,1.44,9.94
1,2.41,-12.222417927726086,4.7,9.7
1,7.109999999999999,-7.447093392727125,4.91,9.46
1,12.02,-4.937317085219463,1.23,9.79
1,-2.41,-3.9831080524052513,4.79,9.04
1,2.38,-2.522417927726087,4.64,7.42
1,-7.11,-2.251428487661043,4.7,7.27
1,7.02,2.0129066072728756,4.62,5.99
1,-11.42,2.063880605576159,4.31,6.11
1,2.4799999999999995,4.897582072273913,4.54,6.94
1,-6.84,5.018571512338957,4.43,7.21
1,-2.41,5.056891947594748,4.74,7.2
1,-3.916116342039009,12.256891947594749,7.79,1.33
2,-4.905,-13.261997398582162,9.81,4.42
2,-8.965,-10.934732507016347,4.06,9.92
2,-13.365,-4.616965995109775,4.4,8.98
2,-10.045,-9.936965995109775,1.08,5.32
2,4.904999999999999,-11.429522080997089,3.42,9.89
2,8.325,-7.357579425327328,3.75,9.49
2,12.075,-5.003895982132325,1.15,9.07
2,-4.905,-8.841997398582162,9.81,2.44
2,-4.905,-6.4019973985821625,9.76,3.24
2,-4.905,-3.1619973985821623,9.53,3.13
2,4.645,-1.539522080997088,3.68,9.21
2,-8.965,-1.0147325070163475,4.06,6.32
2,-4.7749999999999995,-0.03199739858216244,9.42,3.78
2,8.325,2.132420574672672,3.56,5.22
2,-4.755,3.7480026014178374,9.4,3.49
2,-9.985,4.363034004890226,1.02,5.36
2,-8.965,5.305267492983653,4.09,5.37
2,-4.875,7.238002601417838,9.23,2.9
2,4.355,7.670477919002913,6.46,1.34
2,4.355,9.010477919002913,5.24,1.13
2,-4.875,10.138002601417838,9.07,2.9
3,-4.99,-13.230249430755265,9.98,3.23
3,-9.95,-10.046745741781267,4.96,8.2
3,-12.459999999999999,-6.684908376335463,2.51,9.99
3,-13.51,-4.17366745201388,1.05,7.82
3,4.99,-10.930631271797617,3.98,9.13
3,8.97,-4.514377033434404,4.43,8.6
3,-4.81,-10.000249430755265,9.8,2.46
3,-4.799999999999998,-7.5402494307552645,9.79,2.24
3,-4.81,-5.300249430755264,9.8,1.7
3,-4.799999999999998,-3.600249430755264,9.79,1.64
3,-4.879999999999998,-1.9602494307552643,9.87,1.33
3,-9.95,-1.8467457417812678,5.07,2.26
3,5.060000000000002,-1.8006312717976165,3.91,7.18
3,-3.929999999999998,-0.6302494307552642,8.99,4.04
3,-9.869999999999997,0.41325425821873196,5.94,4.42
3,-3.929999999999997,3.4097505692447356,8.99,1.66
3,8.970000000000002,4.085622966565595,1.28,5.57
3,-12.569999999999997,4.833254258218732,8.64,1.27
3,-3.929999999999996,5.069750569244736,8.93,2.52
3,5.070000000000002,5.379368728202383,3.9,5.15
3,-11.629999999999995,6.1032542582187315,7.7,1.76
3,-3.8099999999999996,7.589750569244735,8.88,1.35
3,-10.669999999999998,7.863254258218731,6.86,1.29
3,-3.549999999999998,8.939750569244735,8.62,3.44
3,-9.479999999999997,9.15325425821873,5.93,1.14
3,-4.332979876911043,12.379750569244734,7.57,1.08
4,-4.265,-13.481445582725913,8.53,4.1
4,-7.845000000000001,-11.764164866236788,3.58,9.02
4,-11.965,-7.53514266620082,4.12,8.43
4,-13.205,-5.05643896433053,1.24,9.95
4,4.264999999999999,-11.933456121342218,3.32,9.17
4,7.585,-8.399343724363233,3.79,8.46
4,11.375,-5.134099239399253,1.8,9.29
4,-4.265000000000001,-9.381445582725913,8.48,3.11
4,-4.265000000000001,-6.271445582725914,8.52,3.0
4,-4.265000000000001,-3.2714455827259137,8.48,2.68
4,4.215,-2.7634561213422177,3.37,6.55
4,-7.845,-2.7441648662367886,3.56,7.87
4,-4.285,-0.5914455827259135,8.31,2.58
4,7.585,0.06065627563676834,3.79,6.75
4,-11.945,0.8948573337991794,4.1,6.57
4,-4.285,1.9885544172740865,8.46,2.41
4,4.225000000000001,3.786543878657782,3.36,7.14
4,-3.4449999999999985,4.398554417274086,7.67,4.46
4,-7.794999999999998,5.1258351337632115,4.35,5.8
4,-3.4449999999999985,8.858554417274085,7.67,2.16
4,-4.914299010457325,11.018554417274085,9.25,2.24
5,-4.685,-13.341303347124674,9.37,2.71
5,-7.134999999999999,-12.207840718161425,2.45,9.57
5,-9.794999999999998,-10.197920131085557,2.66,9.31
5,-12.264999999999999,-7.036289860430711,2.47,9.38
5,-13.614999999999998,-3.8172470446645246,1.35,7.29
5,4.684999999999999,-11.296219500346124,3.82,8.12
5,8.504999999999999,-7.9330054203939655,3.2,8.58
5,11.704999999999998,-5.383676717634524,1.37,9.48
5,-4.684999999999999,-10.631303347124675,9.21,2.49
5,-4.684999999999999,-8.141303347124675,9.21,2.12
5,-4.684999999999999,-6.021303347124674,9.21,1.83
5,-4.684999999999999,-4.191303347124674,9.31,1.72
5,4.744999999999999,-3.176219500346125,3.76,7.6
5,-7.134999999999998,-2.6378407181614243,2.43,6.55
5,-4.425000000000001,-2.4713033471246746,9.17,1.81
5,-9.794999999999998,-0.887920131085556,2.66,5.66
5,-4.635000000000002,-0.6613033471246745,9.38,1.44
5,8.504999999999999,0.6469945796060346,3.14,5.53
5,-3.8850000000000016,0.7786966528753254,8.63,2.31
5,-12.034999999999998,2.34371013956929,2.24,5.02
5,-3.8550000000000004,3.0886966528753255,8.6,2.01
5,-7.125,3.9121592818385755,3.27,7.76
5,4.854999999999999,4.4237804996538745,3.65,5.93
5,-9.405,4.772079868914444,2.28,5.22
5,-3.855,5.098696652875326,8.68,1.91
5,-3.855,7.008696652875326,8.11,3.09
5,-3.855,10.098696652875326,8.14,2.61
5,-2.9034591351863925,12.708696652875325,5.69,1.13
6,-2.075,-13.98692156980942,4.15,7.35
6,-6.395,-12.611247955694155,4.32,7.16
6,-10.545,-9.420327754383072,4.15,7.21
6,-13.594999999999999,-3.8878753838054063,3.05,7.62
6,2.075,-12.59599043346731,4.35,6.81
6,6.425000000000001,-9.47599994723512,4.07,6.92
6,10.495000000000001,-5.235587359599681,2.64,7.96
6,-2.0749999999999993,-6.63692156980942,4.14,6.73
6,2.0650000000000004,-5.785990433467311,4.22,5.82
6,-5.984999999999999,-5.451247955694155,3.91,6.97
6,6.385000000000001,-2.5559999472351205,4.11,6.74
6,-10.544999999999998,-2.210327754383072,4.54,6.16
6,2.335000000000001,0.034009566532689384,4.05,6.76
6,-1.9949999999999992,0.09307843019058026,4.33,5.57
6,-5.934999999999999,1.5187520443058444,3.94,6.31
6,-12.774999999999999,3.949672245616928,6.84,1.95
6,6.385000000000001,4.18400005276488,6.49,1.61
6,-1.9949999999999988,5.6630784301905805,3.9,6.2
6,6.385000000000001,5.79400005276488,5.32,2.1
6,-11.825,5.899672245616928,5.89,1.54
6,1.9050000000000011,6.794009566532689,3.94,5.9
6,-10.024999999999999,7.828752044305844,8.03,2.14
6,-8.114999999999998,9.968752044305845,6.12,1.57
6,-5.4049999999999985,11.86307843019058,7.31,1.08
7,-3.44,-13.715174078370278,6.88,3.78
7,-6.699999999999999,-12.451891422591189,3.26,7.21
7,-8.879999999999999,-11.003872045784613,2.18,8.15
7,-13.689999999999998,-3.5388557472720006,4.81,5.42
7,-10.86,-9.038855747272,1.98,5.5
7,3.4400000000000004,-12.996718816686002,2.13,8.04
7,5.570000000000001,-11.52664304990833,2.62,7.52
7,8.190000000000001,-7.079689258717501,4.05,6.04
7,12.240000000000002,-4.075291400624003,1.3,7.27
7,-3.2699999999999996,-9.935174078370279,6.71,2.99
7,-3.3599999999999994,-6.945174078370279,6.8,2.73
7,-6.699999999999999,-5.241891422591189,3.23,6.57
7,3.62,-4.956718816686003,1.95,7.71
7,-3.4099999999999997,-4.2151740783702785,7.03,3.06
7,5.57,-4.00664304990833,2.62,6.95
7,-8.879999999999999,-2.8538720457846125,2.02,6.83
7,-3.3399999999999994,-1.1551740783702784,6.96,2.92
7,8.860000000000003,-1.0396892587175008,3.38,6.65
7,-6.859999999999999,1.3281085774088117,3.47,6.48
7,-3.3899999999999992,1.7648259216297215,6.81,2.35
7,-11.94,1.8811442527279993,3.06,5.67
7,3.4200000000000004,2.753281183313997,1.9,8.01
7,5.32,2.94335695009167,3.45,5.3
7,-8.77,3.9761279542153876,1.91,5.31
7,-3.23,4.114825921629722,6.65,3.04
7,-3.3799999999999994,7.154825921629722,6.8,2.3
7,-5.6,7.808108577408812,2.22,5.17
7,-3.3799999999999994,9.454825921629721,6.64,1.24
7,-3.3799999999999994,10.694825921629722,6.47,2.92
8,-0.66,-14.124588489580857,1.32,8.16
8,-3.99,-13.56537872674405,3.33,5.95
8,-6.7,-12.451891422591189,2.71,6.55
8,-8.57,-11.24698626299508,1.87,7.32
8,-11.66,-7.9989999374921865,3.09,6.09
8,-13.34,-4.688709843869634,1.68,7.44
8,0.6600000000000001,-13.473511049462942,3.63,5.52
8,4.290000000000001,-12.92697567105315,1.44,7.68
8,5.73,-11.185575532801163,2.92,5.99
8,8.650000000000002,-8.43309551706845,2.7,6.18
8,11.350000000000001,-5.878775382679625,1.51,7.24
8,1.2600000000000011,-7.953511049462943,3.03,5.8
8,-3.99,-7.6153787267440505,3.02,5.79
8,-0.9700000000000002,-5.964588489580857,2.21,6.53
8,-6.66,-5.901891422591189,2.67,5.82
8,4.290000000000001,-5.24697567105315,1.43,7.32
8,5.720000000000001,-5.195575532801163,2.84,5.84
8,-8.52,-3.9269862629950794,1.86,5.12
8,8.600000000000001,-2.2530955170684503,2.75,5.71
8,1.330000000000001,-2.153511049462943,2.96,5.04
8,-11.66,-1.9089999374921867,2.91,5.58
8,-3.8500000000000005,-1.8253787267440504,2.88,5.29
8,-6.430000000000001,-0.08189142259118842,2.58,5.52
8,-0.9700000000000006,0.5654115104191435,1.75,6.87
8,6.100000000000001,0.6444244671988368,2.5,6.17
8,-8.16,1.1930137370049207,1.73,6.04
8,4.460000000000002,2.0730243289468504,1.64,5.41
8,1.2800000000000016,2.886488950537057,3.18,5.12
8,8.600000000000001,3.4569044829315496,1.74,5.18
8,-3.400000000000001,3.4646212732559496,2.43,6.19
8,-9.77,3.6710000625078134,1.61,6.16
8,-5.010000000000001,5.438108577408811,1.61,5.71
8,-6.390000000000001,5.438108577408811,1.38,5.99
8,-0.9700000000000006,7.435411510419144,1.21,6.39
8,0.23999999999999932,8.006488950537058,6.84,1.2
