Instance: CBPP
Bin radius: 14.14
Rotate enable: true
Bin num: 43
Lower bound: 37
Opt: false
Gap: 0.13953488372093023
Bin id,X coordinate of lower left corner,Y coordinate of lower left corner,Item's width,Item's height
1,-2.455,-13.925249548930891,4.91,9.97
1,-7.445,-12.021296727059024,4.99,9.89
1,-12.205,-7.139858191869079,4.76,9.99
1,-13.225,-5.003895982132325,1.02,9.91
1,2.455,-12.070475342752664,4.91,9.79
1,7.364999999999999,-7.207799594883313,4.8,9.89
1,12.165,-5.030246017840481,1.05,9.8
1,-2.455,-3.9552495489308903,4.88,9.77
1,2.425,-2.2804753427526645,4.94,9.03
1,-7.445,-2.1312967270590235,4.99,6.51
1,7.365,2.6822004051166877,4.04,5.54
1,-11.515,2.850141808130921,4.07,5.28
1,-7.445,4.378703272940976,4.99,6.47
1,-2.455,5.814750451069109,4.88,6.87
1,2.425,6.749524657247335,4.79,5.39
1,-7.505,10.848703272940977,5.05,1.12
1,-3.2359303175119125,12.68475045106911,6.36,1.08
2,-2.335,-13.945873045456853,4.67,9.98
2,-6.9750000000000005,-12.29995833326276,4.64,9.97
2,-11.875,-7.676195346654488,4.9,9.55
2,-13.135,-5.235587359599687,1.26,9.93
2,2.335,-12.160730857970668,4.88,9.55
2,7.215,-7.1569249681689415,4.98,9.44
2,12.195,-4.84235221767273,1.09,9.66
2,-2.335000000000001,-3.9658730454568527,4.67,8.1
2,2.334999999999999,-2.610730857970667,4.88,6.24
2,-6.975,-2.329958333262759,4.64,6.35
2,-11.875,1.8738046533455126,4.76,5.65
2,7.214999999999999,2.283075031831058,4.84,5.1
2,2.424999999999999,3.629269142029333,4.79,8.29
2,-7.115,4.0200416667372405,4.76,7.99
2,-2.3550000000000004,4.134126954543147,4.73,9.57
3,-2.475,-13.921708767245493,4.95,9.39
3,-6.824999999999999,-12.383819079750802,4.35,9.93
3,-11.434999999999999,-8.317474075703515,4.61,9.65
3,-12.974999999999998,-5.620407013731306,1.54,9.97
3,2.4749999999999996,-12.045977544392153,4.93,9.26
3,7.404999999999999,-7.390302767816756,4.65,9.49
3,12.055,-4.9773863623391765,1.18,9.74
3,-2.4749999999999996,-4.531708767245492,4.95,7.3
3,2.4750000000000005,-2.7859775443921535,4.93,9.15
3,-6.824999999999998,-2.4538190797508026,4.35,9.61
3,-11.434999999999999,1.332525924296485,4.61,6.84
3,7.405,2.099697232183244,4.65,5.25
3,-2.4749999999999988,2.7682912327545077,4.95,5.27
3,2.4750000000000014,6.364022455607847,4.82,5.45
3,-6.824999999999998,7.156180920249197,4.29,5.15
3,-2.5349999999999984,8.038291232754506,5.01,2.95
3,-2.5349999999999984,10.988291232754506,5.01,2.57
4,-2.225,-13.963845279864712,4.45,9.65
4,-6.784999999999999,-12.405779902932345,4.56,9.49
4,-11.084999999999999,-8.778517813389685,4.3,9.74
4,-13.125,-5.260605953690127,2.04,9.93
4,2.2249999999999996,-12.606172099412257,4.18,9.81
4,6.405,-8.546307682268408,4.86,9.13
4,11.265,-5.527148903367811,1.75,9.76
4,-2.2249999999999996,-4.313845279864712,4.45,9.37
4,-6.784999999999999,-2.9157799029323446,4.56,6.99
4,2.2250000000000005,-2.7961720994122565,4.18,7.25
4,6.405,0.5836923177315931,4.86,7.58
4,-11.035,0.9614821866103149,4.25,7.84
4,-6.785,4.074220097067656,4.56,6.04
4,2.2250000000000005,4.4538279005877435,4.18,6.06
4,-2.2250000000000005,5.056154720135288,4.45,6.78
4,-8.545000000000002,10.114220097067655,6.32,1.15
4,2.2249999999999996,10.513827900587742,5.82,1.05
4,-5.380871466136657,11.836154720135287,9.9,1.24
5,-1.99,-13.999267837997815,3.98,9.99
5,-6.41,-12.60363042936439,4.42,9.54
5,-10.530000000000001,-9.437091713022609,4.12,9.83
5,-13.080000000000002,-5.371517476467889,2.55,10.0
5,1.9900000000000002,-12.643998576399794,4.34,9.59
5,6.330000000000001,-9.536561225095761,4.11,9.81
5,10.440000000000001,-5.986944128685347,2.37,9.96
5,12.810000000000002,-2.8972400659938375,1.03,5.77
5,-1.9900000000000002,-4.009267837997815,3.98,9.84
5,-6.410000000000001,-3.063630429364391,4.42,9.24
5,1.9899999999999998,-3.0539985763997937,4.34,7.27
5,6.33,0.27343877490423907,4.11,6.86
5,-10.530000000000001,0.39290828697739144,4.12,7.53
5,2.09,4.216001423600206,4.24,8.05
5,-1.990000000000001,5.830732162002185,4.08,7.26
5,-6.3900000000000015,6.176369570635609,4.4,6.23
6,-4.955,-13.243397411540592,9.91,3.99
6,-9.685,-10.302445098130832,4.73,9.12
6,-13.265,-4.896874002871629,3.58,9.63
6,4.955,-10.602998396680064,4.4,9.43
6,9.355,-5.235587359599687,3.78,9.97
6,-4.654999999999999,-9.253397411540591,9.61,4.21
6,-4.785,-5.0433974115405915,9.74,4.06
6,-9.685,-1.1824450981308328,4.9,7.16
6,4.955,-1.1729983966800646,4.4,6.09
6,-4.785,-0.9833974115405919,9.74,3.62
6,-4.785,2.636602588459408,9.52,4.28
6,4.734999999999999,4.917001603319935,7.87,1.46
6,-12.094999999999999,5.977554901869167,7.31,1.33
6,4.734999999999999,6.377001603319935,7.26,1.06
6,-4.784999999999999,6.9166025884594085,9.52,2.35
6,-10.965,7.3075549018691675,6.18,1.54
6,4.735,7.437001603319935,5.97,1.73
6,-5.256605795059278,9.266602588459408,9.89,3.86
7,-4.53,-13.394726574290347,9.06,4.73
7,-9.040000000000001,-10.87281012434228,4.51,9.24
7,-13.21,-5.04336197392176,4.17,9.54
7,4.530000000000001,-10.729189158552476,4.68,9.07
7,9.21,-5.248113946933698,3.92,9.72
7,-4.530000000000001,-8.664726574290347,9.06,2.7
7,-4.530000000000001,-5.964726574290347,8.88,4.76
7,4.35,-1.6591891585524756,4.86,7.55
7,-9.040000000000001,-1.6328101243422797,4.51,9.23
7,-4.530000000000001,-1.2047265742903468,8.88,2.18
7,-4.530000000000001,0.9752734257096534,8.88,1.86
7,-4.530000000000001,2.8352734257096532,8.88,1.02
7,-4.530000000000001,3.8552734257096533,8.68,4.97
7,-10.360000000000001,4.496638026078239,1.32,5.08
7,4.149999999999999,5.890810841447524,7.66,1.8
7,-6.190000000000001,7.597189875657721,1.66,5.0
7,4.149999999999999,7.690810841447524,6.44,1.6
7,-4.530000000000001,8.825273425709653,8.68,3.85
7,4.149999999999999,9.290810841447524,5.07,1.31
7,-3.0129421124343976,12.675273425709653,5.69,1.14
8,-2.155,-13.97481931904667,4.31,9.43
8,-6.244999999999999,-12.686196238431755,4.09,9.61
8,-10.665,-9.284254143440927,4.42,9.22
8,-13.135,-5.235587359599687,2.47,9.84
8,2.1549999999999994,-12.29995833326276,4.82,8.82
8,6.9750000000000005,-9.168117309458905,3.79,9.82
8,10.765,-4.950714594884256,2.48,9.75
8,-2.1549999999999994,-4.54481931904667,4.31,7.41
8,2.1550000000000002,-3.4799583332627595,4.82,6.7
8,-6.244999999999999,-3.0761962384317556,4.09,8.49
8,-10.665,-0.06425414344092673,4.42,8.24
8,6.9750000000000005,0.651882690541095,3.79,7.68
8,-2.1549999999999994,2.86518068095333,4.23,9.2
8,2.075000000000001,3.2200416667372407,4.9,6.21
8,-6.244999999999999,5.413803761568245,4.09,5.97
8,2.075000000000001,9.43004166673724,7.36,1.1
8,2.075000000000001,10.53004166673724,5.64,1.26
8,-4.814329720823594,12.065180680953329,9.6,1.23
9,-4.9,-13.263845596206252,9.8,3.79
9,-8.84,-11.036031895568263,3.94,9.65
9,-12.86,-5.87877538267963,4.02,9.56
9,4.9,-10.473280288429219,4.6,8.97
9,9.5,-5.371517476467894,3.58,9.98
9,-4.9,-9.473845596206253,9.8,2.24
9,-4.9,-7.233845596206253,9.75,3.81
9,-4.9,-3.423845596206253,9.78,3.77
9,4.879999999999999,-1.5032802884292185,4.62,8.27
9,-8.84,-1.3860318955682622,3.94,8.26
9,-4.9,0.3461544037937472,9.78,3.0
9,-4.9,3.346154403793747,9.49,4.03
9,-10.82,3.68122461732037,1.98,5.42
9,4.59,6.766719711570781,7.02,1.21
9,-7.58,6.873968104431738,2.68,5.03
9,-4.9,7.376154403793747,9.49,3.86
9,4.59,7.976719711570781,6.12,1.21
9,-4.9,11.236154403793748,9.83,2.0
10,-4.48,-13.411532350928436,8.96,4.6
10,-8.440000000000001,-11.344866680574082,3.96,9.54
10,-13.200000000000001,-5.069477290608961,4.76,8.73
10,-9.760000000000002,-10.119477290608963,1.32,5.05
10,4.48,-11.381893515579911,3.91,9.55
10,8.39,-7.543076295517632,3.57,9.86
10,11.96,-5.095439137110754,1.23,9.84
10,-4.480000000000001,-8.811532350928436,8.94,4.44
10,-4.480000000000001,-4.371532350928436,8.87,4.47
10,4.389999999999998,-1.8318935155799103,4.0,9.15
10,-8.440000000000001,-1.804866680574083,3.96,7.96
10,-4.480000000000001,0.09846764907156391,8.87,2.99
10,8.389999999999997,2.3169237044823676,3.24,5.55
10,-4.480000000000001,3.088467649071564,8.87,2.14
10,-10.950000000000001,3.6605227093910395,2.51,5.19
10,-4.480000000000001,5.228467649071565,8.87,1.88
10,-8.38,6.155133319425917,3.9,5.2
10,-4.48,7.108467649071565,8.83,4.49
10,4.35,7.31810648442009,2.37,5.11
10,-5.419999999999998,11.598467649071566,9.77,1.44
11,-4.625,-13.362221933495942,9.25,4.16
11,-8.495000000000001,-11.303741637174834,3.87,9.53
11,-13.075000000000001,-5.383676717634519,4.58,8.73
11,4.625,-11.444062871200945,3.68,9.61
11,8.305,-7.274886597054281,3.82,9.44
11,12.125,-5.185130181586574,1.03,9.63
11,-4.625000000000001,-9.202221933495942,9.25,2.75
11,-4.625000000000001,-6.452221933495942,9.25,2.7
11,-4.625000000000001,-3.7522219334959415,9.0,4.24
11,4.374999999999999,-1.8340628712009455,3.93,8.04
11,-8.495000000000001,-1.773741637174835,3.87,7.4
11,-4.435000000000001,0.48777806650405875,8.81,4.37
11,8.305,2.1651134029457184,3.73,5.15
11,-11.375,3.346323282365481,2.88,5.04
11,-4.545000000000001,4.857778066504059,8.92,4.23
11,-8.475000000000001,5.6262583628251654,3.93,5.49
11,4.374999999999999,6.205937128799054,3.83,5.3
11,-4.545000000000002,9.08777806650406,8.92,1.63
11,-4.404999999999999,10.71777806650406,8.78,2.71
12,-4.82,-13.293126043184875,9.64,3.61
12,-8.97,-10.930631271797617,4.15,9.07
12,-12.59,-6.436730536537943,3.62,9.55
12,-13.65,-3.6901354988672157,1.06,7.11
12,4.82,-10.563124537749236,4.58,8.64
12,9.4,-5.76814528249766,3.51,9.62
12,-4.82,-9.683126043184876,9.5,3.51
12,-4.82,-6.173126043184876,9.55,3.37
12,-4.82,-2.803126043184876,9.36,3.56
12,4.539999999999999,-1.923124537749235,4.86,7.52
12,-8.969999999999999,-1.860631271797617,4.15,8.14
12,-4.8199999999999985,0.7568739568151241,9.36,2.4
12,-11.309999999999999,3.113269463462058,2.34,5.27
12,-4.8199999999999985,3.156873956815124,9.17,3.81
12,9.399999999999999,3.8518547175023397,1.48,5.16
12,4.399999999999999,5.596875462250765,5.0,4.86
12,-8.229999999999999,6.279368728202384,3.41,5.21
12,-4.8199999999999985,6.966873956815125,8.97,4.05
12,-4.8199999999999985,11.016873956815125,9.7,2.23
13,-4.33,-13.460709490959236,8.66,4.55
13,-9.26,-10.68606569322873,4.93,8.21
13,-12.71,-6.19641025110507,3.45,9.66
13,-13.8,-3.0821421122329817,1.09,5.69
13,4.33,-11.254599059939897,4.23,8.9
13,8.560000000000002,-4.856047775712261,4.72,8.35
13,8.56,-9.916047775712261,1.48,5.06
13,-4.33,-8.910709490959235,8.66,1.78
13,-4.24,-7.130709490959235,8.57,4.49
13,-4.109999999999999,-2.6407094909592344,8.44,4.51
13,-9.260000000000002,-2.4760656932287297,5.15,1.86
13,4.33,-2.354599059939897,4.23,8.02
13,-9.260000000000002,-0.6160656932287296,5.13,4.76
13,-4.130000000000002,1.8692905090407654,8.46,2.21
13,-11.110000000000001,3.46358974889493,1.85,5.21
13,8.56,3.4939522242877388,2.47,5.35
13,-4.130000000000002,4.079290509040765,8.46,1.75
13,-9.260000000000002,4.14393430677127,5.13,4.01
13,4.339999999999999,5.665400940060103,4.22,5.57
13,-3.95,5.829290509040765,8.29,4.72
13,-9.18,8.15393430677127,5.23,2.35
13,-5.390000000000001,10.549290509040766,9.73,2.39
14,-2.37,-13.939967718757458,4.74,8.27
14,-6.570000000000001,-12.52097040967672,4.2,8.78
14,-10.98,-8.909500547168735,4.41,8.53
14,-13.030000000000001,-5.491693727803835,2.05,9.85
14,2.37,-13.084723917607127,2.99,9.93
14,5.36,-10.409356368191071,4.21,8.7
14,9.57,-6.175856215942855,3.15,9.75
14,-2.370000000000001,-5.669967718757459,4.74,7.93
14,-6.500000000000001,-3.74097040967672,4.13,8.71
14,2.369999999999999,-3.154723917607127,2.99,8.23
14,5.359999999999999,-1.709356368191072,4.21,8.0
14,-10.98,-0.3795005471687354,4.48,7.96
14,-2.370000000000001,2.260032281242541,4.74,6.24
14,9.57,3.574143784057145,1.55,5.1
14,-6.5,4.969029590323281,4.13,6.41
14,2.369999999999999,5.0752760823928735,2.91,7.96
14,5.279999999999999,6.290643631808928,2.76,5.31
14,-2.2600000000000007,8.500032281242541,4.63,5.43
15,-3.99,-13.56537872674405,7.98,4.93
15,-7.5600000000000005,-11.949309603487558,3.57,9.32
15,-12.05,-7.398452540903402,4.49,8.4
15,-13.25,-4.937317085219463,1.2,9.52
15,3.99,-12.145863493387369,3.25,9.6
15,7.24,-8.897162469012242,3.75,9.08
15,10.99,-4.800999895855029,2.31,9.48
15,-3.8300000000000005,-8.635378726744051,7.82,4.92
15,-3.8000000000000003,-3.715378726744051,7.79,4.93
15,-7.5600000000000005,-2.629309603487558,3.76,7.58
15,3.9899999999999998,-2.545863493387369,3.25,9.14
15,7.24,0.1828375309877579,3.64,8.75
15,-12.05,1.0015474590965985,4.49,5.76
15,-3.8000000000000007,1.2146212732559487,7.79,3.36
15,-3.8000000000000007,4.574621273255948,7.79,3.05
15,-7.5600000000000005,4.950690396512442,3.76,6.95
15,4.0500000000000025,6.594136506612632,3.19,5.38
15,-3.679999999999998,7.624621273255948,7.73,4.81
15,-4.286511581964785,12.43462127325595,8.16,1.04
16,-4.335,-13.459100081357594,8.67,4.16
16,-8.925,-10.967405116981865,4.59,8.21
16,-12.025,-7.439017072167532,3.1,9.65
16,-13.245000000000001,-4.950714594884256,1.22,9.84
16,4.334999999999999,-11.72393172105672,3.57,9.17
16,7.904999999999999,-7.645166773851309,3.99,8.74
16,11.895,-5.030246017840481,1.32,9.82
16,-4.235000000000001,-9.299100081357594,8.57,4.04
16,-4.285,-5.259100081357594,8.62,3.66
16,-8.925,-2.7574051169818645,4.61,7.99
16,4.334999999999999,-2.5539317210567205,3.57,5.81
16,-4.315,-1.5991000813575935,8.65,2.61
16,-4.315,1.0108999186424064,8.62,3.64
16,7.924999999999999,1.0948332261486913,3.97,6.21
16,-11.765,2.210982927832468,2.84,5.49
16,4.304999999999999,3.256068278943279,3.62,6.82
16,-4.315,4.6508999186424065,8.62,2.12
16,-8.925,5.232594883018136,4.61,5.4
16,-4.315,6.770899918642407,8.62,1.85
16,-4.315,8.620899918642406,8.4,3.78
16,-4.203010990563968,12.400899918642406,8.3,1.1
17,-4.04,-13.550571943648727,8.08,4.65
17,-7.449999999999999,-12.018198700304469,3.41,9.3
17,-10.639999999999999,-9.312894286955052,3.19,9.5
17,-13.209999999999999,-5.043361973921765,2.57,9.7
17,4.039999999999999,-11.091740170054473,4.73,7.96
17,8.77,-7.0623721227361,3.48,9.2
17,12.25,-4.8833083048277866,1.02,9.59
17,-4.039999999999999,-8.900571943648727,8.08,3.82
17,-4.039999999999999,-5.080571943648726,8.08,3.43
17,4.040000000000001,-3.1317401700544734,4.73,6.09
17,-7.449999999999999,-2.718198700304468,3.41,8.63
17,-4.039999999999999,-1.650571943648726,8.08,1.3
17,-4.039999999999999,-0.350571943648726,8.06,4.49
17,-10.639999999999999,0.18710571304494827,3.19,6.01
17,8.770000000000001,2.137627877263899,3.23,5.32
17,4.110000000000001,2.9582598299455265,4.66,7.87
17,-4.039999999999999,4.139428056351274,8.15,3.94
17,-7.35,5.911801299695533,3.31,6.07
17,-4.039999999999999,8.079428056351274,8.15,3.29
17,-4.039999999999999,11.369428056351275,9.85,1.52
18,-4.41,-13.434712501575909,8.82,3.86
18,-8.32,-11.433162292209447,3.91,8.73
18,-11.48,-8.255252873171118,3.16,9.45
18,-12.950000000000001,-5.677772450530225,1.47,9.75
18,4.41,-11.92390875510208,3.19,9.42
18,7.599999999999999,-8.60530069201536,3.62,8.95
18,11.219999999999999,-4.8560477757122635,2.06,9.42
18,-4.41,-9.57471250157591,8.82,2.19
18,-4.300000000000001,-7.38471250157591,8.71,3.82
18,-4.390000000000001,-3.5647125015759102,8.8,3.39
18,-8.32,-2.7031622922094467,3.83,8.23
18,4.499999999999998,-2.5039087551020796,3.1,9.45
18,-4.49,-0.17471250157591012,8.99,2.09
18,7.599999999999998,0.344699307984639,3.62,5.93
18,-11.4,1.1947471268288812,3.08,6.96
18,-4.480000000000002,1.9152874984240897,8.98,3.35
18,-4.410000000000002,5.26528749842409,8.91,3.32
18,-8.290000000000003,5.526837707790554,3.88,5.49
18,4.499999999999998,6.94609124489792,6.8,1.43
18,4.499999999999998,8.37609124489792,5.8,1.23
18,-4.410000000000003,8.58528749842409,8.91,3.01
18,-4.949945361727796,11.59528749842409,9.41,1.65
19,-4.705,-13.334263196742445,9.41,3.13
19,-9.594999999999999,-10.386316719607583,4.89,7.65
19,-12.655,-6.307977092539257,3.06,9.46
19,-13.854999999999999,-2.8246371448382646,1.2,5.64
19,4.705,-11.817122111580298,3.06,9.46
19,7.765000000000001,-8.90333504929473,3.22,9.3
19,10.985000000000001,-5.030246017840476,2.23,9.51
19,-4.425,-10.204263196742446,9.13,3.33
19,-4.4049999999999985,-6.8742631967424455,9.11,3.31
19,-4.574999999999998,-3.5642631967424454,9.28,3.04
19,-9.594999999999999,-2.736316719607583,4.93,6.82
19,4.705000000000001,-2.3571221115802974,3.06,7.62
19,-4.664999999999999,-0.5242631967424454,9.37,2.91
19,7.765000000000001,0.3966649507052704,3.17,8.44
19,-4.664999999999999,2.3857368032575548,9.37,2.47
19,-11.384999999999998,3.1520229074607435,1.79,5.13
19,-9.594999999999999,4.0836832803924175,4.85,6.26
19,-4.744999999999999,4.855736803257555,9.43,2.97
19,4.6850000000000005,5.262877888419703,3.08,5.33
19,-4.744999999999999,7.825736803257556,9.43,1.77
19,-4.645,9.595736803257555,9.33,2.98
19,-3.4377556550409736,12.575736803257556,6.87,1.14
20,-4.755,-13.316515122208212,9.51,2.95
20,-9.254999999999999,-10.690396391154072,4.5,7.94
20,-12.134999999999998,-7.258193645804723,2.88,9.51
20,-13.154999999999998,-5.18513018158658,1.02,9.35
20,4.755,-10.513922912024798,4.7,7.74
20,9.455,-6.186143790763356,3.26,9.04
20,-4.754999999999999,-10.366515122208213,9.46,2.76
20,-4.754999999999999,-7.606515122208213,9.23,2.93
20,-4.754999999999999,-4.6765151222082135,9.27,2.86
20,4.515000000000001,-2.7739229120247977,4.94,6.21
20,-9.254999999999999,-2.750396391154072,4.5,7.23
20,-4.754999999999999,-1.8165151222082137,9.27,1.51
20,-4.754999999999999,-0.30651512220821364,9.01,3.29
20,-11.995,2.251806354195277,2.74,5.16
20,9.455000000000002,2.8538562092366435,2.04,5.25
20,-4.754999999999999,2.9834848777917866,9.01,3.18
20,4.395000000000002,3.4360770879752023,5.06,4.56
20,-9.254999999999999,4.479603608845928,4.46,6.18
20,-4.794999999999999,6.163484877791786,9.19,2.24
20,4.3950000000000005,7.996077087975202,5.06,2.36
20,-4.794999999999999,8.403484877791787,9.17,3.0
20,-4.8465069381439,11.403484877791787,9.34,1.88
21,-4.105,-13.531022688621878,8.21,4.16
21,-8.265,-11.472984572464133,4.16,8.1
21,-12.635000000000002,-6.347942580080572,4.37,7.86
21,-13.795000000000002,-3.104444394734744,1.16,5.62
21,4.105,-11.15063114805615,4.59,7.63
21,8.695,-4.558659342394424,4.69,7.53
21,8.695,-10.008659342394424,1.18,5.45
21,-4.105,-9.371022688621878,8.21,3.6
21,-4.105,-5.771022688621878,8.21,3.3
21,4.105,-3.5206311480561494,4.59,5.71
21,-8.265,-3.3729845724641336,4.16,6.11
21,-4.105,-2.4710226886218782,8.21,1.5
21,-4.105,-0.9710226886218782,8.2,4.0
21,-12.245000000000001,1.5120574199194285,3.98,5.3
21,4.094999999999999,2.1893688519438506,4.6,7.0
21,-8.265,2.7370154275358667,4.07,8.05
21,8.694999999999999,2.971340657605576,2.79,5.25
21,-4.195,3.0289773113781218,8.02,4.06
21,-4.195,7.088977311378121,8.07,3.82
21,3.875,9.18936885194385,5.19,1.58
21,-4.940060748876252,10.908977311378122,9.6,2.34
22,-4.45,-13.421516307779832,8.9,3.27
22,-9.149999999999999,-10.780403517494141,4.7,7.47
22,-12.54,-6.533605436510537,3.39,8.77
22,-13.549999999999999,-4.041917861609765,1.01,7.88
22,4.449999999999999,-11.131091590675194,4.27,7.88
22,8.719999999999999,-7.447093392727125,3.3,8.84
22,12.02,-4.800999895855035,1.28,9.26
22,-4.449999999999998,-10.151516307779833,8.9,1.47
22,-4.449999999999998,-8.681516307779832,8.9,1.08
22,-4.159999999999999,-7.601516307779832,8.61,3.4
22,-4.260000000000001,-4.201516307779832,8.71,3.17
22,-9.149999999999999,-3.3104035174941417,4.89,6.4
22,4.45,-3.251091590675194,4.27,6.27
22,-4.259999999999999,-1.0315163077798317,8.71,3.02
22,8.719999999999999,1.3929066072728746,3.24,6.08
22,-4.259999999999999,1.9884836922201683,8.71,1.67
22,-11.829999999999998,2.236394563489463,2.68,5.36
22,4.450000000000002,3.0189084093248058,4.27,5.65
22,-9.149999999999999,3.0895964825058586,4.79,7.21
22,-4.3599999999999985,3.6584836922201682,8.56,3.45
22,-4.3599999999999985,7.108483692220169,8.52,3.47
22,4.160000000000001,8.668908409324807,5.72,1.43
22,-5.4236153680013,10.57848369222017,9.58,2.48
23,-1.48,-14.062332665671084,2.96,9.13
23,-4.430000000000001,-13.428130919826483,2.95,9.1
23,-8.129999999999999,-11.56904058252023,3.7,8.35
23,-11.079999999999998,-8.784827829843909,2.95,9.09
23,-13.259999999999998,-4.910397132615656,2.18,9.54
23,1.4800000000000004,-13.541591486970798,2.59,9.44
23,4.07,-12.430285596075418,2.67,9.34
23,6.74,-10.68606569322873,2.52,9.48
23,9.260000000000002,-7.790994801692529,2.54,9.42
23,11.8,-5.248113946933698,1.33,9.71
23,-1.4800000000000004,-4.932332665671083,2.96,7.02
23,-4.429999999999999,-4.328130919826483,2.95,6.68
23,1.4799999999999995,-4.101591486970799,2.59,8.49
23,-8.129999999999999,-3.219040582520231,3.7,7.08
23,4.069999999999999,-3.090285596075418,2.67,7.87
23,6.739999999999999,-1.2060656932287301,2.47,9.15
23,-11.079999999999998,0.30517217015609077,2.95,6.48
23,9.209999999999999,1.6290051983074711,2.59,5.32
23,-1.4799999999999986,2.0876673343289163,2.96,6.1
23,-4.409999999999998,2.3518690801735165,2.93,8.79
23,-8.129999999999999,3.8609594174797692,3.72,7.11
23,1.4800000000000013,4.388408513029201,2.55,9.16
23,4.030000000000001,4.779714403924582,2.64,7.66
23,-1.4299999999999988,8.187667334328916,2.91,5.63
23,-6.83,11.141869080173516,5.4,1.22
24,-3.75,-13.633675219837093,7.5,4.46
24,-7.2,-12.169617906902419,3.45,8.49
24,-11.86,-7.699350621968065,4.66,7.28
24,-13.28,-4.8560477757122635,1.42,9.48
24,3.7499999999999996,-12.628935030318273,2.61,9.3
24,6.36,-9.31289428695505,4.28,7.63
24,10.64,-4.688709843869634,2.7,9.12
24,-3.75,-9.173675219837094,7.5,1.99
24,-3.7199999999999998,-7.1836752198370935,7.47,4.33
24,-7.199999999999999,-3.6796179069024184,3.48,7.8
24,3.75,-3.328935030318272,2.61,7.71
24,-3.5500000000000003,-2.8536752198370934,7.3,4.46
24,6.359999999999999,-1.68289428695505,4.28,7.25
24,-11.86,-0.41935062196806516,4.66,6.58
24,-3.5700000000000007,1.6063247801629066,7.32,4.43
24,-7.199999999999999,4.120382093097581,3.55,7.83
24,3.7499999999999996,4.381064969681728,2.61,7.29
24,6.359999999999999,5.56710571304495,5.65,1.87
24,-3.6499999999999995,6.036324780162906,7.2,4.67
24,-3.6499999999999995,10.706324780162905,7.34,2.94
25,-1.775,-14.028149379016465,3.55,8.35
25,-6.565,-12.523592735313617,4.79,7.08
25,-9.165000000000001,-10.767654108486212,2.6,9.21
25,-11.905000000000001,-7.629585506434801,2.74,9.07
25,-13.285,-4.84235221767273,1.38,9.17
25,1.7749999999999995,-13.17074694161269,3.37,8.44
25,5.145,-10.868651020250857,3.9,7.87
25,9.045,-4.869699682731986,4.23,7.52
25,-1.7650000000000006,-5.678149379016466,3.54,7.65
25,-6.565000000000001,-5.443592735313617,4.8,6.86
25,1.7749999999999995,-4.73074694161269,3.37,6.93
25,5.245,-2.9986510202508567,3.8,7.93
25,-9.165000000000001,-1.5576541084862114,2.6,8.59
25,-6.565000000000001,1.4164072646863834,4.8,6.22
25,-11.905000000000001,1.440414493565199,2.74,5.52
25,-1.7650000000000015,1.9718506209835347,3.54,7.15
25,1.7749999999999986,2.19925305838731,3.47,6.32
25,9.045,2.6503003172680133,2.58,5.35
25,5.244999999999999,4.931348979749143,3.76,5.96
25,-10.815000000000001,7.636407264686383,9.05,1.44
25,1.7749999999999986,8.51925305838731,1.78,5.09
25,-9.705000000000002,9.076407264686383,7.94,1.06
25,-7.3050000000000015,10.136407264686383,9.08,1.96
25,-4.705000000000002,12.096407264686384,6.48,1.14
26,-1.64,-14.044571905188139,3.28,8.45
26,-6.07,-12.770853534513659,4.43,7.3
26,-10.59,-9.369711841887135,4.52,7.2
26,-12.73,-6.155217299169867,2.14,9.5
26,1.6400000000000001,-13.408187797014183,2.85,8.84
26,4.49,-11.123250424224027,4.24,7.45
26,8.73,-7.511271530173835,3.25,8.42
26,11.98,-4.688709843869634,1.36,9.07
26,-1.6400000000000006,-5.59457190518814,3.28,7.82
26,-6.050000000000001,-5.470853534513659,4.41,6.99
26,1.6399999999999992,-4.568187797014183,2.85,7.35
26,4.489999999999999,-3.673250424224027,4.24,7.27
26,-10.59,-2.1697118418871346,4.54,6.82
26,8.780000000000001,0.9087284698261646,3.2,6.28
26,-6.05,1.5191464654863411,4.41,5.51
26,-1.6399999999999997,2.2254280948118605,3.28,7.22
26,1.6400000000000001,2.781812202985817,2.85,6.55
26,4.49,3.5967495757759727,4.15,7.52
26,-12.34,4.650288158112866,6.29,2.14
26,-11.39,6.790288158112865,5.34,1.26
26,-6.0200000000000005,7.029146465486341,4.38,5.7
26,-1.6400000000000006,9.44542809481186,6.1,3.76
27,-3.81,-13.61702977892022,7.62,4.05
27,-7.07,-12.245599209511962,3.26,8.4
27,-12.030000000000001,-7.430928609534611,4.96,6.67
27,-13.39,-4.543952024394625,1.36,9.05
27,3.8100000000000005,-11.381893515579911,4.58,7.04
27,8.39,-7.079689258717505,3.85,7.76
27,12.24,-4.8833083048277866,1.03,9.26
27,-3.8100000000000005,-9.567029778920219,7.48,4.06
27,-3.8100000000000005,-5.507029778920219,7.57,3.8
27,3.76,-4.341893515579911,4.63,6.82
27,-7.070000000000001,-3.8455992095119615,3.26,6.15
27,-3.8100000000000014,-1.7070297789202193,7.57,1.35
27,-12.030000000000001,-0.7609286095346111,4.96,5.24
27,-3.6799999999999997,-0.35702977892021925,7.44,3.91
27,8.470000000000002,0.6803107412824945,3.77,6.02
27,-7.070000000000001,2.304400790488039,3.34,8.1
27,3.8000000000000025,2.4781064844200893,4.67,6.93
27,-3.7300000000000013,3.552970221079781,7.32,3.87
27,-10.280000000000001,4.479071390465389,3.21,5.18
27,-3.7300000000000013,7.422970221079781,7.29,3.66
27,-4.847917295695928,11.082970221079783,9.4,2.2
28,-1.605,-14.048614700389502,3.21,8.39
28,-4.835000000000001,-13.287677562313137,3.23,8.36
28,-9.695,-10.293035266625681,4.86,6.71
28,-11.985,-7.503290944645558,2.29,9.23
28,-13.355,-4.6458126307461,1.37,9.05
28,1.6050000000000004,-12.621369775107613,4.77,6.77
28,6.375,-11.032024972778116,2.47,9.05
28,8.845000000000002,-8.03532046654021,2.79,8.73
28,11.635000000000002,-5.235587359599681,1.5,9.49
28,1.6150000000000002,-5.851369775107614,4.76,6.58
28,-1.5949999999999998,-5.658614700389501,3.21,7.99
28,-4.835,-4.9276775623131375,3.24,7.69
28,-9.645,-3.5830352666256813,4.81,6.19
28,6.375,-1.982024972778115,2.42,8.8
28,8.795,0.6946795334597908,2.84,6.21
28,1.7649999999999997,0.7286302248923864,4.61,6.84
28,-11.915,1.7267090553544424,2.27,5.87
28,-1.5949999999999998,2.331385299610499,3.36,7.91
28,-9.645,2.606964733374319,4.81,5.28
28,-4.835,2.762322437686863,3.24,6.86
28,1.7650000000000001,7.568630224892386,8.75,1.87
28,-10.225000000000001,7.886964733374319,5.39,1.86
28,1.7650000000000001,9.438630224892385,7.68,1.07
28,-8.875,9.74696473337432,7.28,1.23
28,-1.5949999999999998,10.508630224892386,9.1,1.45
28,-5.251539623581081,11.958630224892385,9.2,1.17
29,-4.39,-13.441261101548472,8.78,2.72
29,-7.25,-12.139897034159722,2.86,8.64
29,-11.780000000000001,-7.821201953664155,4.53,6.95
29,-13.420000000000002,-4.454570686384937,1.64,8.78
29,4.39,-10.971472098127945,4.53,6.95
29,8.92,-6.886007551549739,3.43,8.03
29,12.350000000000001,-4.543952024394625,1.04,9.03
29,-4.390000000000001,-10.721261101548471,8.54,2.75
29,-4.390000000000001,-7.971261101548471,8.58,2.64
29,-4.390000000000001,-5.3312611015484705,8.76,2.34
29,4.369999999999999,-4.021472098127945,4.55,6.27
29,-7.250000000000001,-3.499897034159721,2.86,6.12
29,-4.390000000000001,-2.9912611015484707,8.53,2.56
29,-11.780000000000001,-0.8712019536641549,4.53,5.63
29,-4.390000000000001,-0.43126110154847064,8.64,2.43
29,8.919999999999998,1.14399244845026,3.43,5.3
29,-4.390000000000001,1.9987388984515295,8.59,2.44
29,4.3199999999999985,2.2485279018720545,4.6,6.77
29,-7.250000000000001,2.620102965840279,2.83,8.42
29,-4.420000000000001,4.438738898451529,8.74,2.24
29,-12.5,4.758798046335845,5.25,1.8
29,-4.420000000000001,6.678738898451529,8.74,2.02
29,-4.420000000000001,8.698738898451529,8.54,2.48
29,-4.9674331780736,11.17873889845153,9.14,2.06
30,-1.825,-14.021732239634304,3.65,7.78
30,-4.0249999999999995,-13.555035042374476,2.2,9.21
30,-6.2349999999999985,-12.691114017295725,2.21,9.15
30,-9.584999999999999,-10.395545921210681,3.35,8.01
30,-12.524999999999999,-6.562314759290357,2.94,8.33
30,-13.684999999999999,-3.558142071362531,1.16,6.35
30,1.8250000000000002,-12.590884599582349,4.61,6.73
30,6.4350000000000005,-8.75320369921779,4.67,6.62
30,11.105,-5.05643896433053,2.1,8.95
30,-1.8249999999999993,-6.241732239634303,3.65,6.45
30,1.8250000000000006,-5.860884599582349,4.54,6.54
30,-4.024999999999999,-4.345035042374475,2.2,8.16
30,-6.234999999999999,-3.5411140172957243,2.21,6.51
30,-9.584999999999999,-2.3855459212106815,3.35,6.4
30,6.414999999999998,-2.1332036992177903,4.69,6.39
30,-1.8249999999999984,0.20826776036569683,3.65,5.7
30,1.8250000000000015,0.6791154004176514,4.59,5.33
30,-11.915,1.7676852407096435,2.33,5.79
30,-6.234999999999999,2.9688859827042755,2.14,8.36
30,-4.094999999999999,3.8149649576255253,2.27,8.25
30,-9.584999999999999,4.014454078789319,3.35,5.98
30,6.415000000000001,4.256796300782209,6.46,1.51
30,6.415000000000001,5.766796300782209,5.47,1.75
30,-1.8249999999999988,5.908267760365697,3.65,5.44
30,1.825000000000001,6.0091154004176515,4.55,5.92
30,-1.8249999999999988,11.92911540041765,6.37,1.4
31,-1.405,-14.070023987186376,2.81,8.43
31,-4.824999999999999,-13.29131201198738,3.42,7.82
31,-7.795,-11.797354576344649,2.97,8.25
31,-11.205,-8.624823186593451,3.41,7.8
31,-13.265,-4.896874002871629,2.06,8.91
31,1.4049999999999998,-13.312940133569294,3.36,7.84
31,4.765000000000001,-11.696861758608588,3.18,8.01
31,7.945,-9.330004019291739,2.68,8.43
31,10.625,-4.787125964501041,2.68,8.34
31,-1.4049999999999994,-5.640023987186376,2.81,6.91
31,1.4050000000000007,-5.472940133569294,3.36,5.75
31,-4.824999999999999,-5.471312011987379,3.42,7.65
31,4.765000000000001,-3.686861758608588,3.18,6.05
31,-7.764999999999999,-3.547354576344649,2.94,7.48
31,7.945,-0.9000040192917389,2.68,8.13
31,-11.205,-0.8248231865934512,3.41,7.59
31,1.4750000000000005,0.27705986643070624,3.29,7.61
31,-1.3249999999999993,1.2699760128136237,2.8,7.91
31,-4.824999999999999,2.178687988012621,3.5,7.1
31,4.765000000000001,2.363138241391412,3.14,7.94
31,-7.715,3.9326454236553516,2.89,6.4
31,1.4950000000000006,7.887059866430707,3.27,5.37
31,-4.824999999999999,9.27868798801262,6.32,2.45
31,-5.044999999999999,11.72868798801262,6.54,1.46
32,-1.57,-14.052569160121577,3.14,7.92
32,-4.640000000000001,-13.35702062587312,3.07,7.95
32,-6.370000000000001,-12.62389401096191,1.73,9.23
32,-10.450000000000001,-9.525602343159196,4.08,6.87
32,-12.120000000000001,-7.283213576437258,1.67,9.26
32,-13.32,-4.745229183084838,1.2,9.13
32,1.5700000000000003,-12.708249289339584,4.63,6.32
32,6.200000000000001,-10.589745039423754,3.17,7.77
32,9.370000000000001,-3.5388557472719886,4.32,6.62
32,1.7200000000000006,-6.3882492893395835,4.48,5.97
32,-1.5700000000000007,-6.132569160121577,3.29,7.58
32,-4.640000000000001,-5.407020625873121,3.07,6.45
32,-6.370000000000001,-3.39389401096191,1.73,8.24
32,6.270000000000001,-2.819745039423754,3.1,7.67
32,-10.400000000000002,-2.655602343159196,4.03,6.72
32,1.8100000000000014,-0.4182492893395837,4.46,5.78
32,-4.640000000000001,1.0429793741268796,3.02,7.34
32,-1.6200000000000006,1.4474308398784235,3.43,6.68
32,-12.060000000000002,1.976786423562742,1.66,5.4
32,9.370000000000001,3.0811442527280115,2.07,5.16
32,-10.400000000000002,4.064397656840804,4.01,5.03
32,-6.390000000000002,4.84610598903809,1.75,6.59
32,6.340000000000002,4.850254960576246,3.03,5.52
32,1.8500000000000014,5.3617507106604165,4.49,5.52
32,-1.5199999999999987,8.127430839878423,3.37,5.67
32,-3.469999999999999,8.38297937412688,1.95,5.26
33,-4.25,-13.486181816956199,8.5,2.43
33,-5.88,-12.859440112228837,1.63,9.29
33,-8.27,-11.469380977193147,2.39,8.52
33,-12.08,-7.3493673197085485,3.81,7.1
33,-13.36,-4.631414470763766,1.28,9.09
33,4.25,-12.483989746871792,2.39,8.5
33,6.640000000000001,-10.66870188917096,2.64,8.24
33,9.280000000000001,-8.670103805606942,1.89,8.97
33,11.170000000000002,-5.223025942880232,1.97,8.86
33,-4.25,-11.0561818169562,8.5,1.72
33,-4.25,-9.336181816956199,8.3,2.53
33,-4.25,-6.806181816956199,8.4,2.31
33,-4.25,-4.496181816956199,8.31,2.3
33,4.0600000000000005,-3.983989746871792,2.57,7.6
33,-5.87,-3.569440112228838,1.62,9.04
33,-8.27,-2.9493809771931474,2.4,7.61
33,6.630000000000001,-2.4287018891709593,2.65,6.14
33,-4.25,-2.196181816956199,8.31,1.48
33,-4.25,-0.7161818169561989,8.15,2.41
33,-12.08,-0.24936731970854886,3.81,6.55
33,9.280000000000001,0.2998961943930585,1.89,7.49
33,-4.25,1.6938181830438013,8.07,2.46
33,3.8200000000000003,3.6160102531282075,2.81,6.27
33,6.630000000000001,3.7112981108290404,2.65,6.02
33,-4.25,4.153818183043802,8.07,2.3
33,-8.27,4.660619022806853,2.4,5.44
33,-5.869999999999999,5.470559887771161,1.59,6.57
33,-4.279999999999999,6.4538181830438015,8.03,2.6
33,-4.279999999999999,9.053818183043802,7.89,2.64
33,-4.279999999999999,11.693818183043803,9.01,1.36
34,-3.3,-13.749530901088955,6.6,4.21
34,-6.500000000000001,-12.557451970841855,3.2,7.59
34,-8.370000000000001,-11.396609144829,1.87,8.89
34,-12.16,-7.216231703597107,3.79,6.93
34,-13.21,-5.04336197392176,1.05,9.16
34,3.3,-11.686659060655444,4.66,6.04
34,7.96,-10.24095210417469,1.79,8.89
34,9.75,-4.17366745201388,3.76,6.92
34,-3.3000000000000007,-9.539530901088956,6.6,3.8
34,-3.3000000000000007,-5.739530901088956,6.4,4.26
34,3.3100000000000005,-5.646659060655444,4.65,5.6
34,-6.500000000000001,-4.967451970841855,3.2,6.78
34,-8.370000000000001,-2.5066091448289995,1.87,7.92
34,-3.3000000000000007,-1.479530901088956,6.41,4.22
34,7.960000000000001,-1.3509521041746897,1.79,6.87
34,-12.16,-0.2862317035971076,3.79,6.88
34,3.2700000000000005,-0.04665906065544423,4.69,5.55
34,-6.500000000000001,1.8125480291581448,3.13,7.24
34,-3.370000000000001,2.740469098911044,6.64,2.42
34,9.75,2.7463325479861203,1.61,5.66
34,-3.370000000000001,5.160469098911044,6.51,3.54
34,-8.360000000000001,5.413390855171,1.86,5.62
34,3.139999999999999,5.503340939344556,4.66,5.36
34,-3.370000000000001,8.700469098911043,6.51,3.03
34,-4.771898193270084,11.730469098911042,8.75,1.58
35,-4.26,-13.483026366509858,8.52,2.04
35,-6.38,-12.618843053148732,2.12,8.44
35,-10.75,-9.185700844246998,4.37,6.17
35,-13.49,-4.237865028525569,2.74,7.79
35,4.26,-12.424858148083624,2.49,8.03
35,6.75,-10.409356368191071,2.82,7.66
35,9.57,-7.398452540903402,2.48,7.96
35,12.05,-4.514377033434404,1.35,8.89
35,-4.26,-11.443026366509859,8.32,1.99
35,-4.26,-9.453026366509858,8.36,1.93
35,-4.26,-7.523026366509859,8.49,1.77
35,-4.26,-5.753026366509859,8.24,2.02
35,4.01,-4.394858148083625,2.74,7.65
35,-6.38,-4.178843053148732,2.12,5.63
35,-4.08,-3.733026366509859,8.09,2.26
35,-10.75,-3.0157008442469984,4.35,5.48
35,6.75,-2.749356368191071,2.82,7.03
35,-4.040000000000001,-1.4730263665098593,8.05,2.28
35,9.610000000000001,0.5615474590965981,2.44,6.73
35,-4.210000000000001,0.8069736334901405,8.22,1.96
35,-6.370000000000001,1.4511569468512677,2.16,7.94
35,-10.75,2.464299155753002,4.38,5.43
35,-4.210000000000001,2.7669736334901405,8.0,2.09
35,3.789999999999999,3.2551418519163757,2.94,6.34
35,6.729999999999999,4.280643631808929,2.84,6.06
35,-4.090000000000001,4.85697363349014,7.88,2.49
35,-4.030000000000001,7.3469736334901405,7.82,2.41
35,-2.0000000000000036,9.75697363349014,8.73,1.53
35,-8.430000000000003,9.75697363349014,6.43,1.52
35,-6.324053914523914,11.28697363349014,8.85,1.36
36,-3.37,-13.73254164384729,6.74,3.7
36,-7.490000000000001,-11.993310635516783,4.12,6.31
36,-11.080000000000002,-8.784827829843904,3.59,6.83
36,-13.540000000000003,-4.075291400624003,2.46,7.77
36,3.3700000000000006,-12.478665794066288,3.28,7.08
36,6.6499999999999995,-9.138681524158725,4.14,6.19
36,10.79,-3.974254647100518,2.78,7.48
36,-3.2799999999999994,-10.032541643847289,6.65,3.32
36,-3.1999999999999993,-6.712541643847288,6.57,3.33
36,-7.490000000000002,-5.683310635516784,4.18,6.06
36,3.370000000000001,-5.398665794066288,3.28,6.58
36,-3.299999999999999,-3.382541643847288,6.67,2.69
36,6.65,-2.948681524158725,4.14,5.09
36,-11.080000000000002,-1.9548278298439037,3.53,6.79
36,-3.1899999999999986,-0.6925416438472882,6.56,2.54
36,-7.5500000000000025,0.3766893644832159,4.18,6.06
36,3.370000000000001,1.1813342059337124,3.28,5.18
36,-3.3700000000000028,1.8474583561527118,6.65,2.38
36,6.65,2.141318475841275,4.13,6.08
36,-3.3700000000000028,4.227458356152711,6.65,2.28
36,-9.870000000000003,4.835172170156096,2.32,5.24
36,3.3100000000000005,6.361334205933712,3.34,5.73
36,-7.5500000000000025,6.4366893644832155,4.09,5.04
36,-3.4600000000000026,6.507458356152711,6.77,3.01
36,-3.4600000000000026,9.51745835615271,6.77,1.69
36,-3.3599999999999994,11.20745835615271,6.67,2.1
37,-3.6,-13.674048412960955,7.2,3.08
37,-7.1,-12.228229634742718,3.5,6.76
37,-9.83,-10.16418712932815,2.73,7.52
37,-13.17,-5.14691169537617,3.34,6.89
37,3.5999999999999996,-11.82696495302155,4.15,6.08
37,7.749999999999999,-6.17585621594286,4.97,5.26
37,-3.5999999999999996,-10.594048412960955,7.2,2.7
37,-3.5999999999999996,-7.894048412960955,7.2,2.55
37,3.629999999999998,-5.74696495302155,4.12,5.85
37,-7.1,-5.468229634742718,3.42,6.39
37,-3.6799999999999997,-5.344048412960955,7.31,2.41
37,-3.6799999999999997,-2.934048412960955,7.31,1.66
37,-9.83,-2.6441871293281505,2.67,7.42
37,-3.6799999999999997,-1.274048412960955,7.09,2.98
37,7.749999999999998,-0.9158562159428598,6.2,3.13
37,3.5799999999999983,0.10303504697844978,4.17,5.87
37,-7.16,0.9217703652572817,3.38,6.33
37,-3.7800000000000002,1.705951587039045,7.36,2.09
37,-12.0,1.7430883046238295,2.17,5.67
37,7.749999999999998,2.21414378405714,5.77,1.65
37,-3.7800000000000002,3.7959515870390446,7.36,2.06
37,7.749999999999998,3.86414378405714,2.9,5.4
37,-9.59,4.7758128706718495,2.43,5.54
37,-3.7800000000000002,5.855951587039044,7.29,2.72
37,3.51,5.97303504697845,3.95,5.9
37,-6.19,7.251770365257282,2.41,5.43
37,-3.7800000000000002,8.575951587039045,7.18,2.72
37,-3.7800000000000002,11.295951587039045,7.26,2.22
38,-1.175,-14.091095592607411,2.35,7.86
38,-5.755000000000001,-12.915865243954816,4.58,5.61
38,-7.075000000000001,-12.242711096811849,1.32,8.85
38,-9.855,-10.139949457467726,2.78,7.38
38,-12.185,-7.173937203516629,2.33,7.82
38,-13.345,-4.674459861845001,1.16,8.75
38,1.1750000000000003,-13.690996128843219,2.36,7.78
38,3.5350000000000006,-13.155051311188414,1.65,8.46
38,5.1850000000000005,-12.56520493267022,1.3,8.8
38,6.484999999999999,-11.007905114053264,2.39,7.7
38,8.875,-9.409121903769767,1.68,8.4
38,10.555,-7.598287636040109,1.37,8.7
38,11.925,-4.499508306470828,1.48,8.51
38,-5.755000000000001,-7.305865243954815,4.47,5.36
38,-1.285000000000001,-6.231095592607411,2.46,6.05
38,1.174999999999999,-5.910996128843219,2.36,7.01
38,3.534999999999999,-4.695051311188413,1.65,8.04
38,5.184999999999999,-3.765204932670219,1.27,8.39
38,-7.075000000000001,-3.3927110968118495,1.32,8.02
38,6.454999999999998,-3.3079051140532636,2.39,7.63
38,-9.855,-2.7599494574677257,2.78,5.97
38,-5.755000000000001,-1.945865243954815,4.39,5.6
38,8.844999999999999,-1.009121903769767,1.71,8.12
38,-1.365000000000001,-0.18109559260741115,2.54,7.23
38,-12.185,0.6460627964833714,2.29,5.74
38,1.174999999999999,1.099003871156781,2.36,6.51
38,10.555,1.1017123639598907,1.35,6.11
38,-9.895,3.210050542532274,2.82,6.25
38,3.534999999999999,3.344948688811586,1.65,6.88
38,-5.755000000000001,3.6541347560451847,4.39,5.51
38,6.474999999999999,4.322094885946736,2.37,6.05
38,5.214999999999999,4.6247950673297815,1.26,7.51
38,-7.074999999999999,4.62728890318815,1.21,7.37
38,-1.365000000000001,7.048904407392589,2.53,6.78
38,1.1649999999999987,7.609003871156781,2.25,6.0
39,-3.485,-13.703808777124701,6.97,3.03
39,-6.534999999999999,-12.539273304302766,3.05,6.94
39,-8.075,-11.607496500107164,1.54,8.44
39,-10.454999999999998,-9.520114232507929,2.38,7.59
39,-12.224999999999998,-7.105559443140284,1.77,8.18
39,-13.334999999999997,-4.702911332355746,1.11,8.77
39,3.4849999999999994,-12.24848460014544,3.58,6.39
39,7.0649999999999995,-10.716294835436361,2.16,7.79
39,9.225,-9.375359993088267,1.36,8.56
39,10.584999999999999,-5.889700756405205,2.27,7.65
39,-3.4849999999999994,-10.673808777124702,6.79,2.79
39,-3.4849999999999994,-7.883808777124702,6.79,2.72
39,3.3050000000000006,-5.858484600145441,3.76,6.02
39,-6.534999999999999,-5.599273304302765,3.05,5.8
39,-3.4849999999999994,-5.163808777124702,6.79,2.32
39,-8.075,-3.1674965001071644,1.54,6.39
39,7.065,-2.9262948354363614,2.16,7.44
39,-3.4849999999999994,-2.843808777124702,6.65,1.93
39,-10.405,-1.930114232507929,2.33,7.38
39,-3.4849999999999994,-0.9138087771247021,6.76,1.78
39,9.225000000000001,-0.8153599930882667,1.36,7.88
39,3.3350000000000013,0.16151539985455887,3.73,5.85
39,-6.534999999999999,0.20072669569723445,2.83,5.93
39,-3.704999999999999,0.8661912228752979,7.04,1.69
39,-12.174999999999999,1.0744405568597157,1.77,5.72
39,-3.704999999999999,2.556191222875298,6.81,2.56
39,-8.075,3.2225034998928352,1.54,6.08
39,7.065000000000001,4.513705164563639,2.16,5.76
39,-3.704999999999999,5.1161912228752975,7.01,2.32
39,3.4050000000000002,6.0115153998545585,3.66,5.96
39,-6.534999999999999,6.130726695697234,2.83,5.34
39,-3.704999999999999,7.436191222875298,7.11,1.77
39,-3.675,9.206191222875297,7.08,2.35
39,-5.3149999999999995,11.556191222875297,8.72,1.12
40,-0.92,-14.11003897939336,1.84,7.99
40,-3.21,-13.77082060009497,2.29,7.54
40,-4.430000000000001,-13.428130919826483,1.22,8.59
40,-8.489999999999998,-11.30749751271253,4.06,5.73
40,-10.479999999999999,-9.49258658111687,1.99,7.79
40,-12.479999999999999,-6.64749576908478,2.0,7.77
40,-13.579999999999998,-3.9399492382516885,1.1,7.6
40,0.9199999999999999,-13.694860349780862,2.6,7.17
40,3.5199999999999996,-11.65931387346614,4.48,5.29
40,8.0,-9.93659901575987,2.06,7.7
40,10.06,-8.013557262539528,1.59,8.14
40,11.65,-5.467906363499653,1.39,8.33
40,0.92,-6.524860349780862,2.57,6.48
40,3.4899999999999998,-6.369313873466139,3.96,5.77
40,-3.210000000000001,-6.23082060009497,2.28,7.08
40,-0.930000000000001,-6.12003897939336,1.8,7.78
40,-8.489999999999998,-5.5774975127125295,3.97,5.7
40,-4.519999999999998,-4.838130919826483,1.31,7.87
40,7.449999999999999,-2.236599015759869,2.61,6.49
40,-10.479999999999999,-1.7025865811168694,1.99,6.89
40,3.5899999999999994,-0.5993138734661398,3.86,5.32
40,0.869999999999999,-0.04486034978086195,2.72,5.46
40,-8.489999999999998,0.12250248728747071,3.92,5.06
40,10.059999999999999,0.1264427374604722,1.59,5.57
40,-3.2099999999999977,0.8491793999050303,2.22,6.92
40,-12.439999999999998,1.1225042309152196,1.96,5.52
40,-0.9899999999999975,1.65996102060664,1.86,6.55
40,-4.5699999999999985,3.031869080173517,1.36,7.45
40,7.649999999999999,4.253400984240131,2.41,5.38
40,3.9099999999999984,4.72068612653386,3.74,5.7
40,-8.099999999999998,5.18250248728747,3.53,6.11
40,1.2299999999999982,5.415139650219138,2.68,6.27
40,-3.209999999999998,7.76917939990503,2.16,5.62
40,-1.049999999999998,8.20996102060664,2.08,5.63
41,-0.845,-14.114729009088343,1.69,8.02
41,-3.3550000000000004,-13.73621399804182,2.51,7.2
41,-4.585000000000001,-13.375999962619616,1.23,8.45
41,-5.675000000000001,-12.951215193949949,1.09,8.57
41,-8.165000000000001,-11.544365508766605,2.49,7.15
41,-11.775,-7.828727546670659,3.61,6.03
41,-12.985,-5.597264957101819,1.21,8.37
41,0.8450000000000002,-13.753122372755941,2.44,7.12
41,3.2849999999999997,-12.389325042148181,3.53,5.99
41,6.8149999999999995,-10.926526209184694,2.16,7.35
41,8.975,-9.397892050880348,1.59,7.89
41,10.565,-6.186143790763356,2.15,7.33
41,0.845,-6.633122372755941,2.37,6.81
41,-3.355000000000001,-6.536213998041819,2.35,6.8
41,3.215,-6.399325042148181,3.6,5.36
41,-1.0050000000000008,-6.0947290090883435,1.83,6.71
41,-4.565000000000001,-4.925999962619617,1.21,8.18
41,-8.165000000000001,-4.3943655087666045,2.08,7.34
41,-6.085000000000001,-4.381215193949949,1.52,5.94
41,6.8149999999999995,-3.576526209184694,2.09,7.12
41,-11.745000000000001,-1.7987275466706585,3.58,5.49
41,8.905,-1.507892050880348,1.65,6.25
41,3.215,-1.0393250421481808,3.6,5.18
41,1.0349999999999997,0.17687762724405864,2.18,6.88
41,-3.3550000000000013,0.2637860019581808,2.14,6.86
41,-1.2150000000000012,0.6152709909116565,2.2,6.5
41,10.555,1.1438562092366444,1.56,5.89
41,-6.045000000000002,1.5587848060500518,1.48,7.05
41,-8.115000000000002,2.9456344912333954,2.07,7.23
41,-4.565000000000001,3.254000037380383,1.16,8.24
41,6.834999999999999,3.5434737908153062,2.07,6.84
41,-10.045000000000002,3.6912724533293417,1.93,6.24
41,3.254999999999999,4.140674957851819,3.58,5.21
41,1.104999999999999,7.0568776272440585,2.15,6.55
41,-1.075000000000001,7.1152709909116565,2.18,6.02
41,-3.035000000000001,7.123786001958181,1.96,6.17
42,-1.835,-14.020427061969261,3.67,5.76
42,-3.545000000000001,-13.688410243706171,1.71,7.68
42,-5.505000000000002,-13.02438386258636,1.96,7.37
42,-6.915000000000003,-12.333789969024119,1.41,7.91
42,-10.125000000000004,-9.870358402813949,3.21,6.1
42,-11.845000000000004,-7.722407331914051,1.72,7.56
42,-13.445000000000004,-4.378535714140049,1.6,7.59
42,1.8350000000000004,-12.981663029057563,3.77,5.45
42,5.605,-12.259998980424102,1.44,7.71
42,7.045000000000001,-11.348584713522651,1.39,7.7
42,8.435000000000002,-10.17867255588861,1.38,7.7
42,9.815000000000001,-4.025118010692353,3.74,5.33
42,-1.8350000000000009,-8.260427061969262,3.15,5.66
42,1.314999999999999,-7.531663029057563,3.14,5.33
42,4.454999999999999,-7.531663029057563,1.15,7.49
42,-3.525000000000001,-6.008410243706171,1.69,6.76
42,-5.4750000000000005,-5.65438386258636,1.95,7.08
42,5.604999999999999,-4.549998980424102,1.4,7.64
42,-6.905,-4.423789969024119,1.43,7.15
42,-10.015,-3.770358402813949,3.11,5.28
42,7.004999999999999,-3.6485847135226512,1.4,6.0
42,-1.8350000000000009,-2.6004270619692615,2.67,5.9
42,8.405,-2.4786725558886102,1.37,7.14
42,0.8349999999999991,-2.2016630290575625,3.23,5.07
42,-11.845000000000004,-0.16240733191405177,1.83,6.24
42,4.074999999999998,-0.04166302905756236,1.53,7.23
42,-3.4850000000000008,0.7515897562938285,1.65,5.43
42,9.774999999999999,1.3048819893076473,1.9,6.5
42,-5.455000000000001,1.4256161374136402,1.97,5.45
42,-10.015000000000004,1.509641597186051,2.69,5.86
42,7.004999999999999,2.3514152864773488,1.4,5.9
42,-7.325000000000005,2.7262100309758814,1.87,6.28
42,2.0449999999999986,2.868336970942438,2.03,6.87
42,5.624999999999999,3.0900010195758973,1.38,7.02
42,-0.005000000000001226,3.299572938030739,2.05,6.83
42,-1.7850000000000013,3.299572938030739,1.78,6.62
42,-3.465000000000001,6.181589756293828,1.68,5.39
42,-5.345000000000001,6.87561613741364,1.88,6.08
42,4.074999999999998,7.188336970942438,1.34,5.87
42,-1.4950000000000019,10.129572938030739,5.57,2.04
42,-3.4650000000000007,12.16957293803074,7.01,1.46
43,-13.699985401452077,-3.5,1.88,7.0
43,-13.07239457788817,-5.39,6.95,1.89
43,-12.222417927726086,-7.11,6.95,1.72
43,-11.254599059939897,-8.56,6.92,1.45
43,-10.066513795748754,-9.93,6.84,1.37
43,-8.324343817983493,-11.43,6.71,1.5
43,-5.069477290608967,-13.2,6.4,1.77
43,1.3305227093910332,-13.800361583557372,1.75,6.38
43,3.0805227093910332,-13.278362812918393,1.78,6.21
43,4.8605227093910335,-12.462351958170283,1.82,6.11
43,6.680522709391034,-11.2465879486986,1.89,6.0
43,8.570522709391033,-9.503039208175807,1.9,5.96
43,10.470522709391034,-7.364922370403869,1.6,6.09
43,12.070522709391033,-3.0346437177030445,1.74,5.6
43,-0.7094772906089668,-11.43,2.04,5.56
43,-2.7594772906089666,-9.93,2.05,5.4
43,1.3305227093910332,-7.420361583557372,1.72,5.4
43,-4.769477290608966,-7.11,2.01,5.35
