Instance: CBPP
Bin radius: 14.14
Rotate enable: false
Bin num: 101
Lower bound: 84
Opt: false
Gap: 0.16831683168316833
Bin id,X coordinate of lower left corner,Y coordinate of lower left corner,Item's width,Item's height
1,-3.62,-13.668767318233199,7.24,10.0
1,-8.84,-11.036031895568263,5.22,9.99
1,-13.85,-2.8490524740692336,5.01,5.62
1,3.619999999999999,-10.135087567455944,6.24,9.97
1,-3.62,-3.668767318233199,7.24,9.34
1,-8.84,-1.0460318955682624,5.22,8.27
1,3.62,-0.16508756745594333,9.54,5.33
1,3.62,5.164912432544057,5.6,5.05
1,-3.41,5.671232681766801,7.03,7.9
2,-4.835,-13.287677562313137,9.67,9.98
2,-10.785,-9.144581729089637,5.95,9.97
2,4.835000000000001,-9.191549107740217,5.91,9.97
2,-4.835,-3.3076775623131365,9.62,9.98
2,4.784999999999999,0.7784508922597837,7.83,5.6
2,-12.615000000000002,0.8254182709103635,7.78,5.47
2,-4.595714593241886,6.672322437686865,8.67,6.7
3,-4.975,-13.23589721174957,9.95,9.97
3,-12.254999999999999,-7.053692295528636,7.28,9.96
3,4.975,-8.035320466540213,6.66,9.96
3,-4.974999999999999,-3.2658972117495697,9.95,7.58
3,4.9750000000000005,1.9246795334597877,7.1,5.39
3,-11.394999999999998,2.9063077044713648,6.42,5.28
3,-4.974999999999998,4.31410278825043,9.95,6.96
4,-4.58,-13.37771280899691,9.16,9.96
4,-10.35,-9.63416317071701,5.77,9.93
4,4.580000000000001,-8.734139911863101,6.54,9.92
4,-4.58,-3.4177128089969084,9.16,8.24
4,-12.77,0.29583682928299027,8.19,5.7
4,4.58,1.1858600881368986,8.1,5.02
4,-4.359999999999999,4.822287191003092,8.94,8.49
5,-4.93,-13.252724248244208,9.86,9.95
5,-12.44,-6.722053257747965,7.51,9.9
5,4.93,-9.558409909603167,5.49,9.9
5,-4.93,-3.3027242482442087,9.86,9.17
5,4.93,0.3415900903968332,7.89,5.39
5,-11.059999999999999,3.1779467422520353,6.13,5.52
5,-4.929999999999999,5.867275751755791,9.86,7.38
6,-4.665,-13.348309818100567,9.33,9.95
6,-13.155,-5.185130181586574,8.49,9.9
6,4.664999999999999,-5.643436453084238,8.3,9.89
6,-4.664999999999999,-3.398309818100568,9.22,9.88
6,4.5550000000000015,4.2465635469157625,5.76,5.04
6,-10.114999999999998,4.714869818413426,5.45,5.13
6,-4.664999999999998,6.481690181899433,9.21,6.85
7,-4.435,-13.426480365307954,8.87,9.93
7,-9.875,-10.120473062065825,5.44,9.88
7,4.4350000000000005,-7.843747509959764,7.33,9.86
7,-4.435,-3.4964803653079546,8.87,8.37
7,-13.184999999999999,-0.2404730620658242,8.75,5.34
7,4.435,2.0162524900402357,7.64,5.34
7,-4.345000000000001,4.873519634692045,8.78,8.51
7,-9.385000000000002,5.099526937934176,5.04,5.28
8,-4.405,-13.436352741722734,8.81,9.93
8,-12.425,-6.749738883838397,8.02,9.85
8,4.404999999999999,-9.097195996569495,6.42,9.85
8,-4.405000000000001,-3.5063527417227345,8.76,9.84
8,4.354999999999999,0.752804003430505,8.28,5.54
8,-11.265,3.1002611161616027,6.86,5.35
8,-4.405,6.333647258277265,9.32,6.8
9,-4.945,-13.247134595828639,9.89,9.89
9,-11.905000000000001,-7.629585506434801,6.96,9.83
9,4.945,-7.918230547287697,6.77,9.81
9,-4.945000000000001,-3.3571345958286383,9.89,8.48
9,4.944999999999999,1.8917694527123032,7.09,5.27
9,-11.485,2.200414493565199,6.54,5.81
9,-4.944999999999999,5.122865404171362,9.89,7.37
10,-4.78,-13.307561760142239,9.56,9.89
10,-11.690000000000001,-7.955092708447839,6.91,9.8
10,4.780000000000001,-7.790994801692529,7.02,9.78
10,-4.780000000000001,-3.417561760142238,9.56,7.26
10,-12.05,1.844907291552162,7.27,5.38
10,4.779999999999999,1.9890051983074706,7.28,5.36
10,-4.48,3.8424382398577617,9.26,9.25
11,-4.46,-13.418196600139678,8.92,9.86
11,-13.06,-5.419963099505384,8.6,9.8
11,4.459999999999999,-5.677772450530227,8.49,9.77
11,-4.460000000000001,-3.558196600139679,8.91,9.65
11,4.449999999999999,4.092227549469772,5.64,5.64
11,-10.170000000000002,4.380036900494617,5.71,5.36
11,-4.460000000000002,6.091803399860321,8.67,7.2
12,-4.62,-13.36395151143553,9.24,9.82
12,-12.400000000000002,-6.795557372283746,7.78,9.77
12,4.62,-6.95726239263692,7.69,9.77
12,-4.620000000000002,-3.54395151143553,9.24,8.49
12,4.619999999999998,2.812737607363079,6.69,5.42
12,-11.520000000000001,2.974442627716254,6.9,5.05
12,-4.340000000000003,4.94604848856447,8.96,8.41
13,-4.985,-13.232134181605023,9.97,9.8
13,-11.735,-7.888559754479903,6.75,9.77
13,4.985,-7.9770906350623845,6.69,9.76
13,-4.984999999999999,-3.432134181605022,9.97,7.22
13,4.985000000000001,1.7829093649376153,7.09,5.55
13,-12.245,1.8814402455200963,7.26,5.04
13,-4.984999999999999,3.7878658183949776,9.97,7.14
14,-2.595,-13.899840826426756,5.19,9.76
14,-9.395,-10.567571859230483,6.8,9.75
14,2.5949999999999998,-11.071927338995682,6.2,9.75
14,8.794999999999998,-2.8732516423035506,5.05,5.23
14,-2.5949999999999998,-4.139840826426756,5.19,6.03
14,2.7349999999999985,-1.3219273389956818,6.06,9.33
14,-12.274999999999999,-0.8175718592304833,9.68,7.72
14,-2.594999999999999,1.8901591735732444,5.33,7.3
15,-4.495,-13.406512410019245,8.99,9.74
15,-10.345,-9.639531886974595,5.85,6.93
15,4.495,-9.132774770024715,6.3,9.74
15,-4.495000000000001,-3.6665124100192443,8.99,8.71
15,-13.845,-2.7095318869745952,9.35,5.53
15,4.494999999999999,0.6072252299752847,8.07,5.79
15,-11.385000000000002,2.820468113025405,6.89,5.44
15,-4.495000000000002,5.0434875899807565,8.86,8.24
16,-4.635,-13.35875649153019,9.27,9.73
16,-12.795,-6.018934706407771,8.16,9.73
16,4.635,-7.139858191869079,7.57,9.73
16,-4.635,-3.62875649153019,9.27,8.4
16,4.635,2.5901418081309213,6.72,5.79
16,-10.715,3.7110652935922293,6.08,5.44
16,-4.635,4.77124350846981,9.21,8.14
17,-4.875,-13.27305447137169,9.75,9.72
17,-10.585,-9.375359993088265,5.71,9.72
17,4.875,-8.078587438407782,6.73,9.71
17,-4.875000000000001,-3.5530544713716896,9.75,7.53
17,-12.875,0.34464000691173524,8.0,5.3
17,4.874999999999999,1.631412561592219,7.14,5.77
17,-4.875,3.9769455286283106,9.75,6.97
18,-4.27,-13.479862758945286,8.54,9.7
18,-12.639999999999999,-6.3379807509963335,8.37,9.7
18,4.27,-7.447093392727125,7.75,9.7
18,-4.27,-3.7798627589452867,8.52,9.6
18,4.25,2.252906607272874,7.74,5.17
18,-11.219999999999999,3.3620192490036658,6.95,5.24
18,-4.269999999999999,5.820137241054713,8.27,7.51
19,-3.965,-13.572706988659263,7.93,9.69
19,-10.344999999999999,-9.639531886974597,6.38,9.66
19,3.964999999999999,-10.767654108486214,5.2,9.66
19,-3.964999999999999,-3.8827069886592636,7.79,9.63
19,3.825000000000001,-1.107654108486214,9.46,5.91
19,-12.565,0.02046811302540341,8.6,6.42
19,3.825000000000001,4.802345891513786,5.9,5.34
19,-3.965,5.747293011340737,7.79,5.17
20,-4.925,-13.254583169605901,9.85,9.68
20,-11.445,-8.30370850885314,6.52,9.64
20,4.925,-9.409121903769767,5.63,9.6
20,-4.925000000000001,-3.5745831696059014,9.85,6.77
20,4.924999999999999,0.19087809623023233,7.71,6.01
20,-12.115000000000002,1.336291491146861,7.19,5.77
20,-4.925000000000002,3.195416830394098,9.85,6.56
21,-4.91,-13.260147058008068,9.82,9.67
21,-11.969999999999999,-7.527197353597157,7.06,9.58
21,4.91,-9.459360443497225,5.6,9.58
21,-4.909999999999999,-3.5901470580080677,9.82,6.33
21,4.910000000000001,0.12063955650277514,7.75,6.1
21,-11.59,2.052802646402843,6.68,6.01
21,-4.91,2.7398529419919324,9.82,5.13
21,-4.91,7.869852941991932,9.7,5.38
22,-4.735,-13.323639705425842,9.47,9.67
22,-13.285,-4.84235221767273,8.55,9.64
22,-9.915,-10.00235221767273,5.18,5.16
22,4.734999999999999,-7.390302767816756,7.32,9.56
22,-4.734999999999999,-3.6536397054258423,9.46,9.64
22,4.725000000000001,2.1696972321832444,6.81,5.97
22,-9.875,4.797647782327271,5.14,5.1
22,-4.735,5.986360294574158,9.44,7.21
23,-4.335,-13.459100081357594,8.67,9.63
23,-12.995000000000001,-5.574008880509609,8.66,9.62
23,4.335000000000001,-4.896874002871629,8.93,9.57
23,4.335,-9.916874002871628,5.32,5.02
23,-4.335000000000001,-3.829100081357593,8.67,9.56
23,-10.605,4.04599111949039,6.27,5.26
23,4.334999999999999,4.673125997128372,5.6,5.33
23,-4.0550000000000015,5.730899918642407,8.39,7.72
24,-4.85,-13.2822099064877,9.7,9.62
24,-11.12,-8.734139911863105,6.27,9.55
24,4.85,-5.395803925273786,8.22,9.53
24,-4.85,-3.6622099064877016,9.7,9.25
24,-12.719999999999999,0.8158600881368958,7.87,5.24
24,4.85,4.134196074726213,5.4,5.58
24,-4.849999999999999,5.587790093512298,9.7,6.93
25,-4.515,-13.399790110296506,9.03,9.62
25,-12.005,-7.471249895432489,7.49,9.53
25,4.515000000000001,-5.997630782233934,8.29,9.47
25,-4.324999999999999,-3.7797901102965064,8.84,9.35
25,-11.915,2.05875010456751,7.59,5.02
25,4.515000000000001,3.472369217766067,6.28,5.59
25,-4.324999999999999,5.570209889703493,8.84,6.84
26,-4.845,-13.284034590439758,9.69,9.55
26,-10.754999999999999,-9.179846131608091,5.91,9.46
26,4.845,-8.035320466540213,6.79,9.44
26,-4.844999999999999,-3.734034590439757,9.69,7.4
26,-12.844999999999999,0.2801538683919098,8.0,5.55
26,4.845000000000001,1.4046795334597864,7.17,6.05
26,-4.844999999999999,3.6659654095602434,9.69,6.0
27,-4.865,-13.276723052018522,9.73,9.53
27,-11.095,-8.76587559802214,6.23,9.44
27,4.865,-8.192311944744292,6.66,9.43
27,-4.865,-3.746723052018522,9.73,6.82
27,-12.665,0.6741244019778598,7.8,5.01
27,4.865,1.237688055255708,7.21,6.09
27,-4.845,3.073276947981478,9.71,9.27
28,-4.645,-13.355282662676968,9.29,9.51
28,-11.135,-8.71500860584773,6.49,9.42
28,4.645,-6.3678077075238395,7.98,9.41
28,-4.645,-3.8452826626769685,9.29,7.71
28,-12.775,0.7049913941522696,8.13,5.29
28,4.645,3.0421922924761606,6.84,5.05
28,-4.645,3.8647173373230315,9.29,5.11
29,-4.61,-13.36740438529485,9.22,9.51
29,-10.41,-9.56929986989644,5.8,9.4
29,4.61,-8.013557262539528,7.04,9.39
29,-4.61,-3.857404385294851,9.22,8.39
29,-13.2,-0.16929986989643986,8.59,5.08
29,4.61,1.3764427374604722,7.31,5.97
29,-4.600000000000001,4.53259561470515,9.21,8.81
29,-9.810000000000002,4.91070013010356,5.21,5.0
30,-4.995,-13.228362521491464,9.99,9.44
30,-13.275,-4.869699682731986,8.28,9.38
30,4.994999999999999,-5.911478241523016,7.85,9.38
30,-4.995000000000001,-3.7883625214914645,9.81,9.33
30,4.8149999999999995,3.468521758476985,5.99,5.64
30,-5.045000000000002,5.541637478508536,9.86,7.66
31,-4.555,-13.386245739564174,9.11,9.37
31,-11.864999999999998,-7.691643192452446,7.31,9.36
31,4.554999999999999,-9.714112157063045,5.72,9.36
31,-4.554999999999999,-4.016245739564175,8.93,9.34
31,4.375000000000001,-0.3541121570630459,8.79,5.1
31,-11.934999999999999,1.6683568075475534,7.38,5.74
31,4.375000000000001,4.745887842936954,5.65,5.21
31,-4.2749999999999995,5.323754260435825,8.65,7.99
32,-4.02,-13.556518727165908,8.04,9.35
32,-12.9,-5.790474937343224,8.88,9.34
32,4.019999999999999,-10.625003529411181,5.31,9.33
32,-4.02,-4.206518727165909,8.04,8.44
32,4.02,-1.295003529411181,9.14,6.42
32,-10.54,3.549525062656776,6.52,5.72
32,-4.02,4.233481272834091,7.85,9.22
32,3.83,5.124996470588819,5.91,5.12
33,-2.555,-13.907249009059987,5.11,9.33
33,-9.684999999999999,-10.302445098130834,7.13,9.32
33,2.5549999999999997,-8.234353344373803,8.94,9.3
33,-2.4750000000000005,-4.577249009059987,5.03,9.09
33,-12.285000000000002,-0.9824450981308335,9.81,7.89
33,2.5549999999999997,1.0656466556261979,9.68,6.0
33,-2.465,4.512750990940013,5.02,6.68
34,-3.795,-13.621217823674945,7.59,9.3
34,-9.094999999999999,-10.826845108340658,5.3,9.3
34,3.794999999999999,-8.24829527841966,7.69,9.29
34,-3.735000000000001,-4.321217823674944,7.53,9.27
34,-13.165000000000001,-1.5268451083406571,9.43,6.31
34,3.794999999999999,1.0417047215803397,8.64,5.59
34,-9.775000000000002,4.7831548916593425,6.04,5.29
34,-3.735000000000002,4.9487821763250555,7.53,7.84
35,-2.955,-13.82778272175261,5.91,9.28
35,-11.335,-8.453246417797128,8.38,9.27
35,2.955,-8.878602085914201,8.05,9.27
35,-2.955,-4.547782721752611,5.91,8.23
35,2.955,0.3913979140857986,9.37,6.26
35,-12.345,0.8167535822028711,9.39,5.79
35,-2.955,3.682217278247389,5.91,5.13
36,-4.355,-13.452641933835897,8.71,9.25
36,-12.105,-7.308117062554486,7.75,9.25
36,4.355,-8.42636190772744,7.0,9.25
36,-4.355,-4.202641933835897,8.44,9.24
36,4.084999999999999,0.8236380922725601,8.4,5.68
36,-11.965,1.9418829374455138,7.61,5.53
36,-4.124999999999999,5.037358066164103,8.21,8.43
37,-4.84,-13.285857142089103,9.68,9.24
37,-12.01,-7.463209765241764,7.17,9.23
37,4.840000000000001,-8.526499868058405,6.44,9.23
37,-4.84,-4.045857142089103,9.37,9.21
37,4.529999999999999,0.7035001319415954,8.27,5.29
37,-11.99,1.7667902347582363,7.15,5.45
37,-4.84,5.164142857910898,9.2,8.08
38,-2.94,-13.830979719455886,5.88,9.23
38,-11.52,-8.199341436969192,8.58,9.22
38,2.9400000000000004,-11.254599059939897,5.62,9.21
38,8.559999999999999,-3.5773174307013953,5.12,7.03
38,-2.9399999999999995,-4.600979719455886,5.88,7.02
38,2.9400000000000004,-2.0445990599398964,5.62,9.14
38,-12.34,1.0206585630308087,9.4,5.69
38,-2.8199999999999985,2.419020280544114,5.76,9.12
39,-4.755,-13.316515122208212,9.51,9.19
39,-12.834999999999999,-5.933158939384655,8.08,9.18
39,4.755000000000001,-6.307977092539255,7.9,9.18
39,-4.754999999999999,-4.126515122208213,9.51,7.09
39,4.755000000000001,2.872022907460745,6.63,5.51
39,-4.4449999999999985,2.963484877791787,9.2,9.03
39,-11.284999999999998,3.2468410606153446,6.84,5.02
40,-4.39,-13.441261101548472,8.78,9.18
40,-10.86,-9.055385138137419,6.47,9.17
40,4.389999999999999,-4.8833083048277866,8.88,9.16
40,-4.310000000000001,-4.261261101548472,8.7,9.01
40,-12.520000000000003,0.11461486186258085,8.21,6.18
40,4.389999999999998,4.276691695172214,5.67,5.34
40,-4.260000000000003,4.748738898451528,8.65,8.57
41,-4.23,-13.49246826937162,8.46,9.15
41,-11.07,-8.797425759845888,6.84,9.15
41,4.23,-7.790994801692529,7.57,9.14
41,-4.23,-4.34246826937162,8.46,9.05
41,-12.530000000000001,0.3525742401541123,8.3,5.9
41,4.23,1.3490051983074718,8.3,5.16
41,-4.23,4.70753173062838,8.46,7.79
42,-3.89,-13.594392226208571,7.78,9.13
42,-9.120000000000001,-10.805794741711503,5.23,9.12
42,3.8900000000000006,-8.241328776356395,7.6,9.11
42,-3.8900000000000006,-4.46439222620857,7.78,8.31
42,-13.14,-1.6857947417115042,9.25,6.75
42,3.8899999999999997,0.868671223643604,8.61,5.67
42,-3.8900000000000006,3.8456077737914303,7.78,8.22
42,-9.71,5.064205258288496,5.82,5.18
43,-4.48,-13.411532350928436,8.96,9.1
43,-12.280000000000001,-7.010078458904721,7.8,9.1
43,4.48,-8.579160798120059,6.76,9.07
43,-4.480000000000001,-4.311532350928436,8.84,9.05
43,4.3599999999999985,0.49083920187994146,8.18,5.94
43,-11.89,2.0899215410952783,7.41,5.11
43,-4.48,4.7384676490715645,8.56,8.27
44,-4.905,-13.261997398582162,9.81,9.09
44,-10.115000000000002,-9.88060600368216,5.21,9.07
44,4.904999999999999,-8.493325320509042,6.4,9.05
44,-4.8549999999999995,-4.171997398582162,9.76,8.95
44,-13.345,-0.8106060036821603,8.49,5.41
44,4.905,0.5566746794909587,7.12,6.85
44,-4.984999999999999,4.778002601417837,9.89,8.18
45,-4.525,-13.396416498452114,9.05,9.05
45,-12.285,-7.001312376976192,7.76,9.04
45,4.525,-7.274886597054281,7.6,9.0
45,-4.525,-4.346416498452113,8.93,8.93
45,4.404999999999999,1.725113402945719,6.88,6.65
45,-11.915,2.038687623023807,7.39,5.21
45,-4.384999999999999,4.583583501547887,8.79,8.23
46,-4.675,-13.344810789216908,9.35,9.01
46,-11.535,-8.178225663308638,6.86,9.0
46,4.675000000000001,-8.42636190772744,6.68,9.0
46,-4.675,-4.334810789216908,9.06,8.78
46,4.385000000000001,0.5736380922725601,8.34,5.57
46,-12.005,0.8217743366913624,7.33,6.42
46,-4.675000000000001,4.4451892107830915,9.06,7.1
47,-4.015,-13.558000405664547,8.03,8.99
47,-11.135000000000002,-8.71500860584773,7.12,8.99
47,4.014999999999999,-7.471249895432494,7.99,8.97
47,-4.0150000000000015,-4.568000405664547,8.03,8.85
47,-12.605,0.2749913941522699,8.59,6.07
47,4.014999999999998,1.498750104567507,7.99,5.89
47,-4.015000000000001,4.281999594335453,8.03,7.06
48,-3.515,-13.696144530487404,7.03,8.97
48,-11.565000000000001,-8.135746738929377,8.05,8.94
48,3.5150000000000006,-5.479815234111458,9.52,8.93
48,3.515,-10.869815234111456,5.42,5.39
48,-3.5150000000000006,-4.726144530487403,7.03,8.5
48,-12.485000000000001,0.8042532610706221,8.97,5.13
48,3.5149999999999997,3.450184765888542,6.9,6.1
48,-3.4750000000000005,3.773855469512597,6.99,8.85
49,-3.35,-13.737434258259437,6.7,8.93
49,-11.42,-8.338057327699302,8.07,8.92
49,3.3500000000000005,-8.921810354406778,7.62,8.92
49,-3.3499999999999996,-4.807434258259438,6.65,8.86
49,3.3000000000000007,-0.0018103544067784583,9.15,6.6
49,-12.44,0.5819426723006984,9.09,6.12
49,-3.3499999999999996,4.052565741740562,6.65,8.1
50,-4.08,-13.538581905059333,8.16,8.91
50,-11.16,-8.682971841483768,7.08,8.91
50,4.08,-8.486666012045013,7.23,8.89
50,-4.08,-4.628581905059333,8.16,6.16
50,-12.48,0.22702815851623193,8.4,6.13
50,4.08,0.4033339879549871,8.58,5.83
50,-4.08,1.5314180949406673,7.96,8.85
51,-2.93,-13.833101604484803,5.86,8.89
51,-8.71,-11.138918259867069,5.78,8.89
51,-13.77,-3.2135183210929443,5.06,6.38
51,2.9299999999999997,-11.60401654600682,5.15,8.89
51,8.08,-4.745229183084838,5.24,8.77
51,-2.9300000000000006,-4.943101604484802,5.79,8.62
51,2.950000000000002,-2.7140165460068193,5.13,8.65
51,-8.71,-2.248918259867068,5.78,5.1
51,-8.600000000000001,2.8510817401329316,5.67,8.3
51,-2.9300000000000015,3.676898395515197,5.73,8.61
51,2.799999999999999,5.935983453993181,5.95,5.07
52,-2.77,-13.866026828186941,5.54,8.88
52,-8.14,-11.562006746235708,5.37,8.88
52,-13.38,-4.573313896946065,5.24,8.61
52,2.7699999999999996,-9.5256023431592,7.68,8.87
52,-2.7700000000000005,-4.98602682818694,5.54,8.81
52,-8.14,-2.6820067462357073,5.37,8.43
52,2.7699999999999996,-0.6556023431592006,9.52,7.63
52,-2.7700000000000005,3.8239731718130603,5.54,6.13
52,-8.77,5.747993253764292,6.0,5.25
53,-3.7,-13.647329409082204,7.4,8.87
53,-10.12,-9.875484798226365,6.42,8.87
53,3.700000000000001,-7.652940611294458,8.19,8.86
53,-3.6999999999999993,-4.7773294090822045,7.4,8.39
53,-13.18,-1.005484798226366,9.48,5.54
53,3.700000000000001,1.2070593887055416,8.73,5.45
53,-3.509999999999999,3.612670590917796,7.21,8.75
53,-9.679999999999998,4.534515201773634,6.17,5.36
54,-3.945,-13.578533610077342,7.89,8.85
54,-12.525,-6.562314759290353,8.58,8.83
54,3.9450000000000003,-7.139858191869079,8.26,8.83
54,-3.9450000000000003,-4.728533610077342,7.89,8.61
54,3.9449999999999994,1.690141808130921,7.16,6.85
54,-11.135000000000002,2.267685240709647,7.19,6.04
54,-3.945000000000001,3.8814663899226574,7.89,7.95
55,-4.82,-13.293126043184875,9.64,8.83
55,-13.42,-4.454570686384943,8.6,8.81
55,4.82,-8.013557262539528,6.83,8.81
55,-4.82,-4.463126043184875,9.64,7.02
55,4.82,0.7964427374604721,7.23,6.42
55,-4.58,2.5568739568151244,9.4,8.8
55,-10.23,4.3554293136150575,5.65,5.28
56,-4.88,-13.271216975093129,9.76,8.81
56,-10.849999999999998,-9.067364556473951,5.97,8.81
56,4.88,-9.1622431751182,5.89,8.8
56,-4.879999999999998,-4.461216975093128,9.76,8.58
56,4.880000000000002,-0.3622431751181985,7.86,6.36
56,-12.059999999999999,-0.2573645564739504,7.18,7.4
56,-4.879999999999999,4.118783024906872,9.54,8.59
57,-2.79,-13.862016447833266,5.58,8.79
57,-8.919999999999998,-10.971472098127947,6.13,8.75
57,2.789999999999999,-8.859977426607813,8.23,8.74
57,-2.620000000000001,-5.072016447833267,5.41,8.55
57,-12.340000000000002,-2.221472098127947,9.72,8.52
57,2.789999999999999,-0.11997742660781263,9.54,6.43
57,-2.620000000000001,3.4779835521667337,5.41,6.73
58,-4.19,-13.504943539311817,8.38,8.73
58,-10.860000000000001,-9.055385138137416,6.67,8.72
58,4.19,-8.995081989620774,6.72,8.71
58,-4.190000000000001,-4.774943539311817,8.38,7.31
58,-12.650000000000002,-0.3353851381374149,8.46,6.55
58,4.1899999999999995,-0.2850819896207728,8.58,6.32
58,-4.190000000000001,2.5350564606881827,8.31,8.69
59,-4.49,-13.408187797014183,8.98,8.68
59,-11.67,-7.984403546915701,7.18,8.68
59,4.490000000000001,-9.414727824000012,6.06,8.68
59,-4.49,-4.728187797014183,8.98,6.19
59,4.49,-0.7347278240000126,8.77,5.16
59,-12.190000000000001,0.6955964530842991,7.7,6.41
59,-4.490000000000001,1.4618122029858176,8.77,8.21
59,4.2799999999999985,4.425272175999988,5.36,5.9
60,-4.6,-13.370848888533592,9.2,8.67
60,-12.32,-6.93953888958049,7.72,8.67
60,4.599999999999999,-8.897162469012244,6.39,8.67
60,-4.6000000000000005,-4.700848888533592,9.07,8.61
60,4.47,-0.22716246901224402,8.73,5.16
60,-11.920000000000002,1.73046111041951,7.32,5.59
60,-4.600000000000001,3.9091511114664073,9.07,7.58
61,-4.685,-13.341303347124674,9.37,8.66
61,-12.815,-5.976234182158529,8.13,8.66
61,4.685,-7.224650510578351,7.47,8.66
61,-4.684999999999999,-4.681303347124674,9.37,8.46
61,4.6850000000000005,1.4353494894216494,7.35,5.63
61,-11.344999999999999,2.683765817841471,6.66,5.68
61,-4.684999999999999,3.778696652875327,9.28,8.04
62,-3.49,-13.70253626158311,6.98,8.62
62,-9.08,-10.83942802919047,5.59,8.62
62,3.4899999999999993,-9.601833158308887,6.89,8.61
62,-3.3500000000000005,-5.08253626158311,6.84,8.52
62,-13.120000000000001,-2.219428029190471,9.77,7.35
62,3.4899999999999993,-0.9918331583088875,9.7,5.71
62,-3.3500000000000014,3.4374637384168896,6.77,8.04
62,3.419999999999998,4.7181668416911124,6.13,5.21
62,-8.760000000000002,5.1305719708095285,5.41,5.36
63,-3.175,-13.778932288098378,6.35,8.61
63,-8.865000000000002,-11.01596001263621,5.69,8.61
63,3.175,-10.793117019656556,5.96,8.6
63,-3.0949999999999998,-5.168932288098379,6.27,8.47
63,-13.055,-2.4059600126362106,9.96,6.51
63,3.175,-2.1931170196565564,9.93,7.39
63,-3.094999999999999,3.301067711901622,6.27,8.26
63,-10.474999999999998,4.104039987363789,7.38,5.16
63,3.1750000000000007,5.196882980343443,5.84,5.62
64,-3.75,-13.633675219837093,7.5,8.58
64,-13.19,-5.095439137110759,9.44,8.55
64,-8.96,-10.635439137110758,5.21,5.54
64,3.750000000000001,-9.019284894047864,7.14,8.53
64,-3.75,-5.053675219837093,7.36,8.25
64,3.6100000000000003,-0.4892848940478647,9.52,5.46
64,-3.59,3.1963247801629073,7.2,8.45
64,-10.33,3.4545608628892417,6.74,5.92
64,3.6100000000000003,4.970715105952135,5.36,5.89
65,-2.835,-13.85288327388923,5.67,8.53
65,-9.845,-10.149658861262283,7.01,8.48
65,2.834999999999999,-11.032024972778117,6.01,8.45
65,-2.835000000000001,-5.32288327388923,5.67,6.28
65,2.834999999999999,-2.582024972778118,9.45,8.39
65,-12.355,-1.669658861262283,9.52,8.01
65,-2.835000000000001,0.9571167261107698,5.51,8.3
65,2.674999999999999,5.807975027221882,5.14,5.82
66,-2.84,-13.851859081004255,5.68,8.45
66,-10.54,-9.425921705594632,7.7,8.44
66,2.8400000000000007,-10.19311532358974,6.96,8.39
66,-2.839999999999999,-5.401859081004256,5.65,7.85
66,2.8100000000000014,-1.80311532358974,9.45,8.2
66,-12.26,-0.9859217055946328,9.42,7.7
66,-2.84,2.448140918995744,5.65,6.02
67,-3.955,-13.575624295037043,7.91,8.38
67,-9.754999999999999,-10.236189476558161,5.8,8.38
67,3.955000000000001,-8.689394397770192,7.2,8.36
67,-3.924999999999999,-5.195624295037042,7.88,8.29
67,-13.135,-1.8561894765581606,9.21,6.6
67,3.955000000000001,-0.3293943977701925,9.18,5.53
67,-3.924999999999999,3.0943757049629568,7.88,7.47
67,-9.075,4.743810523441839,5.15,5.69
68,-4.26,-13.483026366509858,8.52,8.34
68,-10.870000000000001,-9.043378793349309,6.61,8.34
68,4.26,-9.916309797500277,5.82,8.34
68,-4.260000000000001,-5.143026366509858,8.47,8.22
68,4.21,-1.5763097975002776,8.94,6.35
68,-13.410000000000002,-0.7033787933493088,9.15,5.11
68,-4.260000000000002,3.0769736334901427,8.47,7.85
68,-9.330000000000002,4.406621206650692,5.07,6.21
68,4.209999999999999,4.773690202499722,5.06,5.82
69,-2.92,-13.835215936153654,5.84,8.32
69,-8.67,-11.170080572672697,5.75,8.32
69,-13.68,-3.5773174307013953,5.01,6.5
69,2.919999999999999,-11.131091590675194,5.8,8.31
69,-2.880000000000001,-5.515215936153654,5.8,8.22
69,-8.67,-2.850080572672697,5.79,7.23
69,2.919999999999999,-2.821091590675193,9.53,8.15
69,-2.7700000000000014,2.704784063846347,5.69,8.22
69,-9.330000000000002,4.379919427327303,6.56,6.05
69,2.919999999999999,5.328908409324807,5.63,5.92
70,-3.27,-13.75669655113465,6.54,8.27
70,-8.309999999999999,-11.440432684125195,5.04,8.24
70,-13.399999999999999,-4.514377033434407,5.09,8.2
70,3.2700000000000005,-10.633776375305247,6.05,8.2
70,-3.21,-5.486696551134651,6.48,7.98
70,-8.309999999999999,-3.200432684125195,5.04,8.19
70,3.2700000000000005,-2.433776375305248,9.84,7.64
70,-3.09,2.4933034488653494,6.36,7.95
70,-8.85,4.989567315874805,5.76,6.02
70,3.2700000000000005,5.2062236246947515,5.24,6.05
71,-3.09,-13.798242641727969,6.18,8.19
71,-9.2,-10.737765130603297,6.11,8.18
71,3.09,-10.814226740733709,6.02,8.18
71,-3.089999999999999,-5.608242641727969,6.02,8.07
71,2.9300000000000006,-2.634226740733709,9.4,8.09
71,-12.52,-2.557765130603297,9.43,8.06
71,-3.09,2.461757358272031,5.85,8.06
71,2.76,5.455773259266291,5.79,5.75
71,-8.23,5.502234869396704,5.14,5.64
72,-3.64,-13.663454907160194,7.28,8.15
72,-8.77,-11.091740170054473,5.13,8.15
72,3.6400000000000006,-7.925623003903225,8.07,8.11
72,-3.6399999999999997,-5.5134549071601935,7.28,7.19
72,-13.22,-2.941740170054473,9.58,7.6
72,3.6400000000000006,0.18437699609677427,8.88,6.2
72,-3.5699999999999994,1.676545092839807,7.21,8.02
72,-8.91,4.658259829945527,5.34,6.22
73,-4.06,-13.544593017141564,8.12,8.1
73,-9.36,-10.598584811190598,5.3,8.1
73,4.06,-10.598584811190598,5.3,8.06
73,-4.06,-5.444593017141564,8.12,7.16
73,4.06,-2.5385848111905975,9.75,5.57
73,-13.159999999999998,-2.4985848111905984,9.1,7.54
73,-4.059999999999999,1.7154069828584362,8.12,6.09
73,4.0600000000000005,3.0314151888094027,6.82,5.89
73,-4.769999999999998,7.805406982858436,8.83,5.49
74,-4.935,-13.250863179430992,9.87,8.02
74,-11.594999999999999,-8.092933646089039,6.66,8.0
74,4.935,-8.164102828847762,6.61,8.0
74,-4.934999999999999,-5.230863179430992,9.87,7.01
74,4.9350000000000005,-0.16410282884776173,7.13,7.21
74,-12.264999999999999,-0.09293364608903865,7.33,7.1
74,-4.614999999999998,1.7791368205690077,9.55,7.57
75,-2.59,-13.900773359781104,5.18,7.97
75,-10.6,-9.358397298683146,8.01,7.96
75,2.589999999999999,-9.425921705594632,7.95,7.96
75,-2.59,-5.930773359781104,5.18,7.82
75,2.59,-1.4659217055946323,9.91,7.79
75,-12.49,-1.3983972986831459,9.9,7.31
75,-2.5700000000000003,1.8892266402188964,5.16,7.92
76,-3.975,-13.569781685789938,7.95,7.94
76,-9.325,-10.629392033413765,5.35,7.93
76,3.9750000000000005,-8.317474075703512,7.46,7.92
76,-3.874999999999999,-5.629781685789937,7.85,7.63
76,-13.135,-2.6993920334137655,9.26,7.85
76,3.9750000000000005,-0.3974740757035118,8.5,7.0
76,-3.744999999999999,2.0002183142100627,7.72,7.56
77,-2.635,-13.892313522232357,5.27,7.91
77,-11.525,-8.192311944744292,8.89,7.9
77,2.635,-10.091113665002492,7.27,7.9
77,-2.635,-5.9823135222323565,5.27,6.59
77,2.635,-2.191113665002492,9.61,7.4
77,-12.254999999999999,-0.29231194474429145,9.62,7.15
77,-2.635,0.6076864777676434,5.27,6.38
77,2.635,5.2088863349975085,6.52,5.5
77,-7.075000000000003,6.987686477767643,9.71,5.23
78,-4.195,-13.503391240721717,8.39,7.89
78,-10.125,-9.870358402813952,5.93,7.89
78,4.195,-10.358521854009867,5.43,7.89
78,-4.195,-5.613391240721717,8.39,5.34
78,4.195,-2.4685218540098672,9.62,5.45
78,-13.195,-1.9803584028139527,9.0,7.06
78,-4.195,-0.2733912407217174,8.26,7.44
78,4.0649999999999995,2.981478145990133,6.58,6.29
78,-5.765000000000002,7.166608759278283,9.83,5.65
79,-4.285,-13.475102040429974,8.57,7.88
79,-11.075,-8.791130473380544,6.79,7.88
79,4.284999999999999,-9.30717868099673,6.36,7.88
79,-4.284999999999999,-5.595102040429974,8.57,7.4
79,4.285000000000001,-1.4271786809967297,9.01,5.89
79,-12.655,-0.9111304733805445,8.37,7.18
79,-4.285,1.8048979595700265,8.47,7.79
80,-3.605,-13.672731073198214,7.21,7.85
80,-9.345,-10.611812993075217,5.74,7.85
80,3.6050000000000004,-10.513922912024798,5.85,7.82
80,-3.454999999999999,-5.822731073198215,7.06,7.81
80,-13.174999999999999,-2.7618129930752175,9.72,6.88
80,3.6050000000000004,-2.6939229120247976,9.6,7.4
80,-3.3949999999999996,1.987268926801785,7.0,7.47
80,-9.545,4.118187006924782,6.15,6.21
80,3.6050000000000004,4.706077087975203,5.98,5.61
81,-3.085,-13.799361398267676,6.17,7.78
81,-9.065000000000001,-10.851975626585235,5.98,7.78
81,3.085,-11.15063114805615,5.61,7.78
81,-3.085000000000001,-6.019361398267676,6.17,7.22
81,3.084999999999999,-3.370631148056149,9.26,7.73
81,-12.385000000000002,-3.0719756265852345,9.3,7.72
81,-3.085000000000001,1.200638601732324,6.17,6.66
81,3.084999999999999,4.359368851943851,6.4,5.83
81,-9.685,4.648024373414765,6.6,5.5
81,-2.9049999999999994,7.860638601732324,5.99,5.89
82,-2.545,-13.909082464346813,5.09,7.77
82,-11.205,-8.624823186593451,8.66,7.75
82,2.545,-10.100919512598841,7.35,7.75
82,-2.545,-6.139082464346814,5.05,7.74
82,2.505,-2.350919512598841,9.84,6.75
82,-12.445,-0.874823186593451,9.9,6.51
82,-2.545,4.399080487401159,9.54,7.12
82,-7.805,5.635176813406549,5.26,6.14
83,-3.235,-13.764969124556728,6.47,7.75
83,-8.934999999999999,-10.959259783397783,5.7,7.73
83,3.2349999999999994,-10.69904551817591,6.01,7.71
83,-3.1750000000000007,-6.014969124556728,6.41,7.53
83,-13.105,-3.229259783397783,9.93,6.11
83,3.2349999999999994,-2.9890455181759092,9.89,6.04
83,-3.075,1.515030875443272,6.31,6.99
83,-10.195,2.8807402166022174,7.12,6.6
83,3.2349999999999994,3.050954481824091,6.95,6.17
84,-3.685,-13.651387292139946,7.37,7.7
84,-10.955,-8.940222312672097,7.27,7.7
84,3.6850000000000005,-9.639531886974595,6.66,7.7
84,-3.6850000000000005,-5.9513872921399456,7.35,7.63
84,3.664999999999999,-1.9395318869745948,9.43,7.02
84,-13.185,-1.2402223126720964,9.5,6.13
84,-3.6750000000000007,1.6786127078600543,7.34,7.16
85,-4.4,-13.437990921264978,8.8,7.67
85,-9.780000000000001,-10.212306301712655,5.38,7.67
85,4.3999999999999995,-9.5256023431592,6.05,7.66
85,-4.400000000000001,-5.767990921264978,8.8,6.2
85,-13.230000000000002,-2.542306301712655,8.83,6.98
85,4.3999999999999995,-1.8656023431591997,8.82,6.59
85,-4.230000000000002,0.4320090787350219,8.63,7.64
85,-4.739585858078918,8.072009078735022,8.6,5.25
86,-4.04,-13.550571943648727,8.08,7.63
86,-13.129999999999999,-5.2481139469337,9.09,7.52
86,4.040000000000001,-10.19311532358974,5.76,7.52
86,-4.039999999999999,-5.920571943648727,8.08,6.61
86,4.040000000000001,-2.673115323589741,9.77,5.47
86,-3.9799999999999986,0.6894280563512734,8.02,7.24
86,-11.409999999999998,2.271886053066299,7.43,5.61
86,4.040000000000001,2.796884676410259,6.53,6.59
86,-4.540000000000001,7.929428056351274,8.58,5.42
87,-4.66,-13.350056179657074,9.32,7.51
87,-13.56,-4.008241509689754,8.9,7.51
87,4.66,-9.40350998297976,5.9,7.51
87,-4.66,-5.840056179657074,9.13,7.23
87,4.470000000000001,-1.8935099829797597,8.72,6.2
87,-4.66,1.3899438203429266,9.13,6.33
87,-10.15,3.5017584903102454,5.49,6.34
87,-4.66,7.719943820342927,9.85,5.43
88,-3.3,-13.749530901088955,6.6,7.48
88,-10.290000000000001,-9.698221486437603,6.99,7.44
88,3.3000000000000007,-11.052022439354708,5.52,7.43
88,-3.3000000000000007,-6.269530901088954,6.6,6.55
88,3.299999999999999,-3.6220224393547085,9.77,6.09
88,-13.08,-2.258221486437603,9.78,5.91
88,-3.3000000000000007,0.28046909891104566,6.44,7.41
88,3.1399999999999997,2.4679775606452914,8.11,5.92
88,-10.27,3.6517785135623972,6.97,5.99
88,-2.7299999999999995,7.690469098911046,5.87,6.06
89,-4.255,-13.484605111014561,8.51,7.42
89,-10.104999999999999,-9.890832876962387,5.85,7.42
89,4.255000000000001,-10.459654631009572,5.26,7.42
89,-4.254999999999999,-6.064605111014561,8.51,5.67
89,4.255000000000001,-3.0396546310095722,8.95,7.28
89,-13.294999999999998,-2.470832876962387,9.04,7.08
89,-4.254999999999999,-0.3946051110145614,8.5,7.3
89,4.245000000000001,4.240345368990428,5.42,5.99
89,-5.135,6.905394888985438,9.38,6.25
90,-3.48,-13.705079350372255,6.96,7.41
90,-11.09,-8.772200408107421,7.61,7.39
90,3.4800000000000004,-5.922330622314159,9.36,7.37
90,-3.4099999999999993,-6.295079350372255,6.89,7.27
90,-13.07,-1.3822004081074217,9.66,6.38
90,-3.41,0.9749206496277445,6.69,9.74
90,3.2800000000000002,1.4476693776858411,8.37,5.84
91,-3.225,-13.767315460902319,6.45,7.37
91,-10.695,-9.24967972418505,7.47,7.36
91,3.2250000000000005,-11.281133586656972,5.3,7.36
91,8.524999999999999,-3.6341952341612087,5.14,6.88
91,-3.2250000000000005,-6.397315460902319,6.34,6.88
91,3.174999999999999,-3.921133586656972,5.35,7.24
91,-13.115000000000002,-1.8896797241850498,9.89,5.53
91,-3.2250000000000014,0.48268453909768105,6.24,6.83
91,3.014999999999999,3.318866413343028,7.53,5.96
91,-10.645000000000001,3.6403202758149504,7.42,5.59
91,-3.175,7.312684539097681,6.19,6.29
92,-4.055,-13.546090764497336,8.11,7.33
92,-9.524999999999999,-10.450549028639598,5.47,7.31
92,4.055,-8.27607243805901,7.41,7.29
92,-3.8149999999999995,-6.216090764497336,7.87,7.11
92,-13.254999999999999,-3.1405490286395983,9.44,6.77
92,4.055000000000001,-0.9860724380590105,8.69,7.1
92,-3.6949999999999994,0.8939092355026643,7.75,7.11
92,-10.425,3.6294509713604013,6.73,5.89
92,-3.6950000000000003,8.003909235502665,6.59,5.38
93,-3.065,-13.803817406790051,6.13,7.28
93,-9.614999999999998,-10.367804733886535,6.55,7.14
93,3.0649999999999995,-7.858726041795835,8.69,7.13
93,-2.9450000000000003,-6.523817406790051,6.01,7.07
93,-12.855,-3.2278047338865354,9.91,9.08
93,3.0649999999999995,-0.7287260417958352,9.28,7.04
93,-2.9450000000000003,0.5461825932099496,6.01,5.83
93,-4.584467170032644,6.3761825932099505,8.75,7.0
94,-3.705,-13.645972849159564,7.41,7.13
94,-10.725,-9.214877915631874,7.02,7.13
94,3.705,-10.818436809447103,5.4,7.13
94,-3.705,-6.5159728491595645,7.39,6.58
94,3.6849999999999996,-3.6884368094471034,9.91,5.39
94,-12.885,-2.084877915631874,9.18,7.0
94,-3.705,0.06402715084043553,6.76,6.74
94,3.0549999999999997,1.7015631905528963,8.82,5.9
94,-5.575000000000001,6.804027150840436,8.63,5.78
95,-4.145,-13.518822988707264,8.29,7.12
95,-9.885,-10.11070595952627,5.74,7.12
95,4.145,-7.241448404842778,8.0,7.05
95,-4.145,-6.398822988707264,8.29,5.83
95,-13.225,-2.9907059595262693,9.08,6.94
95,-4.145,-0.5688229887072636,8.22,6.97
95,4.075000000000001,-0.19144840484277825,8.58,6.4
95,-9.934999999999999,3.949294040473731,5.79,5.84
95,-4.144999999999999,6.401177011292736,9.18,6.73
96,-3.805,-13.618427772690943,7.61,7.01
96,-9.184999999999999,-10.750598820530884,5.38,7.0
96,3.8049999999999997,-8.13574673892938,7.76,6.99
96,-3.7250000000000005,-6.608427772690943,7.53,6.91
96,-12.895000000000001,-3.7505988205308842,9.17,6.58
96,3.8049999999999997,-1.145746738929379,8.63,6.89
96,-3.1950000000000003,0.3015722273090571,7.0,6.58
96,-9.675,2.829401179469116,6.48,6.9
96,-3.1950000000000003,6.881572227309057,9.04,5.71
97,-3.98,-13.568316034055222,7.96,6.93
97,-10.57,-9.392268096684635,6.59,6.88
97,3.9799999999999995,-9.976933396590358,6.04,6.88
97,-3.9800000000000004,-6.638316034055222,7.75,6.74
97,3.7699999999999996,-3.096933396590358,8.69,6.52
97,-13.190000000000001,-2.512268096684635,9.21,6.36
97,-3.9800000000000004,0.10168396594477791,7.6,6.71
97,3.619999999999999,3.4230666034096418,5.97,6.79
97,-9.93,3.847731903315365,5.95,6.16
97,-3.1000000000000023,6.811683965944778,6.72,6.38
98,-2.81,-13.857976042698299,5.62,6.88
98,-8.45,-11.337420341506263,5.64,6.87
98,-13.579999999999998,-3.9399492382516885,5.13,6.66
98,2.8100000000000005,-8.378991586103904,8.58,6.86
98,-2.8099999999999996,-6.977976042698299,5.62,6.68
98,-8.45,-4.467420341506263,5.5,6.79
98,2.8100000000000005,-1.5189915861039038,9.14,6.23
98,-2.9099999999999993,-0.29797604269829936,5.72,6.7
98,-8.329999999999998,2.322579658493737,5.42,6.83
98,2.8100000000000005,4.711008413896097,6.06,6.05
98,-2.63,6.402023957301701,5.44,6.78
99,-4.07,-13.541591486970798,8.14,6.78
99,-10.15,-9.844648292346456,6.08,6.78
99,4.07,-10.154506388791138,5.77,6.74
99,-4.07,-6.761591486970798,7.92,6.71
99,3.8499999999999996,-3.4145063887911373,8.63,6.52
99,-13.200000000000001,-3.0646482923464555,9.13,6.17
99,-3.8099999999999987,-0.05159148697079807,7.66,6.3
99,-10.45,3.1053517076535444,6.64,6.37
99,3.8500000000000014,3.1054936112088622,6.69,6.3
99,-3.8099999999999996,6.248408513029202,6.76,6.81
100,-4.015,-13.558000405664547,8.03,6.68
100,-12.015,-7.45515761067464,8.0,6.62
100,4.015,-9.766727957714396,6.21,6.62
100,-4.015000000000001,-6.878000405664547,7.99,6.39
100,3.9749999999999996,-3.146727957714396,9.25,6.0
100,-12.565000000000001,-0.8351576106746395,8.55,6.6
100,-4.015000000000001,-0.4880004056645477,7.99,6.38
100,3.9749999999999996,2.853272042285604,6.15,6.62
100,-4.114999999999998,5.891999594335452,8.09,6.59
101,-12.679239781986384,-6.259111642309462,5.87,6.61
101,-12.319239781986383,0.35088835769053794,5.51,6.59
101,-5.446125718944032,-13.049111642309462,8.76,6.79
101,3.313874281055968,-11.120208633056716,5.42,6.53
101,-6.809239781986384,-6.259111642309462,8.76,5.68
101,1.9507602180136159,-4.590208633056716,8.23,5.95
101,-6.809239781986384,-0.5791116423094627,7.79,7.73
101,0.9807602180136161,1.3597913669432842,5.21,6.52
101,6.190760218013616,1.3597913669432842,5.44,6.4
101,-4.499239781986384,7.150888357690538,5.48,6.15
