Instance: CBPP
Bin radius: 14.14
Rotate enable: true
Bin num: 13
Lower bound: 12
Opt: false
Gap: 0.07692307692307693
Bin id,X coordinate of lower left corner,Y coordinate of lower left corner,Item's width,Item's height
1,-2.445,-13.927008831762835,4.89,4.99
1,-7.285,-12.1189263138283,4.84,4.99
1,-12.004999999999999,-7.471249895432494,4.72,4.93
1,-13.884999999999998,-2.6732704689200575,1.88,4.97
1,-13.534999999999998,-4.063270468920057,1.53,1.39
1,-13.075,-5.353270468920056,1.07,1.29
1,-11.175,-8.611249895432493,3.89,1.14
1,-10.315,-9.631249895432493,3.03,1.02
1,-9.195,-10.721249895432493,1.91,1.09
1,-5.175000000000001,-13.1589263138283,2.73,1.04
1,2.4450000000000003,-12.082655958025123,4.9,4.64
1,2.445,-13.162655958025123,2.71,1.08
1,7.345000000000001,-7.308117062554486,4.76,4.74
1,7.345000000000001,-8.418117062554487,3.91,1.11
1,7.345000000000001,-9.458117062554486,3.16,1.04
1,7.345000000000001,-10.528117062554486,2.06,1.07
1,12.105,-3.0141955809137486,1.71,4.98
1,12.105,-4.364195580913748,1.33,1.35
1,-2.4450000000000003,-8.937008831762835,4.89,3.99
1,2.4449999999999994,-7.4426559580251235,4.9,4.1
1,-7.284999999999999,-7.1289263138283,4.84,4.64
1,-2.4449999999999994,-4.947008831762835,4.89,3.81
1,2.4450000000000003,-3.342655958025124,4.9,4.02
1,7.345000000000001,-2.568117062554486,4.76,3.7
1,-12.004999999999999,-2.541249895432494,4.72,4.68
1,-7.284999999999999,-2.4889263138283004,4.84,3.82
1,-2.4449999999999994,-1.1370088317628348,4.89,3.7
1,2.4450000000000003,0.6773440419748757,4.9,2.97
1,7.345000000000001,1.1318829374455142,4.76,2.5
1,-7.284999999999999,1.3310736861716994,4.84,3.47
1,12.105,1.9658044190862518,1.6,1.44
1,-12.004999999999999,2.1387501045675057,4.72,4.21
1,-13.665,2.2967295310799423,1.66,1.32
1,-2.4449999999999994,2.5629911682371653,4.89,3.52
1,12.105,3.4058044190862518,1.26,1.15
1,-13.274999999999999,3.616729531079942,1.27,1.04
1,7.345000000000001,3.631882937445514,4.76,2.39
1,2.4450000000000003,3.647344041974876,4.9,2.84
1,-7.284999999999999,4.8010736861717,4.84,3.08
1,7.345000000000001,6.021882937445515,4.8,1.18
1,-2.4449999999999994,6.082991168237165,4.89,2.59
1,-11.754999999999999,6.348750104567506,4.47,1.44
1,2.4450000000000003,6.487344041974875,4.9,2.46
1,7.345000000000001,7.201882937445514,3.94,1.3
1,-10.805,7.788750104567505,3.52,1.31
1,-7.285,7.8810736861717,4.84,2.21
1,7.345000000000001,8.501882937445515,3.05,1.04
1,-2.4450000000000003,8.672991168237164,4.89,1.51
1,2.4449999999999994,8.947344041974876,4.77,3.19
1,-9.685,9.098750104567506,2.4,1.17
1,7.214999999999999,9.541882937445514,2.1,1.01
1,-7.285,10.0910736861717,4.7,1.93
1,-2.4849999999999994,10.182991168237164,4.93,3.58
1,-8.405000000000001,10.268750104567506,1.12,1.08
1,-5.074999999999999,12.0210736861717,2.59,1.17
1,2.4450000000000003,12.137344041974876,2.49,1.07
2,-2.215,-13.965435009336444,4.43,4.97
2,-6.755,-12.42214051603024,4.54,4.85
2,-11.325,-8.466638943524167,4.57,4.82
2,-13.924999999999999,-2.456415070789148,2.6,4.88
2,-13.695,-3.4964150707891486,2.37,1.04
2,-13.375,-4.5464150707891475,2.05,1.05
2,-12.735,-6.046415070789148,1.41,1.5
2,-10.265,-9.706638943524167,3.51,1.24
2,-9.094999999999999,-10.706638943524167,2.34,1.0
2,-4.285,-13.47214051603024,2.07,1.05
2,2.215,-12.17257470710285,4.98,4.4
2,2.215,-13.26257470710285,2.64,1.09
2,7.195,-7.291527617721818,4.92,4.45
2,7.195,-8.551527617721819,3.97,1.26
2,7.195,-9.571527617721818,3.12,1.02
2,7.195,-10.751527617721818,1.96,1.18
2,12.115,-2.8246371448382543,1.74,4.93
2,12.115,-4.364637144838254,1.32,1.54
2,-2.215,-8.995435009336443,4.43,3.88
2,2.215,-7.77257470710285,4.98,3.2
2,-6.754999999999999,-7.57214051603024,4.54,3.29
2,-2.214999999999999,-5.115435009336443,4.43,2.21
2,2.2150000000000007,-4.5725747071028495,4.98,2.25
2,-6.754999999999999,-4.28214051603024,4.54,3.29
2,-11.325,-3.6466389435241666,4.57,3.47
2,-2.214999999999999,-2.9054350093364434,4.36,5.0
2,7.195000000000001,-2.841527617721818,4.92,4.29
2,2.1450000000000014,-2.3225747071028495,4.97,4.34
2,-6.754999999999999,-0.9921405160302399,4.54,2.55
2,-11.325,-0.17663894352416643,4.57,2.49
2,7.115000000000001,1.4484723822781822,5.0,3.14
2,-6.754999999999999,1.55785948396976,4.54,2.36
2,2.245000000000001,2.0174252928971503,4.87,4.47
2,-2.214999999999999,2.0945649906635566,4.46,4.06
2,12.115000000000002,2.1053628551617454,1.57,1.39
2,-11.325,2.313361056475834,4.57,2.39
2,-13.555,2.423584929210852,2.23,1.55
2,12.115000000000002,3.495362855161745,1.16,1.13
2,-6.754999999999999,3.91785948396976,4.54,1.29
2,-13.155,3.973584929210852,1.83,1.14
2,7.115000000000001,4.588472382278182,4.93,2.76
2,-11.325,4.703361056475834,4.57,2.14
2,-12.434999999999999,5.113584929210852,1.11,1.57
2,-6.754999999999999,5.207859483969759,4.5,4.8
2,-2.254999999999999,6.154564990663556,4.5,4.74
2,2.245000000000001,6.48742529289715,4.87,4.33
2,-11.454999999999998,6.843361056475834,4.7,1.31
2,7.115000000000001,7.348472382278182,4.09,1.25
2,-10.454999999999998,8.153361056475834,3.7,1.35
2,7.115000000000001,8.598472382278182,2.85,1.43
2,-9.084999999999999,9.503361056475834,2.33,1.31
2,-6.754999999999999,10.00785948396976,4.5,1.72
2,7.115000000000001,10.028472382278181,1.49,1.12
2,2.245000000000001,10.81742529289715,4.87,1.31
2,-2.254999999999999,10.894564990663557,4.5,1.15
2,-6.0649999999999995,11.72785948396976,3.81,1.01
2,-2.2549999999999994,12.044564990663558,4.48,1.63
2,2.225000000000001,12.12742529289715,2.47,1.14
3,-2.35,-13.94335325522523,4.7,4.61
3,-6.739999999999999,-12.430285596075418,4.39,4.85
3,-11.18,-8.65720509171407,4.44,4.8
3,-13.9,-2.5941472587345547,2.72,5.0
3,-13.65,-3.614147258734555,2.47,1.02
3,-13.09,-5.344147258734555,1.91,1.73
3,-12.2,-6.904147258734556,1.02,1.56
3,-10.28,-9.68720509171407,3.54,1.03
3,-9.16,-10.76720509171407,2.42,1.08
3,-4.2299999999999995,-13.480285596075419,1.88,1.05
3,2.3499999999999996,-12.21659527036891,4.77,4.45
3,2.35,-13.246595270368909,2.5,1.03
3,7.119999999999998,-8.01355726253953,4.53,4.67
3,7.119999999999999,-9.25355726253953,3.54,1.24
3,7.119999999999999,-10.553557262539531,2.24,1.3
3,11.649999999999999,-2.48459252192388,2.27,4.88
3,11.649999999999999,-3.8845925219238793,1.91,1.4
3,11.649999999999999,-5.30459252192388,1.43,1.42
3,-2.3499999999999996,-9.33335325522523,4.7,4.13
3,2.3500000000000005,-7.766595270368909,4.77,4.09
3,-6.739999999999999,-7.580285596075418,4.39,4.67
3,-2.3499999999999996,-5.20335325522523,4.7,2.19
3,-11.18,-3.8572050917140706,4.44,4.61
3,2.3500000000000005,-3.6765952703689093,4.77,2.7
3,7.12,-3.3435572625395302,4.53,3.61
3,-2.329999999999999,-3.0133532552252302,4.68,4.31
3,-6.739999999999999,-2.9102855960754184,4.41,4.4
3,2.3500000000000005,-0.9765952703689091,4.77,1.44
3,7.12,0.26644273746046965,4.53,3.51
3,2.41,0.4634047296310908,4.71,4.21
3,-11.18,0.7527949082859298,4.44,2.31
3,-2.329999999999999,1.2966467447747694,4.74,3.59
3,-6.739999999999999,1.489714403924582,4.41,3.35
3,11.65,2.39540747807612,1.93,1.48
3,-13.49,2.4058527412654453,2.31,1.83
3,-11.18,3.06279490828593,4.44,2.07
3,7.12,3.7764427374604694,4.49,4.02
3,11.61,3.87540747807612,1.46,1.33
3,-13.09,4.235852741265445,1.91,1.08
3,2.410000000000001,4.673404729631091,4.71,3.24
3,-6.739999999999999,4.839714403924582,4.41,3.29
3,-2.329999999999999,4.886646744774769,4.74,2.9
3,-11.16,5.13279490828593,4.42,3.51
3,-12.25,5.315852741265445,1.09,1.74
3,-2.329999999999999,7.786646744774769,4.74,2.66
3,7.120000000000001,7.796442737460469,3.75,1.23
3,2.410000000000001,7.913404729631091,4.71,2.99
3,-6.74,8.12971440392458,4.41,2.9
3,-10.02,8.642794908285929,3.28,1.32
3,7.120000000000001,9.026442737460469,2.46,1.37
3,-8.69,9.962794908285929,1.95,1.18
3,-2.33,10.44664674477477,4.74,2.37
3,2.41,10.903404729631092,4.98,1.12
3,-6.7,11.029714403924581,4.37,1.36
3,2.41,12.023404729631093,2.44,1.05
3,-4.05,12.38971440392458,1.72,1.12
3,-2.33,12.816646744774769,4.67,1.05
4,-2.15,-13.975589433007826,4.3,4.88
4,-7.08,-12.2398202601182,4.93,4.24
4,-11.27,-8.539713109935253,4.19,4.86
4,-13.89,-2.647168298389808,2.62,4.86
4,-13.48,-4.087168298389807,2.21,1.44
4,-12.91,-5.727168298389807,1.64,1.64
4,-10.14,-9.839713109935253,3.06,1.3
4,-8.89,-10.989713109935254,1.81,1.15
4,-4.34,-13.449820260118202,2.19,1.21
4,2.1499999999999995,-12.63898730120416,4.19,4.79
4,6.339999999999999,-9.503615101633695,4.13,4.83
4,6.34,-11.043615101633694,2.48,1.54
4,10.469999999999999,-2.944605236699831,3.36,4.93
4,10.469999999999999,-4.734605236699831,2.85,1.79
4,10.469999999999999,-6.434605236699832,2.09,1.7
4,-2.1500000000000004,-9.095589433007827,4.3,1.65
4,-7.079999999999999,-7.9998202601182005,4.93,2.01
4,2.1499999999999995,-7.84898730120416,4.19,3.57
4,-2.1100000000000003,-7.445589433007827,4.26,4.36
4,-6.96,-5.989820260118201,4.85,4.11
4,6.34,-4.673615101633695,4.13,4.62
4,2.2800000000000002,-4.278987301204161,4.06,4.64
4,-11.27,-3.6797131099352525,4.31,4.27
4,-2.1100000000000003,-3.0855894330078266,4.39,3.68
4,-6.96,-1.8798202601182004,4.85,3.33
4,6.34,-0.053615101633694984,4.13,2.55
4,2.2799999999999994,0.36101269879583864,4.06,4.62
4,-11.27,0.5902868900647471,4.31,3.77
4,-2.1100000000000003,0.5944105669921735,4.39,2.16
4,-6.96,1.4501797398817997,4.85,3.19
4,10.469999999999999,1.9853947633001687,3.14,1.77
4,-13.69,2.212831701610192,2.42,1.29
4,6.339999999999999,2.496384898366305,4.05,4.59
4,-2.0900000000000016,2.7544105669921737,4.37,4.56
4,-13.29,3.502831701610192,2.02,1.23
4,10.389999999999999,3.7553947633001687,2.7,1.54
4,-11.27,4.360286890064748,4.31,3.07
4,-6.96,4.6401797398818,4.87,3.82
4,-12.53,4.732831701610192,1.26,1.73
4,2.2799999999999985,4.981012698795839,4.06,2.55
4,10.389999999999999,5.295394763300169,2.2,1.13
4,10.389999999999999,6.425394763300169,1.41,1.35
4,6.339999999999998,7.086384898366305,4.05,2.29
4,-2.09,7.314410566992173,4.37,3.48
4,-11.030000000000001,7.430286890064748,4.07,1.33
4,2.2800000000000002,7.531012698795839,4.06,1.72
4,-6.960000000000001,8.4601797398818,4.87,2.33
4,-10.0,8.760286890064748,3.04,1.23
4,2.2800000000000002,9.251012698795838,3.93,3.25
4,6.210000000000001,9.376384898366304,3.11,1.24
4,-8.580000000000002,9.990286890064748,1.62,1.19
4,-6.960000000000002,10.7901797398818,4.79,1.47
4,-2.1700000000000017,10.794410566992173,4.45,2.57
4,-4.390000000000002,12.260179739881801,2.22,1.08
5,-2.21,-13.966227121166261,4.42,4.47
5,-6.540000000000001,-12.536666223522106,4.33,4.51
5,-11.5,-8.227368959758643,4.96,3.88
5,-13.84,-2.8972400659938424,2.34,4.91
5,-13.53,-4.097240065993842,2.03,1.2
5,-12.92,-5.677240065993841,1.42,1.58
5,-10.55,-9.397368959758643,4.01,1.17
5,-9.120000000000001,-10.777368959758643,2.58,1.38
5,2.2099999999999995,-12.751764583774278,3.9,4.91
5,6.11,-9.92646462744919,3.96,4.62
5,6.109999999999999,-11.34646462744919,2.31,1.42
5,10.07,-2.8972400659938424,3.77,4.8
5,10.07,-4.977240065993842,3.14,2.08
5,10.07,-6.537240065993842,2.42,1.56
5,10.07,-7.897240065993842,1.62,1.36
5,-2.210000000000001,-9.49622712116626,4.42,3.66
5,-6.54,-8.026666223522106,4.33,3.67
5,2.209999999999999,-7.841764583774278,3.9,3.45
5,-2.21,-5.83622712116626,4.42,3.17
5,6.109999999999999,-5.3064646274491905,3.96,4.24
5,2.21,-4.391764583774278,3.9,2.37
5,-6.54,-4.356666223522106,4.33,2.98
5,-11.5,-4.347368959758643,4.96,3.09
5,-2.21,-2.6662271211662603,4.42,2.44
5,2.21,-2.021764583774278,3.81,4.69
5,-6.54,-1.3766662235221063,4.33,2.94
5,-11.5,-1.2573689597586428,4.94,3.48
5,6.02,-1.0664646274491902,4.05,4.2
5,-2.21,-0.22622712116626031,4.42,2.07
5,-6.56,1.5633337764778936,4.35,2.78
5,-2.21,1.8437728788337395,4.42,1.44
5,10.07,1.9027599340061574,3.74,1.11
5,-13.74,2.0127599340061577,2.24,1.04
5,-11.5,2.222631040241357,4.94,3.2
5,2.21,2.6682354162257225,3.81,4.46
5,10.07,3.0127599340061577,3.14,2.02
5,-13.370000000000001,3.0527599340061577,1.87,1.51
5,6.02,3.13353537255081,4.05,3.4
5,-2.21,3.2837728788337395,4.42,1.01
5,-2.1900000000000004,4.29377287883374,4.4,4.08
5,-6.56,4.343333776477893,4.37,3.31
5,10.07,5.032759934006158,2.39,1.58
5,-11.48,5.422631040241358,4.92,2.73
5,6.02,6.53353537255081,4.05,1.39
5,10.07,6.612759934006158,1.61,1.27
5,2.21,7.128235416225722,3.81,1.47
5,-6.5600000000000005,7.6533337764778935,4.37,2.75
5,6.02,7.92353537255081,4.79,1.16
5,-10.39,8.152631040241358,3.83,1.41
5,-2.1900000000000004,8.37377287883374,4.32,4.16
5,2.13,8.598235416225723,3.89,3.8
5,6.02,9.08353537255081,3.8,1.08
5,-8.790000000000001,9.562631040241358,2.23,1.38
5,6.02,10.16353537255081,2.06,1.44
5,-6.5600000000000005,10.403333776477893,4.37,2.12
5,2.13,12.398235416225724,1.99,1.09
5,-2.860000000000001,12.53377287883374,4.99,1.1
6,-2.31,-13.950035842247862,4.62,3.87
6,-6.86,-12.364465212858985,4.55,3.93
6,-11.510000000000002,-8.213373241245035,4.65,3.82
6,-13.880000000000003,-2.6991109647437517,2.37,4.86
6,-13.570000000000002,-3.8191109647437527,2.06,1.12
6,-13.05,-5.369110964743753,1.54,1.55
6,-10.600000000000001,-9.273373241245036,3.74,1.06
6,-9.31,-10.633373241245035,2.45,1.36
6,2.3099999999999996,-12.175528735952291,4.88,3.53
6,2.31,-13.36552873595229,1.9,1.19
6,7.19,-8.378991586103904,4.2,4.18
6,7.1899999999999995,-9.698991586103904,3.06,1.32
6,7.1899999999999995,-10.918991586103905,1.72,1.22
6,11.39,-2.647168298389808,2.5,4.75
6,11.39,-4.107168298389808,2.13,1.46
6,11.39,-5.797168298389808,1.47,1.69
6,-2.3100000000000005,-10.080035842247863,4.62,3.5
6,2.3099999999999996,-8.645528735952292,4.88,2.67
6,-6.860000000000001,-8.434465212858985,4.51,3.76
6,-2.3500000000000014,-6.580035842247863,4.66,2.16
6,2.3099999999999987,-5.975528735952292,4.88,1.33
6,-6.860000000000001,-4.674465212858985,4.51,1.52
6,2.3099999999999987,-4.645528735952292,4.88,1.03
6,-2.3500000000000014,-4.420035842247863,4.66,2.05
6,-11.510000000000002,-4.393373241245035,4.65,1.25
6,7.189999999999999,-4.198991586103904,4.2,3.46
6,2.3599999999999985,-3.6155287359522914,4.83,3.49
6,-6.830000000000002,-3.154465212858985,4.48,3.52
6,-11.510000000000002,-3.143373241245035,4.64,3.62
6,-2.3500000000000014,-2.370035842247863,4.71,1.47
6,-2.3500000000000014,-0.9000358422478631,4.56,3.66
6,7.189999999999999,-0.7389915861039045,4.2,2.46
6,2.209999999999998,-0.1255287359522912,4.98,1.59
6,-6.840000000000002,0.36553478714101484,4.49,3.05
6,-11.430000000000001,0.4766267587549651,4.59,3.62
6,2.209999999999998,1.4644712640477089,4.98,1.38
6,7.189999999999999,1.7210084138960955,4.2,1.28
6,11.389999999999999,2.102831701610192,2.14,1.83
6,-13.520000000000001,2.1608890352562486,2.09,1.87
6,-2.3500000000000014,2.7599641577521368,4.56,2.54
6,2.209999999999998,2.8444712640477086,4.98,1.07
6,7.249999999999997,3.0010084138960957,4.14,4.21
6,-6.840000000000002,3.4155347871410147,4.49,2.29
6,2.299999999999997,3.914471264047709,4.95,2.94
6,11.389999999999997,3.932831701610192,1.66,1.48
6,-12.840000000000002,4.030889035256249,1.41,1.68
6,-11.430000000000001,4.096626758754965,4.59,1.99
6,-2.3500000000000014,5.299964157752137,4.65,1.15
6,-6.710000000000002,5.705534787141015,4.36,2.84
6,-11.470000000000002,6.086626758754965,4.76,2.16
6,-2.3500000000000014,6.449964157752136,4.64,3.25
6,2.2899999999999983,6.854471264047708,4.91,2.95
6,7.199999999999998,7.211008413896096,4.07,1.15
6,-10.660000000000002,8.246626758754966,3.95,1.02
6,7.199999999999998,8.361008413896096,2.6,1.83
6,-6.710000000000002,8.545534787141015,4.36,2.35
6,-8.980000000000002,9.266626758754965,2.27,1.64
6,-2.3500000000000014,9.699964157752136,4.64,3.23
6,2.2899999999999983,9.80447126404771,4.91,1.83
6,-6.660000000000001,10.895534787141015,4.31,1.34
6,2.2899999999999983,11.63447126404771,3.99,1.02
6,-2.1213679897569824,12.929964157752137,3.87,1.05
7,-2.005,-13.997127383859876,4.01,4.34
7,-5.534999999999998,-13.011663037444523,3.53,4.78
7,-9.544999999999998,-10.432285224244977,4.01,4.22
7,-12.944999999999999,-5.689162943702706,3.4,4.78
7,-14.004999999999999,-1.9492498557137392,1.06,3.6
7,-12.214999999999998,-7.039162943702705,2.67,1.35
7,-11.044999999999998,-8.819162943702704,1.5,1.78
7,-7.594999999999999,-11.802285224244976,2.06,1.37
7,2.005,-12.824881091066693,3.95,4.21
7,5.955,-10.594167027190009,3.41,4.73
7,9.365,-6.247429471390613,3.32,4.69
7,9.365,-7.567429471390613,2.55,1.32
7,12.684999999999999,-3.0596690997557263,1.12,4.85
7,-2.0049999999999986,-9.657127383859876,4.01,3.72
7,2.0050000000000012,-8.614881091066692,3.95,2.59
7,-5.534999999999998,-8.231663037444523,3.53,3.45
7,-9.544999999999998,-6.212285224244977,4.01,3.54
7,2.025,-6.024881091066693,3.93,4.04
7,-2.0049999999999986,-5.937127383859876,4.03,3.11
7,5.955,-5.864167027190009,3.41,2.56
7,-5.534999999999998,-4.781663037444523,3.53,3.25
7,5.955,-3.3041670271900085,3.41,1.44
7,-2.0049999999999986,-2.827127383859876,4.03,2.44
7,-9.544999999999998,-2.672285224244977,4.01,2.4
7,2.0250000000000017,-1.9848810910666925,3.93,3.54
7,5.955000000000002,-1.8641670271900086,3.37,4.1
7,9.325000000000003,-1.5574294713906127,3.36,3.29
7,-5.534999999999998,-1.531663037444523,3.53,2.15
7,-12.944999999999999,-0.9091629437027056,3.4,3.22
7,-1.9749999999999974,-0.3871273838598759,4.0,3.73
7,-9.544999999999998,-0.2722852242449769,3.88,3.8
7,-5.664999999999998,0.6183369625554769,3.69,3.87
7,2.0250000000000026,1.5551189089333075,3.93,2.86
7,9.325000000000003,1.7325705286093873,3.36,2.98
7,5.955000000000003,2.235832972809991,3.37,3.01
7,-13.404999999999998,2.3108370562972946,3.86,2.15
7,-1.9749999999999983,3.342872616140124,3.96,3.67
7,-9.544999999999998,3.527714775755023,3.88,2.47
7,1.9850000000000017,4.415118908933307,3.97,2.69
7,-12.814999999999998,4.4608370562972945,3.27,1.23
7,-5.664999999999998,4.488336962555477,3.69,3.28
7,9.325000000000003,4.712570528609387,3.11,1.98
7,5.955000000000002,5.245832972809991,3.37,2.24
7,-11.884999999999998,5.690837056297294,2.34,1.89
7,-9.444999999999999,5.997714775755023,3.78,4.18
7,9.325000000000003,6.692570528609387,2.14,1.27
7,-1.9749999999999983,7.012872616140124,3.96,3.56
7,1.9850000000000017,7.105118908933306,3.91,3.68
7,5.895000000000001,7.485832972809991,3.38,3.11
7,-5.664999999999999,7.768336962555477,3.69,2.73
7,-7.954999999999999,10.177714775755023,2.29,1.51
7,-5.584999999999997,10.498336962555477,3.61,2.49
7,-1.9749999999999974,10.572872616140124,3.96,2.18
7,1.9850000000000025,10.785118908933306,4.99,1.36
7,1.9850000000000025,12.145118908933306,2.06,1.34
7,-1.8349999999999973,12.752872616140124,3.82,1.22
8,-1.63,-14.045736007771184,3.26,4.72
8,-5.769999999999999,-12.909171158521373,4.14,3.78
8,-10.03,-9.96688015378935,4.26,3.66
8,-13.129999999999999,-5.2481139469337,3.1,4.79
8,-12.1,-7.2881139469336995,2.07,2.04
8,-8.059999999999999,-11.516880153789351,2.29,1.55
8,1.63,-12.85486289308447,4.26,3.63
8,5.89,-9.823985952758687,4.28,3.56
8,5.89,-11.103985952758686,2.85,1.28
8,10.169999999999998,-4.573313896946067,3.21,4.63
8,10.17,-6.083313896946068,2.58,1.51
8,10.17,-7.8933138969460686,1.5,1.81
8,-1.629999999999999,-9.325736007771184,3.26,2.8
8,1.6300000000000008,-9.22486289308447,4.26,3.57
8,-5.77,-9.129171158521373,4.14,2.75
8,-1.63,-6.525736007771184,3.26,1.6
8,-5.77,-6.379171158521373,4.14,1.92
8,-10.03,-6.306880153789351,4.26,2.83
8,5.890000000000001,-6.263985952758686,4.28,3.48
8,1.6500000000000004,-5.65486289308447,4.24,3.28
8,-1.63,-4.925736007771183,3.28,2.94
8,-5.77,-4.459171158521373,4.14,1.56
8,-10.03,-3.4768801537893506,4.22,3.14
8,-5.81,-2.8991711585213733,4.18,2.27
8,5.899999999999997,-2.783985952758686,4.27,3.22
8,1.65,-2.37486289308447,4.25,2.71
8,-1.6,-1.9857360077711834,3.25,3.84
8,-5.710000000000001,-0.6291711585213733,4.11,3.71
8,-14.02,-0.45811394693370033,3.99,2.06
8,-10.03,-0.33688015378935043,4.32,1.81
8,10.169999999999996,0.05668610305393251,3.87,1.47
8,1.65,0.3351371069155298,4.25,1.82
8,5.9,0.4360140472413141,4.27,2.82
8,-10.0,1.4731198462106496,4.29,3.52
8,10.17,1.5266861030539325,3.58,1.73
8,-13.74,1.6018860530662997,3.74,1.49
8,-1.6000000000000005,1.8542639922288164,3.25,3.39
8,1.6499999999999995,2.1551371069155296,4.16,2.84
8,-5.71,3.0808288414786267,4.11,1.84
8,-13.3,3.0918860530662995,3.3,1.61
8,5.81,3.256014047241314,4.31,2.4
8,10.12,3.2566861030539327,3.17,1.57
8,-12.72,4.7018860530663,2.72,1.39
8,10.12,4.826686103053933,2.48,1.54
8,-5.71,4.9208288414786265,4.11,1.38
8,-9.870000000000001,4.99311984621065,4.16,2.7
8,1.6499999999999995,4.9951371069155295,4.16,1.93
8,-1.5999999999999996,5.244263992228817,3.25,2.59
8,5.81,5.656014047241314,4.31,2.09
8,-11.73,6.0918860530662995,1.86,1.71
8,-5.68,6.300828841478626,4.08,3.47
8,1.6500000000000004,6.925137106915529,4.16,1.49
8,-9.8,7.69311984621065,4.12,2.49
8,5.8100000000000005,7.746014047241314,4.95,1.39
8,-1.5999999999999996,7.834263992228816,3.2,3.55
8,1.6000000000000005,8.415137106915529,4.1,3.05
8,5.7,9.136014047241314,3.7,1.39
8,-5.680000000000001,9.770828841478627,4.08,2.91
8,-7.7299999999999995,10.183119846210651,2.05,1.52
8,-1.6000000000000005,11.384263992228817,3.2,2.57
8,1.5999999999999996,11.465137106915527,4.86,1.06
9,-2.365,-13.940816869896828,4.73,3.01
9,-6.985,-12.294282207595531,4.62,3.08
9,-10.805,-9.120941563237867,3.82,3.74
9,-13.504999999999999,-4.189818015140995,2.7,4.83
9,-12.705,-6.139818015140995,1.9,1.95
9,-9.275,-10.640941563237867,2.29,1.52
9,2.365,-12.792145050772369,3.66,3.89
9,6.025000000000001,-9.931534372895257,4.04,3.5
9,6.025,-11.531534372895257,1.9,1.6
9,10.065000000000001,-2.921022937260165,3.77,3.76
9,10.065000000000001,-4.441022937260165,3.33,1.52
9,10.065000000000001,-6.031022937260165,2.71,1.59
9,10.065000000000001,-7.691022937260165,1.79,1.66
9,-2.365,-10.930816869896828,4.73,1.5
9,-2.245,-9.430816869896828,4.61,2.91
9,-6.984999999999999,-9.21428220759553,4.63,2.53
9,2.365,-8.902145050772369,3.66,3.5
9,-6.984999999999999,-6.6842822075955315,4.72,2.43
9,-2.2649999999999997,-6.520816869896828,4.63,1.72
9,6.025,-6.431534372895257,4.04,2.81
9,2.365,-5.4021450507723685,3.66,1.37
9,-10.805,-5.380941563237867,3.78,3.65
9,-2.2649999999999997,-4.8008168698968285,4.63,1.51
9,-7.025,-4.254282207595532,4.76,2.26
9,2.365,-4.032145050772368,3.59,3.91
9,5.995000000000003,-3.621534372895257,4.07,2.91
9,-2.215,-3.2908168698968288,4.58,2.5
9,-7.005,-1.994282207595532,4.79,2.58
9,-10.805,-1.730941563237867,3.8,2.64
9,-2.215,-0.7908168698968288,4.47,2.61
9,6.0450000000000035,-0.7115343728952568,4.02,2.79
9,2.255,-0.12214505077236826,3.79,1.97
9,-7.005,0.5857177924044681,4.79,2.09
9,-13.855,0.6401819848590051,3.05,1.83
9,10.065000000000003,0.838977062739835,3.67,2.33
9,-10.805,0.909058436762133,3.8,2.53
9,-2.215,1.8191831301031711,4.47,2.43
9,2.255,1.8478549492276317,3.74,3.62
9,5.995,2.0784656271047433,4.07,2.02
9,-13.385,2.470181984859005,2.58,1.94
9,-6.965,2.675717792404468,4.75,2.47
9,10.065000000000001,3.168977062739835,3.18,1.55
9,-10.805,3.439058436762133,3.84,1.44
9,5.995,4.098465627104743,3.94,3.04
9,-2.195000000000001,4.249183130103171,4.45,2.43
9,-12.695,4.410181984859005,1.89,1.81
9,9.935,4.718977062739835,2.85,1.26
9,-10.805,4.879058436762133,3.83,3.6
9,-6.975,5.145717792404469,4.78,2.31
9,2.365000000000001,5.467854949227632,3.63,3.85
9,9.935,5.978977062739835,1.87,1.66
9,-2.1949999999999994,6.679183130103171,4.56,1.04
9,5.995000000000001,7.138465627104743,3.86,2.92
9,-6.975,7.455717792404469,4.78,1.46
9,-2.0949999999999998,7.719183130103171,4.46,2.36
9,-10.184999999999999,8.479058436762132,3.21,1.28
9,-6.9449999999999985,8.915717792404468,4.85,2.6
9,2.365,9.317854949227632,3.63,3.13
9,5.995,10.058465627104743,1.96,1.54
9,-2.094999999999999,10.079183130103171,4.46,1.34
9,-2.085,11.419183130103171,4.45,2.26
9,-5.895000000000001,11.515717792404468,3.81,1.25
10,-1.935,-14.006975940580466,3.87,3.56
10,-6.735,-12.432995415425841,4.8,2.55
10,-10.235,-9.756247998077951,3.5,3.78
10,-13.945,-2.3402083240600606,3.71,3.47
10,-13.605,-3.4502083240600614,3.37,1.11
10,-13.235,-4.780208324060061,3.0,1.33
10,-12.295,-6.9502083240600605,2.06,2.17
10,1.9350000000000005,-13.057908523190076,3.49,3.65
10,5.425000000000002,-10.868651020250857,3.62,3.5
10,9.045000000000002,-3.104444394734744,4.75,2.31
10,9.045000000000002,-4.344444394734744,4.37,1.24
10,9.045000000000002,-6.174444394734744,3.64,1.83
10,9.045000000000002,-7.824444394734744,2.73,1.65
10,-1.9350000000000005,-10.446975940580465,3.87,2.08
10,-6.734999999999999,-9.882995415425842,4.8,1.78
10,1.9349999999999996,-9.407908523190075,3.49,2.18
10,-1.9349999999999996,-8.366975940580465,3.87,1.66
10,-6.734999999999999,-8.102995415425843,4.72,2.17
10,5.425,-7.368651020250857,3.62,3.29
10,1.9350000000000005,-7.2279085231900755,3.49,1.42
10,-1.9549999999999996,-6.706975940580465,3.89,3.14
10,-10.235,-5.976247998077952,3.5,3.03
10,-6.734999999999999,-5.932995415425843,4.66,1.35
10,1.9350000000000005,-5.807908523190076,3.42,3.29
10,-6.734999999999999,-4.582995415425843,4.76,1.08
10,5.465000000000002,-4.078651020250857,3.58,3.03
10,-1.9749999999999996,-3.566975940580465,3.91,2.75
10,-6.595,-3.5029954154258434,4.62,2.41
10,-10.235,-2.946247998077952,3.54,3.33
10,1.9350000000000005,-2.5179085231900755,3.53,1.69
10,-6.694999999999999,-1.0929954154258432,4.6,2.33
10,5.465,-1.048651020250857,3.58,2.7
10,2.0349999999999997,-0.8279085231900756,3.43,3.19
10,-2.085000000000001,-0.8169759405804649,4.12,2.22
10,9.045,-0.7944443947347439,4.94,2.06
10,-10.235,0.38375200192204817,3.54,2.48
10,-13.785,1.1297916759399396,3.55,1.99
10,-6.694999999999999,1.2370045845741569,4.61,2.0
10,9.045,1.2655556052652561,4.62,1.84
10,-2.084999999999999,1.4030240594195353,4.02,2.09
10,5.465,1.6513489797491432,3.58,1.31
10,1.9350000000000005,2.3620914768099244,3.51,2.97
10,-10.235,2.863752001922048,3.54,2.39
10,5.445,2.9613489797491432,3.6,2.65
10,9.045,3.1055556052652564,4.27,1.23
10,-13.254999999999999,3.11979167593994,3.02,1.78
10,-6.694999999999999,3.237004584574157,4.61,1.76
10,-1.974999999999997,3.493024059419535,3.91,2.44
10,9.045,4.335555605265256,3.57,1.77
10,-12.325,4.89979167593994,2.09,1.85
10,-6.544999999999997,4.997004584574157,4.57,1.99
10,-10.164999999999997,5.253752001922049,3.62,2.86
10,1.9350000000000032,5.332091476809925,3.51,2.61
10,5.445000000000003,5.611348979749144,3.6,2.41
10,-1.974999999999997,5.933024059419536,3.91,1.97
10,9.045000000000003,6.1055556052652555,2.68,1.76
10,-6.544999999999997,6.987004584574157,4.48,2.32
10,-2.064999999999997,7.903024059419535,3.89,2.21
10,1.8250000000000033,7.942091476809924,3.62,2.75
10,5.445000000000004,8.021348979749144,4.86,1.62
10,-10.414999999999997,8.113752001922048,3.87,1.31
10,-6.544999999999997,9.307004584574157,4.48,1.57
10,-8.444999999999997,9.423752001922049,1.9,1.9
10,5.445000000000004,9.641348979749143,3.6,1.17
10,-2.064999999999997,10.113024059419535,3.89,1.98
10,1.8250000000000033,10.692091476809924,3.62,1.29
10,-6.444999999999997,10.877004584574157,4.38,1.48
10,1.8250000000000033,11.982091476809924,3.23,1.22
10,-2.064999999999997,12.093024059419536,3.89,1.84
11,-1.88,-14.014463956926786,3.76,3.29
11,-3.839999999999999,-13.608600221918492,1.96,4.95
11,-7.619999999999999,-11.911137645078242,3.78,3.09
11,-12.54,-6.533605436510537,4.92,1.95
11,-13.69,-3.5388557472719926,1.15,4.31
11,-11.34,-8.403605436510537,3.72,1.87
11,-9.62,-10.333605436510537,2.0,1.93
11,1.8799999999999997,-13.628158349534981,1.89,4.85
11,3.7699999999999996,-11.590064710777073,4.33,2.36
11,8.1,-9.536561225095765,2.34,4.33
11,10.44,-4.688709843869634,2.9,3.77
11,10.44,-6.338709843869635,2.12,1.65
11,-1.879999999999999,-10.724463956926787,3.76,2.52
11,3.88,-9.230064710777073,4.22,2.26
11,-7.619999999999999,-8.821137645078242,3.78,1.94
11,1.8800000000000008,-8.778158349534982,2.0,2.5
11,-3.8399999999999994,-8.65860022191849,1.96,2.52
11,-1.8799999999999994,-8.204463956926787,3.76,2.3
11,4.02,-6.9700647107770735,4.08,1.95
11,-7.619999999999999,-6.881137645078242,3.77,2.78
11,1.8800000000000003,-6.278158349534982,2.14,3.29
11,-3.849999999999999,-6.138600221918491,1.97,3.54
11,-1.8799999999999992,-5.904463956926787,3.73,2.81
11,8.1,-5.206561225095765,2.34,3.29
11,4.0200000000000005,-5.020064710777073,4.08,1.93
11,-12.54,-4.5836054365105365,4.34,2.23
11,-8.2,-4.101137645078243,4.35,1.09
11,-1.8799999999999992,-3.0944639569267873,3.71,2.64
11,4.0200000000000005,-3.0900647107770736,4.08,1.69
11,-8.2,-3.011137645078243,4.31,1.86
11,1.8300000000000007,-2.9881583495349817,2.19,3.42
11,-3.8899999999999997,-2.598600221918491,2.01,3.47
11,-12.54,-2.3536054365105366,4.31,1.67
11,8.100000000000001,-1.9165612250957649,2.34,2.16
11,4.0200000000000005,-1.4000647107770736,4.04,1.95
11,-7.8100000000000005,-1.151137645078243,3.92,2.07
11,10.440000000000001,-0.918709843869634,3.59,2.48
11,-11.96,-0.6836054365105366,4.15,1.79
11,-1.88,-0.4544639569267872,3.61,2.87
11,8.06,0.24343877490423527,2.38,3.85
11,1.73,0.4318416504650182,2.29,3.59
11,4.02,0.5499352892229263,4.04,1.61
11,-13.940000000000001,0.771144252728007,1.98,1.49
11,-3.8499999999999996,0.8713997780815093,1.97,3.0
11,-7.709999999999999,0.9188623549217569,3.86,2.68
11,-11.86,1.1063945634894634,4.15,1.5
11,10.440000000000001,1.561290156130366,3.09,2.44
11,4.08,2.1599352892229264,3.98,1.81
11,-13.53,2.2611442527280072,1.67,1.83
11,-1.8299999999999994,2.415536043073213,3.56,2.7
11,-11.86,2.6063945634894634,3.86,2.59
11,-8.0,3.5988623549217573,3.75,2.54
11,-4.25,3.8713997780815093,2.42,3.5
11,4.07,3.9699352892229265,3.99,1.54
11,10.440000000000001,4.001290156130366,2.38,1.95
11,1.7600000000000002,4.021841650465018,2.31,3.5
11,8.06,4.093438774904236,2.38,2.89
11,-1.7899999999999996,5.115536043073213,3.55,2.62
11,-11.89,5.196394563489463,3.89,1.9
11,4.07,5.509935289222927,3.92,1.44
11,-7.93,6.138862354921757,3.68,2.67
11,4.07,6.9499352892229265,3.93,1.42
11,8.0,6.983438774904236,3.1,1.59
11,-10.77,7.096394563489463,2.84,2.04
11,-4.25,7.371399778081509,2.46,2.44
11,1.83,7.521841650465018,2.24,3.42
11,-1.77,7.735536043073213,3.6,1.48
11,4.07,8.369935289222926,3.89,1.45
11,7.960000000000001,8.573438774904236,2.09,1.31
11,-7.93,8.808862354921757,3.68,1.54
11,-1.4699999999999998,9.215536043073213,3.3,3.34
11,-4.25,9.811399778081508,2.78,3.16
11,4.07,9.819935289222926,3.77,1.12
11,-7.88,10.348862354921756,3.63,1.32
11,4.07,10.939935289222927,2.76,1.34
11,1.83,10.941841650465019,2.23,2.59
11,-1.2599999999999998,12.555536043073213,3.09,1.4
12,-0.845,-14.114729009088343,1.69,4.93
12,-2.3850000000000007,-13.937409192529291,1.54,4.99
12,-5.395000000000001,-13.070331862657504,3.01,3.46
12,-8.855,-11.023999954644411,3.46,2.95
12,-11.845,-7.722407331914058,2.99,3.39
12,-13.915000000000001,-2.512444029227313,2.07,3.63
12,-13.455,-4.3024440292273125,1.61,1.79
12,-10.525,-9.402407331914057,1.67,1.68
12,0.8450000000000002,-13.693574222970422,2.68,3.65
12,3.5250000000000004,-12.339391192437333,3.38,2.87
12,6.905000000000001,-10.245710077881375,2.84,3.4
12,9.745000000000001,-6.124097892751225,3.0,3.18
12,9.745000000000001,-7.634097892751225,1.96,1.51
12,0.845,-10.043574222970422,2.68,1.85
12,-5.3950000000000005,-9.610331862657503,3.01,3.05
12,3.5250000000000004,-9.469391192437332,3.38,2.48
12,-0.815,-9.184729009088343,1.66,3.47
12,-2.3850000000000007,-8.94740919252929,1.57,3.01
12,0.845,-8.193574222970422,2.68,1.8
12,-8.855,-8.07399995464441,3.35,2.73
12,3.5250000000000004,-6.989391192437331,3.38,1.5
12,6.915000000000001,-6.845710077881375,2.83,3.14
12,-5.505000000000001,-6.560331862657503,3.12,2.99
12,0.8750000000000004,-6.393574222970423,2.65,3.27
12,-2.3850000000000007,-5.937409192529291,1.57,1.84
12,-0.7949999999999995,-5.714729009088343,1.67,3.35
12,3.5250000000000004,-5.489391192437331,3.31,2.73
12,-8.855,-5.34399995464441,3.35,2.04
12,-11.845,-4.332407331914057,2.97,3.04
12,-2.3850000000000007,-4.097409192529291,1.59,2.95
12,6.835000000000001,-3.7057100778813745,2.91,2.9
12,-5.505000000000001,-3.570331862657503,3.12,2.74
12,-8.875,-3.30399995464441,3.37,1.88
12,0.8750000000000004,-3.1235742229704226,2.65,2.64
12,9.745000000000001,-2.9440978927512247,3.73,2.4
12,3.5250000000000004,-2.7593911924373313,3.31,2.13
12,-0.7950000000000006,-2.3647290090883426,1.67,2.78
12,-8.825000000000001,-1.42399995464441,3.32,2.32
12,-11.845,-1.292407331914057,2.95,3.05
12,-2.3550000000000004,-1.1474091925292909,1.56,3.0
12,-5.485,-0.8303318626575029,3.13,2.67
12,6.915000000000001,-0.8057100778813746,2.83,2.81
12,3.575000000000001,-0.6293911924373314,3.34,2.29
12,9.745000000000001,-0.5440978927512248,3.7,2.43
12,0.9450000000000012,-0.4835742229704225,2.63,2.85
12,-0.7749999999999988,0.4152709909116572,1.72,3.42
12,-8.845,0.8960000453555899,3.36,1.93
12,-13.615,1.117555970772687,1.77,2.58
12,3.575000000000001,1.6606088075626686,3.24,2.47
12,-11.845,1.7575926680859428,2.94,2.37
12,-5.485000000000001,1.839668137342497,3.09,2.59
12,-2.3950000000000014,1.8525908074707091,1.62,2.97
12,9.745000000000001,1.8859021072487754,3.7,1.49
12,6.815000000000001,2.0042899221186254,2.93,2.12
12,0.9450000000000012,2.3664257770295776,2.63,2.35
12,-8.845,2.82600004535559,3.36,1.75
12,9.745000000000001,3.375902107248775,3.24,2.2
12,-0.7750000000000012,3.835270990911657,1.72,2.44
12,6.895000000000001,4.124289922118626,2.85,2.48
12,-12.285,4.127592668085943,3.44,2.54
12,3.6050000000000013,4.130608807562669,3.29,2.22
12,-5.425000000000001,4.429668137342497,3.03,2.61
12,-8.785,4.57600004535559,3.36,1.7
12,0.9449999999999987,4.716425777029578,2.66,2.48
12,-2.395000000000001,4.822590807470709,1.47,3.65
12,9.745000000000001,5.575902107248775,2.04,2.15
12,-0.9250000000000009,6.2752709909116575,1.83,3.45
12,-8.595,6.27600004535559,3.17,2.71
12,3.6049999999999986,6.3506088075626685,3.19,2.36
12,6.794999999999998,6.604289922118626,2.94,2.14
12,-11.555,6.667592668085943,2.96,1.45
12,-5.425000000000001,7.039668137342497,3.01,2.59
12,0.9049999999999991,7.196425777029578,2.67,2.57
12,-2.3950000000000005,8.47259080747071,1.47,2.86
12,3.5749999999999993,8.710608807562668,3.14,2.2
12,6.715,8.744289922118627,2.97,1.55
12,-8.625,8.98600004535559,3.2,2.1
12,-5.3549999999999995,9.629668137342497,2.96,2.2
12,-0.9250000000000005,9.725270990911657,1.83,2.92
12,0.9049999999999996,9.766425777029578,2.6,2.81
12,3.505,10.910608807562667,2.83,1.71
12,-3.7050000000000005,11.829668137342498,2.78,1.77
13,-1.72,-14.034999109369405,3.44,2.52
13,-4.790000000000001,-13.30396557421884,3.07,2.56
13,-8.260000000000002,-11.47658485787475,3.47,2.05
13,-11.340000000000002,-8.446537752239077,3.08,2.35
13,-13.440000000000001,-4.393859351413059,2.1,3.19
13,1.7200000000000002,-13.486181816956199,2.53,2.76
13,4.25,-12.25712445886065,2.8,2.49
13,7.050000000000001,-10.19311532358974,2.75,2.48
13,9.8,-7.131304228540525,2.41,2.75
13,12.21,-1.9848425630260988,1.79,3.07
13,-1.25,-11.514999109369406,2.97,2.18
13,-4.23,-10.743965574218839,2.98,1.9
13,1.7200000000000002,-10.726181816956199,2.53,2.1
13,4.25,-9.76712445886065,2.8,2.12
13,-8.260000000000002,-9.42658485787475,2.89,2.19
13,-1.2399999999999998,-9.334999109369406,2.96,1.41
13,-5.370000000000001,-8.843965574218839,2.72,2.42
13,1.75,-8.6261818169562,2.5,2.4
13,-1.1200000000000006,-7.924999109369406,2.87,2.14
13,7.090000000000001,-7.71311532358974,2.71,2.32
13,4.3100000000000005,-7.64712445886065,2.78,2.26
13,-8.260000000000002,-7.236584857874751,2.86,1.84
13,-5.400000000000002,-6.423965574218839,2.73,2.08
13,1.7499999999999996,-6.226181816956199,2.56,2.44
13,-11.020000000000001,-6.053859351413059,2.76,1.66
13,-0.8900000000000006,-5.784999109369405,2.64,2.43
13,-2.6600000000000006,-5.784999109369405,1.77,2.48
13,-7.990000000000002,-5.3965848578747515,2.59,2.22
13,7.179999999999999,-5.39311532358974,2.62,2.11
13,4.449999999999999,-5.38712445886065,2.73,1.99
13,-11.340000000000002,-4.393859351413059,2.76,1.91
13,9.799999999999999,-4.381304228540525,2.41,2.38
13,-5.400000000000002,-4.3439655742188386,2.73,1.84
13,1.7499999999999996,-3.786181816956199,2.43,2.56
13,4.18,-3.3971244588606497,2.76,1.65
13,-0.8200000000000003,-3.354999109369405,2.57,1.71
13,-2.66,-3.304999109369405,1.84,2.09
13,6.9399999999999995,-3.28311532358974,2.55,2.27
13,-8.580000000000002,-3.1765848578747513,2.44,2.38
13,-6.140000000000002,-2.5039655742188387,2.52,2.21
13,-11.130000000000003,-2.4838593514130585,2.55,2.16
13,9.880000000000003,-2.0013042285405254,2.33,2.36
13,4.539999999999999,-1.7471244588606498,2.4,2.1
13,-0.8200000000000001,-1.644999109369405,2.33,1.89
13,2.269999999999999,-1.226181816956199,2.27,2.04
13,-2.9899999999999998,-1.2149991093694053,2.17,2.02
13,-13.130000000000003,-1.2038593514130587,2.0,1.86
13,7.860000000000003,-1.0131153235897399,2.02,1.72
13,-7.890000000000002,-0.7965848578747514,1.75,1.71
