14.14
8.24 3.65
7.47 1.90
6.70 1.25
7.35 4.01
6.89 3.92
9.27 2.68
7.48 4.07
8.48 2.85
7.92 2.36
7.94 4.67
8.78 1.31
7.86 4.30
6.42 1.56
7.38 1.55
8.54 1.17
8.81 4.43
9.52 3.00
7.25 3.97
8.10 1.95
9.56 4.30
5.14 1.01
6.71 4.26
5.44 4.04
8.05 2.63
5.88 2.41
8.29 2.79
6.00 4.04
5.66 4.55
8.22 2.85
9.84 2.93
6.87 2.14
8.40 1.81
8.52 3.31
8.77 2.66
6.52 3.00
5.55 1.03
8.42 3.77
9.10 3.88
8.14 3.61
6.85 1.60
8.60 3.68
8.03 1.40
6.32 2.09
5.44 1.48
6.12 4.02
5.08 2.61
7.89 2.95
5.44 2.76
6.66 2.75
7.91 1.89
8.79 2.92
8.75 1.17
9.42 4.42
5.48 2.72
5.45 2.72
7.41 1.32
8.62 1.61
5.15 1.61
5.17 2.98
8.73 4.01
6.67 3.10
6.77 4.70
6.27 3.53
6.87 1.18
5.59 4.47
7.96 1.19
5.07 2.45
5.76 3.08
9.14 1.83
6.16 2.58
8.07 4.04
9.37 3.06
9.88 2.59
9.07 1.71
8.79 2.03
6.85 2.56
6.06 3.95
6.49 2.56
5.11 1.23
5.97 3.87
9.88 2.82
7.93 1.03
9.16 1.99
9.89 3.00
9.84 2.06
6.31 1.43
8.09 4.65
8.25 4.45
6.05 2.76
9.52 2.93
5.17 4.29
5.03 4.04
8.65 1.23
7.95 2.91
7.19 2.99
6.76 3.71
5.86 2.63
7.12 1.15
5.03 3.94
5.87 2.46
9.19 3.89
5.83 1.96
5.81 4.63
5.48 1.18
9.91 3.70
6.81 4.32
6.16 3.37
7.75 3.72
6.81 2.41
7.57 2.85
7.38 2.44
9.66 1.89
6.77 3.44
5.94 3.83
9.54 4.08
5.84 4.74
5.76 1.25
5.55 1.20
7.87 4.67
9.72 1.71
9.21 1.24
8.25 2.51
5.93 1.31
5.36 2.22
6.94 2.79
6.18 3.92
6.40 2.02
8.46 3.06
9.09 4.80
8.01 2.25
6.54 3.96
6.56 4.28
5.64 2.79
9.58 1.01
6.56 4.78
9.40 2.96
8.59 3.17
5.83 4.54
5.57 1.52
6.91 3.45
6.83 1.49
7.05 3.23
5.78 4.17
8.42 3.55
5.19 4.44
8.47 1.80
7.11 4.28
7.93 1.16
5.43 4.35
8.92 3.72
5.43 3.82
6.50 2.96
7.88 4.02
5.23 1.72
9.02 2.59
9.30 1.53
9.16 2.46
5.18 1.46
9.04 3.37
5.75 4.55
7.20 1.61
8.53 2.38
6.10 3.27
7.67 4.55
6.37 2.50
6.43 4.64
6.13 4.21
6.60 2.60
6.54 4.80
5.94 4.37
5.23 1.20
7.61 4.73
6.37 4.48
7.76 3.95
9.22 3.35
8.24 2.31
7.14 1.30
6.35 1.71
9.89 4.03
7.36 1.07
9.83 4.98
7.87 1.68
6.47 1.49
5.18 4.28
9.45 1.78
7.76 1.70
6.55 4.02
6.70 4.44
6.67 4.16
6.01 2.78
7.51 3.15
7.18 3.30
8.25 3.47
9.08 3.68
5.45 3.00
9.61 4.35
8.97 2.28
9.35 1.84
9.81 3.01
5.16 3.61
8.92 4.21
8.53 2.62
8.36 4.54
9.07 1.10
6.39 3.96
8.10 3.83
8.31 4.32
5.56 4.45
7.67 1.34
6.17 3.65
5.60 3.22
6.60 1.36
6.65 4.07
5.97 4.87
5.62 3.52
5.69 2.12
7.88 1.08
7.98 1.50
5.04 5.00
9.00 3.10
8.49 1.18
8.50 2.81
5.38 2.98
7.47 2.32
5.28 4.64
8.99 2.75
5.51 4.81
9.78 3.93
9.66 4.76
6.67 3.75
6.31 1.83
7.21 4.94
9.42 4.91
8.04 1.06
7.05 3.22
7.85 2.80
7.43 1.95
8.42 2.40
9.33 3.00
8.75 3.26
8.83 3.84
6.62 3.22
5.56 4.29
5.84 1.15
9.13 1.99
5.39 2.34
5.37 2.38
7.70 3.47
7.53 4.44
9.23 4.14
9.39 4.53
5.70 1.40
5.19 4.28
7.62 2.23
6.32 2.09
8.95 2.66
5.29 3.41
7.93 4.70
5.27 2.99
8.97 4.84
7.22 4.12
8.46 1.85
6.64 1.94
5.29 3.11
9.10 2.44
8.36 2.53
6.20 2.59
9.23 2.92
8.58 2.02
7.41 2.03
8.06 2.97
9.45 1.09
8.51 4.11
9.93 1.60
8.65 4.42
9.32 3.95
5.03 2.73
8.24 4.51
9.98 1.21
7.01 3.92
7.15 2.46
7.51 2.80
6.72 1.33
5.75 1.13
7.82 1.86
9.92 1.64
7.98 1.47
7.92 1.52
8.07 2.19
7.30 1.34
5.69 4.61
7.76 4.04
6.84 2.16
7.97 2.03
8.03 1.42
8.83 2.32
5.34 4.54
9.20 1.07
7.41 1.79
8.65 3.49
6.32 1.40
8.57 2.07
8.74 3.66
8.98 3.52
9.41 1.69
8.28 3.72
5.16 3.58
6.81 3.72
5.48 1.97
7.98 1.28
9.37 2.02
6.98 1.81
8.73 2.00
7.86 2.91
5.34 2.00
8.93 4.10
6.77 4.05
9.89 3.64
5.91 3.99
6.10 2.41
5.18 3.66
6.66 1.22
8.61 1.61
7.93 4.07
9.07 4.47
8.01 2.75
7.83 3.25
5.48 4.60
5.73 3.19
7.51 4.05
7.88 1.88
8.10 1.63
8.44 3.14
6.52 4.94
7.96 4.41
9.79 1.49
7.89 4.42
5.19 4.34
5.71 4.71
9.96 3.08
8.91 3.22
5.88 4.19
8.06 1.80
9.92 4.36
6.42 2.24
5.76 4.29
8.59 1.11
7.29 2.26
5.74 2.85
6.44 3.00
7.46 2.50
7.01 1.22
8.79 2.85
5.09 3.86
5.69 2.95
8.88 3.11
8.71 4.54
7.37 1.14
7.41 3.42
7.55 3.89
6.97 2.81
8.92 2.26
9.36 1.98
7.55 3.65
8.00 4.23
8.50 2.27
8.55 4.61
6.84 1.40
7.94 4.59
6.94 2.22
5.18 1.84
8.76 3.33
9.98 1.97
7.37 4.50
9.01 4.59
8.50 1.81
5.45 2.86
8.55 3.26
8.81 1.33
6.53 3.83
5.59 4.23
9.21 4.76
5.68 3.97
7.39 4.39
5.63 3.33
7.67 1.79
7.24 2.73
9.01 1.16
8.73 3.86
7.23 3.13
6.10 3.09
8.42 4.24
8.78 4.36
9.09 4.09
6.98 3.36
6.29 3.21
7.17 3.68
5.71 1.05
8.52 3.85
8.98 3.25
10.00 3.06
8.96 2.22
6.60 4.17
7.88 2.68
8.43 1.77
8.45 3.37
7.61 1.69
7.17 1.50
6.02 4.12
6.84 2.80
6.19 1.57
7.43 3.43
8.28 4.30
5.06 2.38
8.25 1.65
8.57 3.00
5.88 1.29
6.80 2.72
6.22 4.31
7.15 2.13
9.16 4.08
7.54 1.62
5.04 4.70
8.95 1.84
7.82 1.45
5.16 1.61
8.23 1.60
9.42 3.41
6.16 2.71
9.75 1.71
9.94 2.05
5.41 2.75
9.96 1.36
7.27 1.41
5.04 4.25
8.14 2.30
8.05 2.40
7.16 1.93
5.52 3.71
8.54 2.05
7.22 3.01
5.90 2.63
7.73 1.11
7.25 4.19
5.77 1.41
9.45 3.80
6.36 3.14
7.96 2.93
7.09 1.66
8.68 3.63
7.06 4.45
8.95 4.00
5.98 3.13
8.48 2.52
6.15 4.10
8.87 3.23
6.58 4.49
7.14 4.73
6.83 2.68
9.21 2.94
7.13 4.82
9.02 4.27
7.86 3.54
7.05 1.47
7.99 1.88
9.84 3.24
6.55 2.08
7.90 4.48
5.52 3.96
9.88 3.42
9.60 4.74
9.80 3.43
5.91 1.38
7.08 1.35
6.09 3.69
6.11 3.87
8.90 4.26
7.81 1.66
8.63 2.53
5.34 2.98
8.05 2.27
9.67 4.94
9.63 1.41
8.29 4.90
5.09 3.33
6.79 2.96
5.97 2.64
8.19 3.38
7.29 4.77
9.31 3.29
6.63 3.16
6.51 2.19
8.12 3.95
5.12 2.49
9.18 1.21
7.95 4.95
7.50 3.92
8.02 3.62
7.04 1.21
9.41 2.75
9.39 3.00
7.84 3.37
5.83 2.48
9.14 1.13
5.67 2.05
9.21 2.58
8.54 1.68
8.43 1.02
6.34 4.04
7.00 3.34
5.02 4.56
9.38 4.95
7.75 1.96
7.73 4.61
8.12 3.10
8.71 1.28
6.14 3.51
7.25 1.35
9.62 3.35
8.61 3.82
5.83 2.67
6.65 1.22
5.54 2.24
7.16 1.38
6.90 4.59
9.26 1.93
6.64 4.64
6.71 4.81
9.02 3.86
7.97 1.07
6.18 4.93
5.31 3.98
8.93 4.69
8.47 3.63
8.20 2.31
7.14 4.27
5.65 4.93
9.99 1.07
5.86 4.16
9.34 1.08
8.47 2.58
6.69 1.15
5.72 4.69
8.97 3.82
9.23 4.68
8.79 4.26
9.94 3.19
9.76 1.99
6.48 3.17
9.04 3.53
9.70 3.05
9.93 2.77
5.62 3.69
6.22 2.63
9.42 1.92
8.39 2.69
9.91 1.91
8.65 2.14
7.62 4.24
7.86 4.91
9.09 3.28
7.00 2.85
6.36 4.34
9.97 2.55
8.04 2.88
6.79 2.56
7.61 1.49
8.16 1.70
9.54 3.16
7.44 4.84
6.22 1.08
6.04 2.49
6.29 4.42
5.77 2.39
5.07 1.27
9.65 1.85
8.53 3.65
8.19 3.28
9.63 1.23
8.47 2.45
5.07 2.55
7.17 4.94
5.14 4.43
6.46 1.27
6.57 2.63
8.57 1.96
5.99 3.14
5.24 4.38
6.19 1.88
7.96 2.76
8.14 3.33
8.31 3.44
9.23 1.08
5.06 3.05
6.51 2.47
5.90 2.46
9.19 4.25
6.89 1.17
5.79 1.20
6.78 4.17
