14.14
5.70 4.60
5.52 1.56
6.98 2.24
5.92 3.91
8.76 2.39
8.78 3.61
7.32 1.38
8.53 1.75
7.73 2.26
9.11 1.30
6.78 3.57
9.26 3.12
5.49 3.39
6.63 4.60
5.08 3.42
7.55 3.12
6.10 1.68
5.51 4.72
8.05 4.05
6.49 4.78
5.43 1.05
7.86 2.12
6.55 2.26
5.82 2.38
8.13 4.97
7.70 1.68
6.52 4.12
6.30 4.09
6.10 2.93
7.90 1.80
6.17 2.27
9.03 1.70
9.87 3.64
9.39 1.77
7.32 3.25
9.64 3.73
5.61 3.86
7.99 4.12
9.03 2.14
8.31 1.61
6.69 2.34
5.85 2.13
8.28 2.65
8.20 3.26
9.87 1.91
5.18 3.47
8.43 2.06
5.72 1.80
7.71 3.35
8.79 2.05
7.43 1.24
7.57 3.75
9.75 3.83
7.72 2.96
9.17 4.93
5.73 2.27
6.42 1.69
7.82 2.62
7.53 2.71
7.60 1.97
5.88 2.30
8.22 3.20
8.86 1.75
5.12 2.85
5.15 4.83
5.96 1.14
9.97 3.73
7.50 3.78
8.33 2.64
7.20 2.98
9.99 3.15
8.86 3.16
5.69 3.06
6.83 2.45
5.53 1.29
8.09 3.11
8.92 1.34
9.43 1.76
5.08 3.07
9.43 4.93
8.87 4.53
5.81 1.22
9.56 1.18
8.85 4.14
8.52 2.09
5.61 2.13
7.46 4.55
7.11 2.72
5.18 4.90
7.81 1.01
9.03 1.65
7.07 1.04
6.82 3.55
6.90 2.13
5.30 1.69
8.71 1.02
9.35 1.61
9.22 4.36
9.06 2.13
6.79 4.98
7.17 4.66
9.76 3.46
6.10 3.72
7.28 3.76
6.13 2.85
6.28 3.64
6.17 3.21
9.89 4.57
8.96 1.72
8.64 1.60
9.54 3.27
5.27 2.17
9.76 1.13
7.67 2.88
6.15 3.60
6.92 1.72
9.94 2.97
8.99 3.76
5.79 2.71
8.63 3.09
9.87 1.49
8.59 4.45
8.61 4.43
5.14 4.85
6.14 2.93
8.10 4.82
7.08 4.67
9.38 3.65
6.02 2.36
9.00 2.62
6.09 2.47
6.26 1.50
6.75 2.31
6.31 3.08
9.88 4.71
9.15 2.29
8.56 3.09
8.38 2.09
9.96 2.70
6.34 4.34
6.59 3.56
5.95 1.89
5.19 4.06
6.15 4.22
8.24 4.03
9.56 3.27
5.75 3.86
5.51 4.58
8.49 4.13
5.79 3.29
9.54 4.62
8.13 3.31
7.15 1.38
9.24 4.61
5.40 3.21
9.74 2.74
8.31 1.27
8.08 3.38
9.08 4.00
8.74 2.25
8.31 2.55
7.45 3.70
8.86 2.48
7.48 2.85
9.91 2.55
6.19 3.70
9.34 4.72
9.94 1.24
6.66 4.28
8.71 3.29
7.63 4.82
8.41 3.97
7.62 4.01
9.85 4.44
8.13 3.62
7.75 4.95
8.76 3.29
7.17 4.26
7.61 1.06
6.90 3.20
8.84 1.88
5.87 1.58
9.09 3.29
9.06 1.97
8.69 1.66
8.43 3.39
8.98 2.95
7.68 4.04
8.98 4.05
6.62 1.86
8.36 3.75
6.87 2.56
7.90 4.82
5.39 2.10
5.34 1.69
6.29 4.04
6.61 3.08
8.89 1.72
6.93 4.21
6.42 4.87
6.13 2.13
5.64 4.03
9.84 1.46
6.65 4.05
6.01 4.94
5.52 4.09
6.12 1.00
9.87 3.51
6.21 4.18
8.06 3.51
5.63 2.21
8.32 4.65
9.75 3.31
7.43 3.04
8.68 3.63
6.88 2.51
5.16 2.72
5.84 2.98
8.29 1.52
6.10 4.12
8.86 1.57
8.43 2.39
8.08 2.95
8.68 2.66
8.93 3.13
8.73 1.20
7.57 1.60
9.17 3.70
7.91 4.41
5.40 2.13
8.42 1.57
8.07 1.31
8.54 3.71
6.76 2.47
6.05 3.50
7.59 2.32
7.71 1.10
6.27 2.81
7.45 4.24
7.88 2.45
9.93 3.39
8.11 4.63
7.25 2.34
8.36 2.65
8.01 2.40
8.36 1.79
5.33 2.57
5.43 3.28
5.06 4.33
8.55 4.03
5.56 1.84
8.82 2.61
7.64 1.05
9.52 3.33
6.43 3.71
5.34 3.11
6.86 2.91
9.91 3.33
5.60 1.80
9.67 2.19
9.77 2.00
9.64 4.66
6.81 1.30
8.48 4.68
5.32 3.55
5.24 4.27
8.46 4.93
5.22 3.78
9.64 4.22
9.96 3.87
9.91 2.52
9.14 1.86
7.50 1.10
7.91 3.23
7.36 4.61
8.38 3.72
7.30 4.14
7.72 3.73
7.76 1.21
8.38 3.72
8.69 1.82
7.44 3.76
5.18 3.99
7.81 1.41
7.92 2.77
8.68 1.38
5.47 3.29
5.71 1.06
7.40 1.12
9.27 3.95
6.38 4.06
9.79 3.73
7.07 2.43
9.88 1.93
6.24 2.13
6.75 1.25
6.60 3.81
6.27 4.75
5.87 2.96
7.32 2.81
8.52 3.15
5.36 1.91
9.60 2.23
9.33 1.48
8.74 1.11
9.15 1.12
7.18 4.44
8.89 1.30
7.11 4.69
7.08 4.69
5.26 4.92
5.64 2.45
7.01 2.19
8.60 2.09
7.59 1.37
9.53 2.93
9.06 4.18
8.79 1.69
5.11 2.27
7.71 4.39
5.44 2.44
6.46 1.72
7.67 4.48
6.42 2.51
7.41 3.45
5.12 1.53
5.89 1.11
8.91 3.52
5.16 2.35
8.46 2.97
7.64 2.19
6.89 1.33
9.85 3.98
8.60 1.14
9.93 3.18
8.95 2.84
9.56 2.99
6.04 4.38
8.22 1.65
6.00 1.89
6.66 3.46
6.98 4.59
6.61 3.48
9.72 3.39
5.58 4.19
9.77 3.77
8.27 4.78
6.38 4.12
6.14 4.04
8.32 4.00
6.98 4.69
9.72 1.81
8.90 3.36
6.86 4.69
6.92 1.61
7.72 4.87
5.10 2.18
6.51 4.20
8.90 1.76
9.34 4.38
5.31 4.87
5.25 3.87
7.55 2.68
8.59 2.89
6.76 2.17
9.57 1.37
5.47 2.65
9.65 3.39
5.89 2.18
6.72 1.52
6.13 4.55
7.79 3.17
8.79 3.28
8.28 1.49
9.03 3.20
7.18 1.92
8.44 2.53
6.68 4.48
6.55 2.56
8.10 2.66
8.84 2.54
7.66 4.78
8.32 2.13
7.03 1.01
7.69 4.32
7.98 4.35
5.23 4.59
9.56 3.34
5.01 3.17
8.76 1.91
6.25 2.21
7.11 3.22
6.80 1.08
6.30 4.43
7.72 4.08
5.08 2.81
8.94 2.66
8.29 4.23
5.88 3.55
5.70 2.60
7.59 2.15
9.67 1.58
9.65 2.13
5.73 4.11
8.91 2.47
8.64 1.79
7.02 3.02
5.00 2.98
7.03 3.93
9.53 4.99
9.57 4.74
8.16 3.04
5.34 1.40
5.59 3.31
5.92 1.84
8.22 2.78
7.59 1.81
5.85 1.82
6.19 1.25
6.86 2.86
6.50 2.56
6.54 3.98
5.70 3.29
7.49 4.06
8.75 4.76
8.91 3.72
7.54 1.81
8.50 2.30
6.57 4.01
6.37 3.22
9.82 2.54
5.32 4.09
7.33 2.47
5.11 4.26
9.49 4.10
6.08 3.08
8.81 3.03
8.84 2.31
6.31 2.71
7.03 3.20
9.10 3.27
9.33 1.25
6.19 3.14
5.19 2.73
6.25 4.06
5.64 3.86
5.03 2.93
6.55 3.12
9.15 4.55
6.46 1.94
9.86 2.24
5.07 2.81
7.33 4.22
5.88 3.25
5.67 4.67
8.24 1.67
8.51 1.92
9.43 1.11
7.55 3.12
6.82 2.60
9.16 2.52
8.37 1.88
8.82 2.15
7.18 1.77
9.53 2.99
6.38 2.08
7.25 1.08
6.31 4.05
5.69 2.71
9.27 4.41
7.73 2.89
5.37 1.01
7.62 3.72
9.36 2.55
5.85 3.48
9.36 2.25
8.50 3.72
7.51 1.77
8.21 4.39
6.40 3.39
6.63 1.53
7.15 3.41
6.59 1.19
6.54 3.22
7.57 3.83
5.60 2.17
9.16 1.01
6.13 3.68
5.60 2.94
9.66 2.35
8.35 3.25
5.26 3.07
9.52 4.37
8.24 3.91
6.23 2.92
6.72 1.99
9.24 3.93
6.40 2.45
9.30 4.72
6.50 2.62
5.95 3.16
6.27 4.16
6.17 1.25
6.75 2.80
9.64 4.89
6.53 1.62
7.54 1.56
8.80 3.36
9.25 3.54
8.48 1.61
9.32 1.31
9.65 4.41
6.85 2.23
7.99 4.89
6.03 2.77
6.92 2.84
8.47 1.04
8.69 2.93
7.65 2.03
8.25 4.76
5.64 2.65
8.24 1.67
9.51 1.56
7.71 3.36
7.64 1.71
5.69 3.25
6.10 3.49
7.62 1.58
6.06 2.01
9.03 1.84
5.73 3.77
5.73 4.21
9.18 2.07
8.58 2.43
9.44 4.61
8.99 1.01
5.27 2.88
7.83 4.76
8.64 3.31
6.02 3.13
9.80 4.72
9.83 3.27
7.33 4.94
7.11 4.61
8.16 4.66
8.24 3.17
5.93 2.87
6.58 1.27
6.42 3.59
8.71 1.61
5.00 4.69
8.48 4.67
9.18 4.49
7.09 3.96
8.48 1.63
8.15 1.51
9.60 4.81
7.64 2.28
7.11 4.77
8.15 2.06
8.04 2.60
5.51 3.86
9.23 4.28
8.53 2.16
7.03 1.24
8.72 3.00
7.19 1.08
7.39 4.28
6.53 2.48
6.71 1.96
8.89 5.00
9.28 4.08
9.48 2.63
8.19 4.11
5.33 2.87
9.90 2.11
9.29 3.56
7.71 3.25
6.12 4.70
7.03 1.12
6.81 3.41
6.25 2.25
6.39 1.28
8.88 2.45
5.69 4.63
7.78 2.88
9.49 3.40
6.99 4.06
6.48 2.19
9.60 1.88
6.43 2.03
7.63 3.73
5.59 3.81
5.82 1.43
8.98 1.67
6.21 3.87
7.13 2.78
9.40 2.73
9.82 4.17
6.10 3.57
6.29 1.27
9.47 1.06
9.26 1.27
9.05 4.31
9.58 2.95
7.05 1.08
9.35 3.09
5.87 4.90
8.31 2.46
8.19 4.49
7.39 2.94
7.29 2.09
7.95 4.79
5.27 3.04
7.16 3.58
6.06 2.49
7.41 4.07
7.98 2.94
7.46 3.30
7.56 4.22
8.25 4.73
7.07 3.61
8.70 1.05
7.81 3.80
5.39 4.64
5.15 2.89
9.60 4.88
8.36 4.88
6.96 1.17
9.94 1.65
7.37 4.94
9.58 2.25
7.14 1.74
6.72 1.82
5.83 1.35
9.34 3.66
7.24 1.79
8.04 4.85
7.31 2.19
6.00 4.95
6.48 1.84
9.84 2.73
5.39 3.82
5.32 3.14
5.02 4.45
9.54 2.41
6.79 2.92
7.64 4.71
8.27 4.82
7.81 1.69
6.91 2.34
7.47 3.94
7.69 1.79
6.96 3.76
9.86 2.22
9.26 2.50
9.29 1.09
5.25 2.11
5.02 4.48
9.17 3.07
7.82 3.43
7.68 1.12
8.47 4.07
8.94 2.29
5.34 3.41
9.74 2.07
8.77 1.11
9.19 1.75
9.37 1.82
7.44 1.91
7.91 1.41
5.83 4.31
7.21 3.26
7.61 4.42
9.56 1.29
9.43 4.57
8.88 3.72
9.05 1.13
7.77 2.39
8.64 2.64
7.82 1.95
6.31 3.81
5.86 2.31
5.00 4.08
9.30 1.37
9.00 3.56
6.09 4.69
7.81 1.23
8.20 2.29
5.88 4.64
7.39 4.82
8.91 4.71
8.68 1.22
9.35 1.89
9.19 4.03
8.44 2.33
9.68 2.96
6.89 3.87
6.18 3.24
9.02 4.18
6.53 4.37
7.53 4.73
9.57 2.82
6.83 1.25
9.91 1.46
7.64 4.71
7.00 1.12
9.67 2.17
5.09 4.63
6.39 4.50
9.49 4.89
7.87 1.56
5.09 3.78
7.79 3.22
9.72 1.81
5.56 2.51
8.20 2.18
7.13 3.25
7.74 2.48
5.95 4.69
6.04 2.63
6.16 1.80
6.01 4.13
5.27 2.66
5.10 2.96
7.52 2.31
6.99 1.23
6.81 3.83
5.44 2.37
5.04 3.58
8.04 1.33
7.04 4.64
6.86 1.59
8.03 1.86
9.26 1.42
7.83 4.39
8.96 4.51
8.68 1.65
6.43 1.03
9.25 1.36
7.72 2.03
8.20 4.43
7.18 1.31
9.32 4.65
7.56 3.98
8.27 1.26
5.23 4.45
8.05 4.25
9.03 1.82
5.92 4.23
8.20 4.60
9.20 2.94
8.60 1.89
6.04 4.85
6.21 2.65
9.82 2.40
8.17 1.98
6.97 4.37
9.58 2.05
8.68 1.19
8.24 1.02
5.96 2.00
5.06 4.01
5.71 3.02
9.99 4.55
7.45 4.06
6.51 1.28
6.43 2.82
7.56 1.92
8.47 2.22
7.02 2.82
5.93 3.27
8.31 3.76
6.53 1.56
5.80 2.62
8.64 3.05
9.99 1.69
6.86 4.75
9.36 2.94
6.29 3.59
9.87 4.88
6.98 3.15
7.79 3.19
7.56 1.63
7.48 1.34
7.68 3.07
8.27 2.76
9.39 4.26
8.36 4.64
6.13 3.92
8.89 3.08
6.01 3.88
7.99 3.83
7.72 2.51
7.67 3.11
8.06 3.52
5.93 3.37
9.58 2.44
7.22 3.64
5.38 4.23
6.67 4.76
5.17 4.55
7.38 4.48
8.45 2.92
9.77 2.72
5.26 3.42
8.95 4.01
9.46 2.08
8.39 1.63
7.21 4.15
8.18 3.24
5.40 2.20
6.14 3.04
5.34 2.10
7.75 1.65
6.90 4.02
8.98 3.88
6.83 1.92
6.32 1.11
7.47 1.47
9.48 2.42
8.47 4.68
9.93 3.14
9.49 2.54
7.77 1.40
6.12 1.20
9.85 1.73
9.16 4.81
8.98 3.35
9.82 2.57
7.62 3.07
9.00 1.03
8.90 1.80
8.74 3.95
9.39 4.34
7.92 3.28
5.28 1.02
6.54 2.51
7.76 1.00
9.84 3.27
8.90 2.29
8.86 3.69
5.81 4.63
8.25 3.27
9.51 3.24
5.88 2.66
9.05 2.72
5.36 1.19
7.99 2.19
9.27 1.15
7.25 4.74
5.63 2.30
7.54 4.10
8.88 4.48
9.68 3.50
9.93 3.14
7.74 2.09
6.07 4.96
8.06 2.40
7.52 2.15
6.64 1.11
6.64 2.60
8.18 3.55
9.61 4.47
7.43 3.63
7.39 3.13
7.18 1.18
9.23 1.47
7.16 2.11
7.14 2.48
9.83 1.61
8.69 2.54
6.69 3.96
8.68 3.48
8.32 3.90
6.84 1.65
6.77 3.80
9.75 4.08
6.34 4.69
9.76 2.11
6.94 2.80
7.22 4.92
9.62 3.19
9.93 4.21
9.71 3.84
5.12 1.30
6.07 3.93
9.65 1.10
9.07 4.19
8.02 1.66
5.19 3.19
6.47 1.50
8.52 4.66
7.93 3.39
7.47 2.64
8.89 2.78
9.89 2.79
8.93 2.26
5.96 2.36
7.45 2.82
5.87 2.91
9.90 4.20
8.11 2.41
7.15 4.33
9.89 4.94
7.30 1.65
7.59 3.45
8.68 1.94
8.81 2.50
5.72 1.39
6.87 1.41
7.03 3.78
9.67 2.28
5.72 3.94
7.56 4.66
7.31 3.96
8.15 1.32
9.23 3.45
6.81 2.87
8.94 3.38
7.81 4.02
9.33 2.20
9.38 1.85
5.58 1.63
5.22 1.60
7.48 2.65
6.13 3.60
9.34 3.27
7.31 1.87
7.23 1.10
6.01 3.92
9.25 3.04
8.80 1.91
5.13 3.91
9.80 4.72
9.98 3.67
8.45 1.61
5.45 4.44
5.28 3.40
8.25 4.63
9.47 4.75
6.65 3.49
9.37 2.54
5.56 1.38
5.36 3.29
9.05 1.57
9.67 4.10
7.02 3.72
9.00 1.88
8.86 3.63
8.33 1.53
7.43 2.64
8.83 4.06
5.73 2.71
8.00 3.90
7.07 4.30
7.29 3.19
6.31 1.06
5.71 3.46
5.64 2.49
7.98 1.67
8.58 1.15
6.48 2.75
9.30 2.31
9.28 3.30
6.99 3.37
5.30 2.68
7.01 4.39
8.12 4.59
5.42 4.37
6.69 1.74
8.37 4.25
9.44 3.70
5.87 3.35
7.97 1.57
6.67 2.35
7.39 2.78
7.12 3.98
7.95 3.34
6.99 1.22
6.23 4.62
8.79 1.16
9.68 4.02
5.49 3.37
9.69 1.09
7.66 2.63
6.54 2.82
7.23 4.31
9.07 4.50
9.14 4.36
7.63 1.21
6.06 4.32
6.39 1.31
8.15 3.78
9.42 4.68
6.65 3.43
5.41 1.13
9.91 3.92
7.05 3.42
9.53 1.14
