14.14
6.67 9.54
7.63 7.47
5.10 5.48
7.55 8.52
6.61 9.17
9.86 5.53
5.58 5.51
9.81 5.23
7.16 5.64
7.73 6.90
7.09 9.02
7.75 5.01
9.97 7.70
8.58 8.00
8.42 6.64
9.26 8.65
6.37 8.49
8.36 8.64
6.28 7.38
9.66 7.53
8.30 5.90
5.12 8.50
9.14 6.47
8.75 6.46
9.32 7.82
5.70 6.42
9.82 9.60
5.94 8.51
8.35 8.34
6.00 8.84
5.08 5.26
9.79 8.91
5.03 6.97
6.51 9.84
6.78 7.99
9.08 5.99
6.92 9.41
6.16 6.69
5.48 6.61
9.27 8.68
9.86 9.55
8.78 5.66
8.33 7.78
9.01 6.15
9.41 8.73
7.49 9.68
9.87 6.40
7.93 6.50
6.96 9.33
8.95 5.16
9.88 5.82
8.02 7.66
5.97 6.25
5.30 6.73
9.54 6.78
7.26 9.82
9.61 5.97
8.16 5.14
7.55 5.57
5.29 5.20
7.54 9.19
5.06 9.28
9.72 7.87
7.36 6.84
5.75 9.07
5.13 5.07
6.60 6.16
8.71 9.74
9.56 8.78
7.00 9.93
9.79 9.73
8.26 8.63
6.36 7.93
8.12 7.78
9.19 7.75
6.29 8.07
5.59 8.82
6.07 5.91
9.27 6.82
7.22 6.72
5.03 9.76
8.46 6.28
9.11 5.91
9.96 9.03
8.48 8.95
9.65 9.87
6.86 7.82
9.41 8.62
6.33 8.53
8.16 9.27
5.81 7.37
8.88 9.05
6.59 9.89
5.68 5.63
5.17 8.02
9.66 8.92
5.47 7.27
9.08 7.65
5.40 9.70
5.07 9.35
7.48 8.28
8.57 6.21
8.57 6.90
7.57 8.31
6.70 6.00
6.26 9.75
6.05 7.46
8.77 7.42
6.67 8.51
5.46 6.74
6.70 8.44
8.63 8.10
8.01 8.17
7.73 7.56
5.19 7.21
5.90 5.23
8.86 9.15
5.31 9.77
6.12 6.50
8.77 7.74
9.55 7.71
8.50 6.68
6.21 9.01
5.31 6.69
9.24 6.43
8.29 5.44
7.60 8.01
9.92 7.85
8.39 9.47
6.03 7.34
7.03 6.80
8.22 6.82
7.27 7.26
8.10 8.92
6.56 6.20
8.90 6.18
6.96 5.50
9.88 8.99
7.99 5.22
7.37 5.20
5.46 9.26
9.47 7.85
9.15 6.64
7.46 9.12
7.85 9.51
7.87 6.11
6.76 5.35
8.35 6.10
5.75 5.42
8.66 7.06
6.50 8.33
5.57 6.16
7.35 7.27
6.38 7.49
7.52 6.90
5.67 7.91
5.85 5.77
9.14 8.18
9.54 7.55
5.86 9.82
5.18 5.19
7.16 6.77
7.14 9.33
6.00 9.26
8.09 8.55
5.21 6.57
7.09 6.86
6.34 8.66
8.15 9.78
8.29 6.48
5.67 9.29
6.17 9.43
8.32 8.57
5.90 8.20
9.43 6.76
9.22 5.65
9.92 5.39
6.72 8.27
8.77 7.18
8.35 5.43
7.32 9.93
6.71 8.80
5.21 7.56
8.09 9.63
9.65 7.72
9.80 6.70
9.53 9.95
9.88 8.36
7.26 5.97
6.70 7.94
8.82 8.89
6.13 7.23
6.88 5.69
8.53 9.15
7.20 7.92
5.45 6.54
5.59 8.67
8.38 5.45
5.99 9.42
7.72 7.74
5.13 9.03
9.80 9.42
5.25 8.03
8.80 7.80
9.06 5.12
7.98 7.67
5.09 9.22
6.02 8.50
6.88 9.27
5.19 7.29
6.39 5.96
6.81 8.57
5.18 8.55
8.48 6.14
6.46 7.33
9.06 8.32
7.21 6.45
8.96 6.87
6.99 9.73
8.15 7.19
8.73 6.39
8.06 6.07
7.42 6.96
6.68 6.29
8.77 9.16
7.54 5.93
8.32 7.21
9.25 8.93
5.81 7.93
6.30 7.25
5.53 5.94
6.03 8.66
5.51 5.38
8.10 8.88
7.27 5.03
9.87 5.33
7.87 8.98
5.78 9.73
7.32 9.76
8.02 6.19
7.65 6.63
8.72 5.94
8.92 6.45
6.00 5.15
8.26 6.08
6.45 6.99
5.27 9.86
7.09 9.46
5.48 7.90
7.69 5.77
8.48 5.65
7.34 9.70
8.84 7.82
5.38 8.84
5.46 9.54
7.17 9.70
9.36 5.89
9.29 9.38
5.20 5.92
7.08 9.79
9.08 5.63
9.33 6.76
8.28 5.08
5.86 7.58
8.55 8.09
8.74 7.50
5.62 9.30
6.36 7.01
5.19 6.70
7.63 9.11
9.83 9.51
9.75 7.54
6.26 5.08
8.69 9.20
8.68 5.15
5.89 6.65
6.75 6.36
7.93 8.68
6.47 6.59
8.08 5.02
8.50 8.66
9.82 9.04
5.36 5.12
7.38 9.99
8.37 7.63
7.24 5.06
5.01 7.43
7.41 9.30
9.20 8.38
7.98 5.33
5.03 7.08
7.07 8.18
8.91 5.19
5.84 9.48
6.02 7.32
9.76 9.19
9.08 8.69
5.45 7.07
6.34 5.43
9.01 5.48
5.65 6.50
6.49 9.41
7.81 5.19
6.63 9.32
5.79 9.55
8.77 6.91
9.96 5.39
5.60 9.15
5.99 7.44
6.49 5.57
8.57 8.31
6.59 9.36
7.86 7.73
5.62 7.82
5.66 8.68
7.71 8.66
9.27 9.94
5.09 8.81
9.08 9.58
8.74 8.75
9.86 6.52
8.38 5.80
6.38 8.12
7.17 6.56
5.95 9.31
8.68 9.34
8.69 5.09
9.65 9.41
6.38 6.13
6.64 6.25
6.65 8.70
8.79 8.67
6.94 8.45
6.37 5.80
6.81 9.29
6.27 8.96
7.25 7.44
6.37 6.41
7.85 7.51
9.77 5.89
5.39 6.71
8.34 6.77
7.63 5.36
7.28 6.85
6.53 6.58
8.19 6.44
7.95 5.16
8.64 5.39
8.48 5.78
9.62 7.03
5.46 8.25
5.43 6.13
7.79 7.77
7.16 6.64
8.14 6.09
6.56 8.43
6.83 5.15
6.55 6.27
8.24 7.91
8.27 8.03
8.13 6.95
6.70 8.22
8.75 5.29
8.22 7.47
8.77 9.57
8.75 7.67
6.60 5.15
9.94 7.15
8.53 8.78
9.04 5.22
7.22 9.02
9.99 5.02
7.29 6.11
8.78 8.75
6.22 7.75
6.30 9.61
7.85 9.35
9.86 5.06
5.32 6.86
7.78 6.68
6.91 8.23
7.19 7.19
5.69 9.20
6.09 6.67
8.25 7.25
9.35 5.19
8.37 7.74
7.10 5.97
8.10 9.45
5.42 8.95
7.58 7.57
5.55 6.35
9.28 5.44
7.50 8.28
8.80 7.40
7.83 8.39
6.71 9.04
9.00 6.27
5.18 7.19
8.97 5.53
8.24 6.38
5.89 8.68
6.60 9.76
6.20 7.19
5.94 7.24
8.56 8.02
7.32 5.35
7.70 5.07
9.36 8.01
8.61 7.34
9.21 9.68
6.43 8.44
8.31 7.57
6.25 9.99
8.89 6.79
5.10 5.34
9.22 7.99
9.70 7.94
8.28 9.77
9.67 7.71
5.16 8.71
9.94 7.38
9.45 8.30
5.02 9.87
5.95 8.79
9.74 6.58
5.77 8.43
7.58 6.16
6.15 8.31
7.71 7.35
7.57 6.05
6.14 9.35
9.67 5.98
8.95 7.61
7.07 7.02
8.10 8.24
6.34 6.53
5.29 8.78
8.18 8.02
9.84 8.68
6.75 7.50
9.48 8.07
8.37 8.31
6.02 8.68
8.17 6.49
8.70 6.94
5.74 9.20
8.99 9.55
5.28 6.01
9.16 8.22
6.06 8.90
5.63 6.20
6.10 9.33
9.81 5.61
5.38 6.89
5.20 5.93
9.38 7.22
9.38 5.74
5.40 8.12
8.19 6.48
6.19 6.30
7.21 8.90
9.80 8.70
7.07 5.08
9.70 6.42
9.63 5.98
6.18 5.77
6.55 6.83
8.18 5.41
9.91 5.55
9.29 5.75
6.79 6.58
7.77 5.89
5.96 5.84
7.74 6.32
9.47 5.17
7.66 5.18
6.33 8.10
7.35 8.52
7.85 6.79
6.55 5.49
6.18 8.79
5.85 7.08
8.19 5.65
5.69 7.80
6.24 9.34
9.52 7.84
6.07 6.35
9.79 9.18
9.05 8.50
9.06 7.71
7.65 8.59
8.53 9.52
7.87 8.68
7.80 8.66
6.67 8.14
7.65 9.79
5.08 8.54
6.87 8.72
9.98 7.13
9.74 5.45
7.99 5.89
8.23 8.89
9.75 8.21
6.11 9.54
6.39 5.71
7.35 6.40
7.65 8.07
7.49 6.50
7.24 9.66
9.17 5.96
6.76 7.28
7.56 8.96
8.23 9.56
6.61 6.62
8.84 9.59
9.21 5.81
8.33 8.60
7.62 8.58
5.40 5.11
5.31 6.50
9.43 5.39
7.69 5.09
7.53 8.00
6.39 7.25
9.58 6.99
6.25 6.12
5.53 5.47
9.25 6.58
9.63 8.48
6.36 6.57
5.78 6.43
6.81 8.52
6.24 7.98
8.61 8.20
8.43 9.00
5.31 8.27
5.41 6.85
6.27 5.47
5.72 7.61
6.88 6.19
7.19 6.66
9.89 6.98
7.15 6.63
6.19 7.42
8.11 5.19
6.03 5.36
8.75 8.51
6.40 5.44
9.47 5.42
5.88 9.56
5.20 6.00
5.90 9.51
5.69 7.39
5.69 9.99
9.47 9.07
8.41 6.69
8.12 9.25
7.59 8.09
6.30 8.27
5.51 5.84
6.20 5.13
5.04 8.10
6.75 7.85
6.55 6.93
8.85 8.34
8.98 5.12
7.48 8.00
7.69 5.47
5.31 5.20
6.46 9.82
9.61 6.74
7.39 7.95
6.07 5.59
5.36 6.46
8.25 8.52
7.55 5.52
5.42 7.80
9.46 6.83
5.18 7.55
5.35 9.30
8.75 6.47
9.89 9.43
8.11 5.27
7.20 7.23
8.85 8.55
9.81 9.08
6.51 7.74
7.59 8.11
6.56 8.72
5.81 8.60
5.13 9.59
6.61 5.35
7.66 6.55
5.42 5.36
7.46 7.96
6.46 8.62
8.91 9.45
6.69 6.81
7.89 5.57
