14.14
5.28 7.52
5.07 6.64
8.34 6.27
6.79 6.16
6.48 8.04
9.88 5.84
5.21 6.50
5.37 9.68
6.83 6.49
5.06 7.24
6.20 6.55
8.12 5.98
8.30 6.85
8.61 6.44
9.16 6.25
7.23 6.37
5.14 8.92
8.69 5.32
9.27 5.14
8.02 5.51
9.60 7.45
9.64 5.30
6.18 8.32
8.17 6.41
7.20 7.11
8.08 6.75
9.37 9.41
7.11 5.83
9.28 8.95
9.67 5.84
5.04 7.45
6.77 6.90
6.65 5.87
8.20 6.26
9.18 5.42
6.00 7.18
9.71 5.30
9.98 9.66
7.45 9.56
7.33 6.47
6.17 8.95
7.90 9.77
9.10 9.80
5.82 5.07
9.43 5.53
5.43 6.54
8.08 7.84
6.28 9.41
6.14 8.68
7.52 7.76
5.99 5.73
6.02 8.09
8.43 8.50
6.26 6.89
7.65 9.10
6.96 7.83
7.08 6.49
5.55 7.30
6.30 5.23
6.77 9.95
8.35 9.73
5.29 8.95
6.76 7.72
5.33 9.22
8.37 6.68
6.87 5.19
6.13 5.41
8.68 8.31
5.31 7.81
7.85 8.44
7.76 9.82
9.25 7.12
5.71 6.04
5.14 9.68
5.65 6.20
7.14 7.79
7.68 7.76
7.15 8.07
7.38 5.08
8.58 7.14
9.86 6.70
6.67 8.31
5.42 6.88
8.94 9.75
6.39 9.09
7.40 9.32
7.36 8.78
8.87 6.10
9.17 9.86
8.45 9.43
7.16 9.19
8.53 6.32
5.29 5.76
7.28 9.23
5.89 6.41
5.88 6.57
8.35 7.74
7.74 9.72
6.28 9.23
6.53 6.10
8.99 5.81
6.32 9.41
7.05 8.62
8.65 9.43
6.01 6.41
5.73 5.45
8.96 5.87
7.93 9.22
5.73 7.95
6.45 5.03
5.99 8.67
8.51 6.90
8.53 6.88
7.79 9.70
6.05 8.06
7.51 8.98
7.79 7.77
6.59 6.09
7.20 5.22
6.50 8.60
7.59 6.98
7.79 8.38
6.32 8.56
9.96 7.90
6.89 5.99
7.34 8.57
8.47 7.63
6.78 8.07
9.08 6.56
9.06 7.18
6.71 6.61
7.17 5.36
7.13 6.17
8.73 8.02
7.93 6.61
8.54 7.25
5.70 8.47
9.33 7.26
6.90 6.99
5.33 9.59
7.95 9.63
8.14 7.87
6.80 7.38
8.78 6.50
5.89 7.91
7.34 7.02
5.77 8.08
9.10 6.29
9.58 9.79
6.12 5.26
5.27 8.14
8.60 7.59
6.46 7.47
8.50 7.43
7.32 6.24
5.61 6.60
8.56 8.60
7.50 6.61
8.97 6.12
5.44 7.15
6.56 5.55
7.12 8.56
8.41 9.23
5.57 6.75
5.73 7.56
5.42 5.60
8.67 8.88
8.79 8.17
5.38 5.57
7.74 9.66
5.92 5.98
9.17 6.93
9.28 5.70
5.59 6.06
5.57 8.21
6.83 6.90
6.14 8.46
8.04 5.36
5.87 5.26
9.11 6.91
5.27 7.26
8.44 7.12
9.72 9.29
6.52 7.86
8.81 5.94
5.84 5.55
6.79 5.92
8.43 5.98
8.25 6.21
6.56 8.33
9.15 7.44
9.70 9.19
9.16 7.18
7.63 6.23
5.14 5.87
5.42 9.49
9.30 5.56
5.06 7.05
7.07 5.13
7.58 6.11
