14.14
8.87 4.57
6.42 1.89
6.16 1.81
8.12 1.91
6.50 1.51
6.97 2.92
6.04 4.87
9.49 1.89
6.28 2.30
7.00 3.22
9.07 3.14
8.03 4.14
7.87 4.36
5.67 3.42
7.29 1.14
5.70 4.34
9.87 2.98
7.89 1.27
7.02 4.91
8.50 2.47
5.52 4.04
6.46 4.46
6.73 2.32
9.50 4.80
8.20 4.94
8.29 2.96
5.76 2.82
8.48 2.89
9.37 4.53
5.24 1.98
7.53 2.02
9.33 3.03
7.97 3.90
6.29 1.59
6.41 1.29
7.74 4.77
6.35 4.61
9.03 1.97
9.33 1.62
7.58 3.84
9.29 4.26
9.69 2.25
9.04 4.12
5.96 4.30
8.58 2.17
7.26 2.16
7.39 2.29
8.04 1.01
7.33 4.85
8.36 4.16
8.09 4.36
9.00 3.38
9.01 2.11
5.92 3.50
9.90 1.11
6.69 3.56
7.67 1.49
5.80 1.83
7.17 3.19
9.96 1.82
7.13 1.90
7.02 1.59
6.00 1.38
8.59 2.48
7.90 4.09
7.12 3.19
5.81 4.06
7.40 3.00
7.16 4.80
5.85 3.91
6.79 3.00
8.05 3.76
8.07 2.39
6.23 2.58
5.56 3.94
8.26 2.89
6.29 2.63
8.64 3.08
7.15 3.06
9.92 1.90
7.35 2.42
9.56 2.61
7.99 3.69
7.99 4.43
5.41 2.32
8.00 3.86
5.60 4.51
9.25 3.73
9.46 3.50
8.87 2.92
7.11 3.54
5.41 3.37
9.90 1.98
8.70 2.16
9.84 3.03
6.93 4.67
9.38 1.93
5.61 1.88
8.62 1.80
9.76 3.44
7.89 2.68
6.30 1.89
5.44 1.99
8.75 3.40
8.86 3.37
9.47 1.07
8.67 2.67
7.45 2.97
8.58 1.84
6.10 3.68
5.13 1.57
5.52 4.83
8.17 1.73
8.33 2.79
9.39 3.11
6.05 2.80
8.05 2.27
9.92 3.53
6.33 4.04
6.48 1.56
6.56 2.85
7.50 2.36
8.88 5.00
7.91 1.72
5.13 2.85
8.21 3.33
9.22 1.15
8.88 3.71
9.16 2.71
5.35 1.33
8.10 2.31
6.12 1.16
9.72 4.86
5.03 3.30
7.99 1.67
5.79 3.05
7.42 2.34
8.18 3.60
7.13 1.50
5.04 1.38
6.22 3.91
8.28 2.26
7.80 1.08
5.06 1.67
6.04 1.32
6.58 4.44
8.34 1.01
8.08 3.00
9.41 1.59
7.85 3.85
9.76 3.39
6.61 2.92
8.51 4.01
5.86 2.35
8.92 3.89
5.26 3.92
5.36 2.68
9.05 2.60
6.66 1.12
5.74 2.79
8.99 4.30
8.16 3.87
5.36 1.59
7.88 1.62
9.89 4.03
8.87 3.95
6.81 3.38
9.88 3.67
7.98 3.10
8.53 3.25
7.30 2.93
7.94 2.91
7.02 1.09
7.63 4.06
8.49 2.14
6.27 4.51
9.18 4.43
7.67 2.99
8.25 2.08
9.78 3.00
9.98 2.10
8.39 3.61
7.62 2.58
8.18 1.39
5.20 4.15
8.70 1.33
5.73 3.87
6.36 4.01
7.15 3.85
6.70 1.46
6.01 3.69
6.98 4.39
9.50 1.31
5.55 4.59
8.31 4.04
7.88 2.82
5.64 3.15
8.25 2.15
7.73 2.84
7.73 4.99
7.11 2.22
5.43 2.36
7.04 2.80
9.93 2.38
9.78 1.92
6.80 3.35
6.27 2.69
5.73 3.74
6.61 3.07
7.84 3.70
8.75 1.42
9.02 4.34
7.23 3.92
9.90 1.21
9.64 2.05
6.47 4.38
5.86 1.23
7.71 4.11
8.77 4.04
7.68 1.13
5.01 1.07
5.05 3.53
6.29 1.04
6.66 4.35
9.11 1.18
5.10 1.44
5.54 2.50
6.87 1.39
8.13 3.54
8.60 4.89
9.06 2.26
8.53 3.65
7.67 1.12
8.98 2.71
9.64 2.49
8.00 2.78
8.17 3.33
5.01 1.63
9.86 2.22
5.29 2.17
7.10 2.16
7.61 3.79
9.62 4.69
7.26 2.27
9.48 1.59
8.97 4.75
7.40 2.81
9.89 3.29
7.95 2.18
7.99 3.96
7.37 3.07
9.60 1.68
5.26 1.52
7.80 4.67
5.65 4.97
9.80 2.01
7.91 4.35
6.86 1.42
5.24 2.45
9.86 2.73
6.30 1.01
6.74 1.92
5.42 2.47
5.28 3.34
7.68 2.24
5.85 3.62
7.68 1.03
8.76 1.43
9.64 2.76
9.52 1.66
6.55 1.87
8.53 1.20
8.08 3.66
8.18 2.52
9.68 4.18
5.95 3.88
9.79 4.21
6.78 2.16
8.27 2.55
6.38 3.61
6.02 2.99
9.40 4.76
9.62 3.36
7.83 1.39
9.96 4.96
9.85 3.12
5.24 2.99
8.84 2.34
6.63 4.33
9.78 2.63
9.09 2.09
7.59 3.13
5.84 1.98
7.33 3.90
6.66 3.06
6.21 4.88
9.22 1.16
5.73 4.05
7.02 3.18
9.91 4.05
9.34 2.32
6.99 1.66
6.08 4.54
7.09 2.92
9.53 2.69
7.85 3.39
5.71 3.04
7.93 2.19
9.90 3.56
5.55 3.34
9.34 3.78
9.84 3.06
5.69 4.84
8.02 3.11
6.32 3.10
9.86 3.50
5.81 3.84
8.74 1.58
8.14 2.45
5.00 2.07
5.48 3.89
8.09 4.44
6.20 4.47
7.86 3.92
8.02 3.60
9.24 4.50
6.80 2.47
6.24 4.40
7.39 2.70
7.66 4.79
5.60 3.62
6.56 2.90
9.01 4.86
9.91 1.39
9.59 3.06
7.14 4.22
7.88 3.67
8.39 4.18
6.34 3.27
8.84 2.33
9.14 2.22
9.90 2.29
6.27 1.93
6.53 1.69
7.47 2.24
7.50 2.49
9.83 4.46
6.32 4.85
8.08 3.48
6.00 1.41
8.25 2.67
9.74 3.80
8.09 3.11
7.74 1.61
6.96 1.64
7.01 1.53
8.67 1.92
6.95 2.56
7.89 2.17
8.32 3.43
9.14 1.06
6.51 2.51
7.43 3.02
7.70 2.93
5.89 2.15
8.00 4.31
8.46 4.27
5.73 2.93
9.93 4.41
6.50 3.14
6.00 1.98
8.55 3.62
8.29 1.69
8.28 3.20
7.23 1.51
6.45 4.03
5.76 3.13
5.52 3.33
8.02 1.67
7.40 2.03
9.47 2.13
8.60 4.70
9.19 3.06
6.08 2.13
5.41 3.59
7.78 2.41
7.01 2.75
6.27 1.69
7.03 3.95
6.99 4.17
8.95 2.73
9.87 3.02
7.25 3.97
9.35 3.94
6.47 4.21
7.57 3.89
6.65 2.99
9.58 3.67
8.30 1.17
7.26 3.97
