14.14
4.43 7.30
2.95 6.68
4.77 6.77
2.30 8.07
1.17 9.20
3.86 8.82
1.87 8.75
1.77 9.43
2.85 8.84
2.54 6.56
2.33 7.82
1.22 8.59
1.45 6.92
2.79 8.73
2.16 5.62
1.53 8.73
4.67 6.62
2.41 7.31
2.99 8.87
3.21 8.39
3.13 9.41
1.61 5.66
2.65 6.14
4.13 6.41
2.69 6.67
2.06 9.14
3.87 9.53
1.96 6.17
4.21 8.00
1.02 9.59
3.79 7.68
2.33 5.79
1.72 8.50
1.90 5.96
3.94 8.15
2.39 7.70
3.37 8.44
3.58 9.98
1.30 8.08
4.82 6.70
3.98 9.99
4.11 6.86
2.04 8.52
2.15 7.33
3.70 7.08
2.85 7.35
4.73 9.06
4.24 7.45
3.58 5.49
2.75 8.54
4.41 5.51
2.84 6.06
2.42 6.64
2.94 7.34
2.48 9.75
4.12 9.83
3.98 9.84
1.14 6.48
3.72 7.11
1.04 9.03
4.60 8.97
2.23 9.51
3.36 7.84
2.48 9.58
4.53 5.63
2.44 7.12
3.65 5.44
1.03 9.63
2.94 7.48
3.41 8.63
4.66 6.04
2.24 9.80
1.93 6.24
3.64 8.75
2.96 9.13
3.36 7.91
1.51 6.46
3.74 5.70
4.73 6.09
2.37 9.96
4.79 7.21
2.68 8.43
1.09 9.66
3.15 5.66
1.55 5.10
3.65 6.45
2.09 8.00
3.85 7.76
3.17 8.44
4.86 7.58
3.25 9.14
4.12 5.85
3.28 8.45
3.51 9.62
3.03 6.97
4.32 6.62
3.10 9.65
2.61 8.65
3.08 6.96
2.43 8.64
1.69 8.02
2.74 7.65
3.77 5.45
3.61 6.03
4.21 6.60
2.40 5.44
4.74 7.93
2.32 6.79
2.40 9.36
3.13 7.24
1.06 7.94
1.89 7.49
2.29 5.74
4.98 9.44
2.61 9.30
1.39 7.70
3.48 9.20
2.51 7.20
1.40 5.90
4.72 8.35
2.88 9.51
4.91 9.97
4.42 9.22
3.81 9.75
1.33 9.71
4.55 6.27
2.68 5.36
4.80 6.22
3.92 5.06
3.28 5.18
4.00 9.15
3.14 5.33
2.54 7.23
2.99 8.23
2.39 9.73
2.45 6.32
1.37 8.70
3.76 6.92
1.40 7.64
1.04 8.16
3.82 8.07
1.99 6.89
2.32 5.24
2.98 9.33
3.85 8.68
1.90 6.50
4.67 8.10
3.66 7.29
1.87 8.89
2.83 8.42
3.80 6.60
4.67 7.20
2.34 8.76
1.67 9.26
3.07 7.95
1.86 5.39
3.31 9.11
2.86 8.64
3.43 5.30
3.62 9.55
4.84 5.10
1.31 5.07
1.83 6.71
1.11 8.77
4.66 7.87
4.69 7.53
3.34 8.10
1.36 7.88
2.06 8.91
2.40 7.61
4.39 5.51
3.28 6.58
4.24 8.05
1.67 8.71
1.96 8.22
1.18 5.45
2.16 7.44
4.21 9.61
4.22 5.57
2.07 6.84
4.18 9.81
1.65 6.25
3.32 6.65
3.23 5.07
4.46 5.78
1.37 6.84
4.06 8.02
2.28 6.65
4.40 6.23
2.94 6.34
2.84 6.21
4.43 7.32
2.18 6.88
2.68 8.13
4.81 7.73
4.86 9.13
2.59 8.49
4.63 6.32
3.65 5.70
1.14 6.87
4.23 7.52
1.36 9.01
1.77 8.49
3.61 9.64
2.28 8.05
1.09 8.57
1.43 6.80
4.51 9.23
1.96 7.37
2.36 6.51
2.55 7.20
3.82 8.71
2.81 8.43
2.79 6.79
3.76 6.10
2.72 5.46
2.95 9.10
1.15 7.49
4.40 9.43
4.51 9.24
1.44 9.05
1.37 7.14
2.00 9.83
3.91 7.44
1.86 6.55
3.60 8.21
1.08 8.90
2.58 5.35
1.36 8.56
4.96 6.67
1.64 8.78
1.88 6.08
2.18 8.88
1.21 7.37
1.27 8.39
4.58 5.61
3.83 5.30
1.78 6.76
1.23 5.80
2.57 5.01
3.14 7.94
3.60 5.36
4.45 9.65
4.37 7.86
2.22 7.26
2.02 8.74
1.78 8.66
1.33 7.31
1.52 6.43
2.28 7.08
4.35 9.61
4.49 8.40
4.15 9.07
3.96 9.54
4.66 5.36
4.89 7.65
2.54 9.42
3.62 5.93
1.86 5.62
3.28 7.82
3.64 8.62
2.34 9.60
4.11 9.81
4.15 7.52
1.75 6.59
1.15 6.32
1.48 7.05
1.82 6.11
1.20 5.64
1.09 5.69
4.14 5.09
3.73 5.85
3.90 7.87
1.10 7.36
1.34 5.87
4.56 9.49
2.04 9.93
4.18 6.06
2.03 6.87
2.27 7.65
4.91 9.79
3.21 5.18
2.60 8.59
3.81 6.55
2.21 6.51
2.84 5.49
4.34 9.59
1.50 8.21
2.74 5.16
2.81 6.27
4.52 7.20
1.89 6.00
4.82 5.45
1.07 7.68
1.38 7.70
2.07 5.16
3.40 8.61
4.17 9.54
2.95 6.48
1.16 8.75
4.21 8.70
1.26 7.51
2.23 9.70
4.16 6.11
3.86 5.32
3.06 9.46
2.34 5.27
3.70 6.74
4.22 6.41
4.27 5.65
4.34 7.27
2.86 9.27
2.08 5.63
4.70 7.74
3.33 9.13
2.83 5.93
4.38 5.43
1.65 8.04
3.50 7.10
4.28 9.52
3.96 7.96
2.82 6.25
3.76 6.95
4.40 6.09
4.18 7.25
2.16 7.79
2.49 7.88
4.46 7.50
1.36 7.45
2.12 8.44
3.29 9.01
3.79 9.82
3.35 8.01
2.56 6.81
4.09 5.04
1.05 9.16
3.18 8.01
1.89 6.95
1.47 8.90
4.72 8.29
4.15 8.14
4.64 9.97
2.74 5.52
3.70 8.35
1.32 5.05
3.00 9.78
3.37 6.93
1.83 6.24
1.63 8.92
4.60 8.96
4.61 5.40
1.32 9.82
1.78 6.62
4.05 7.62
2.67 7.42
4.97 8.68
3.99 8.74
4.55 8.66
2.29 7.54
3.98 5.30
2.76 5.31
4.88 9.77
4.33 7.47
3.34 6.89
4.88 6.24
4.42 8.24
1.88 7.00
1.66 5.00
1.68 8.40
3.26 6.15
4.73 9.57
3.31 6.07
1.77 8.18
4.06 9.74
4.66 6.58
1.77 7.11
1.35 8.89
2.91 7.96
3.34 5.73
2.09 7.36
2.29 9.23
1.60 6.44
1.32 5.08
3.36 7.79
1.05 9.80
2.76 9.46
3.93 5.49
3.07 6.45
4.64 6.35
2.12 8.62
4.59 5.71
2.20 9.21
2.70 9.25
1.48 8.31
3.23 5.32
3.03 6.51
1.95 5.26
2.55 9.16
2.49 7.15
4.50 7.94
1.97 8.86
3.28 7.08
1.21 7.02
1.01 7.88
4.69 6.39
2.85 6.55
2.05 9.85
3.54 6.51
2.48 7.96
2.94 8.33
2.73 7.52
3.05 6.94
3.14 7.92
1.44 7.71
1.54 9.97
4.95 5.27
2.96 6.10
4.17 5.87
4.86 7.55
4.61 6.73
3.78 8.40
4.93 8.21
1.23 8.45
2.78 7.38
3.47 6.32
1.20 9.52
3.62 6.82
4.80 6.86
1.75 6.38
2.08 7.34
2.67 7.87
4.42 9.24
4.60 6.77
1.60 6.09
2.26 8.09
2.36 5.06
3.37 9.55
4.04 5.54
2.47 9.37
2.14 8.87
1.71 8.12
4.44 8.94
3.06 7.62
3.43 8.08
4.56 6.04
4.86 6.71
2.61 7.29
1.52 9.85
4.16 9.25
3.66 8.62
4.61 9.65
3.04 9.28
3.41 5.21
4.25 7.84
3.26 9.04
4.59 8.21
1.58 8.75
2.72 7.18
2.70 7.20
2.41 5.38
4.63 5.43
2.64 8.58
4.12 7.53
1.75 9.76
3.15 9.75
2.56 8.53
4.61 6.84
4.01 5.13
2.15 6.55
2.46 8.07
4.23 8.90
2.43 5.54
3.88 5.49
4.70 7.47
2.99 9.93
2.32 7.01
1.63 9.29
1.69 6.76
2.41 7.82
2.57 7.60
3.94 8.26
3.79 9.80
3.24 7.69
4.49 8.83
1.03 9.26
1.75 5.47
4.07 8.05
2.80 7.91
2.95 9.09
3.24 6.08
2.36 7.78
2.61 6.49
3.21 7.99
3.56 9.36
4.65 5.60
3.42 7.65
3.36 5.75
4.26 6.40
1.44 9.77
3.86 9.49
2.48 8.54
1.88 9.34
3.54 7.15
2.18 9.54
4.76 6.58
2.10 8.95
1.46 7.01
4.38 5.70
3.29 8.15
4.00 8.20
2.46 6.05
4.76 5.65
3.29 7.58
3.51 9.50
4.86 7.52
4.92 7.82
4.79 5.39
2.60 9.21
2.44 8.59
2.02 8.24
2.01 5.35
3.58 9.63
4.37 6.17
2.21 9.15
1.50 9.49
4.90 9.55
1.31 7.87
4.09 5.97
2.27 8.25
3.77 6.02
1.56 5.89
2.18 6.02
1.96 9.08
4.13 6.08
1.59 7.89
1.16 8.24
2.21 8.46
1.21 8.37
4.81 5.28
4.88 9.55
3.43 8.03
3.18 6.05
3.08 5.33
1.02 9.91
4.08 7.26
3.25 8.42
4.76 5.13
3.18 9.01
4.55 5.92
4.56 5.06
1.77 6.40
1.45 9.10
4.81 6.19
1.35 7.57
1.40 6.37
1.23 9.60
2.05 5.40
4.67 9.98
1.46 6.54
3.27 5.37
3.35 6.40
2.17 5.67
4.53 6.95
2.72 6.79
1.51 9.27
2.24 9.19
3.73 5.15
2.25 6.00
3.27 8.90
1.93 8.36
1.86 5.15
2.88 5.04
4.03 9.49
3.10 7.67
2.49 8.03
1.71 7.68
4.16 8.10
2.04 5.57
4.54 6.82
2.20 8.16
3.05 5.80
3.19 9.50
1.12 5.05
3.97 6.21
4.18 6.06
4.04 8.57
4.24 9.00
4.05 8.97
1.08 6.36
3.90 5.20
1.97 5.45
2.44 6.73
3.60 5.18
1.73 8.24
3.76 7.58
1.87 5.65
4.48 7.96
1.54 6.39
2.53 8.30
4.61 6.84
3.33 6.57
4.63 6.82
3.13 6.20
2.33 7.38
2.30 8.31
1.22 5.40
3.97 5.70
3.74 5.33
4.45 6.78
2.67 5.90
3.22 9.30
2.10 6.67
3.05 7.79
4.90 7.16
2.37 6.05
1.30 8.80
2.83 5.34
2.16 7.94
4.89 6.40
4.48 5.97
3.55 8.35
3.76 6.02
4.29 5.15
2.19 8.82
4.69 5.55
3.01 8.91
1.66 5.40
1.73 5.97
3.79 6.88
4.80 9.89
4.95 7.30
4.79 7.08
1.21 6.12
3.25 9.60
3.87 7.32
1.21 8.18
1.77 5.72
1.73 9.23
2.93 9.23
3.66 5.96
4.15 6.08
4.76 7.99
4.35 9.93
1.28 9.26
2.39 7.63
4.09 8.49
1.36 9.07
3.08 7.20
4.49 5.52
2.35 5.23
3.65 7.78
2.95 9.51
2.35 7.86
2.72 7.29
1.59 8.14
3.35 5.98
4.09 9.61
1.99 7.79
4.74 6.24
3.30 8.21
1.03 5.77
1.36 9.05
3.48 7.80
1.84 7.99
2.31 8.40
2.41 8.15
3.24 6.86
4.65 8.08
3.45 8.49
4.65 9.49
2.09 8.99
2.82 7.03
3.78 9.97
1.93 6.65
3.20 6.78
1.59 6.57
1.20 9.13
4.31 7.41
2.96 7.02
2.04 5.56
1.02 9.35
4.53 6.95
4.31 9.43
3.58 6.39
1.38 7.02
1.65 5.43
1.89 8.97
4.06 5.73
2.16 5.76
3.20 7.59
2.75 9.25
3.54 7.65
1.60 7.59
4.23 8.02
3.20 6.28
2.43 8.50
1.74 5.60
2.60 7.17
3.42 7.82
2.06 9.42
4.93 9.15
2.97 9.43
2.55 10.00
4.49 8.06
4.37 8.81
2.91 5.63
1.79 8.89
1.41 7.91
4.95 9.39
3.35 8.98
4.27 6.27
3.10 9.45
3.53 5.99
3.00 9.17
1.23 9.84
3.32 8.91
2.72 8.78
4.94 6.21
3.19 9.42
4.99 6.47
1.36 8.85
4.85 6.26
3.81 7.10
4.56 6.99
1.85 8.62
3.26 8.40
4.97 5.26
2.00 7.77
3.42 6.39
1.23 7.28
4.73 7.96
4.23 8.92
3.53 6.11
3.80 7.93
2.98 7.09
2.97 8.25
2.52 9.48
4.65 5.25
4.12 6.31
4.82 8.82
3.62 8.95
2.36 7.01
1.69 6.77
4.49 8.57
1.54 6.18
3.58 5.21
2.47 9.84
1.10 7.60
1.69 7.04
1.66 7.31
4.58 8.64
2.37 5.11
1.26 5.34
3.94 9.65
1.54 6.08
2.70 9.06
4.16 8.67
2.22 6.92
4.51 8.44
1.87 7.92
3.21 6.10
1.80 7.66
4.76 9.99
4.48 5.29
3.39 8.80
1.43 7.15
2.68 5.03
4.73 9.12
1.59 5.57
1.48 5.06
3.19 5.38
2.71 8.78
2.81 6.91
3.01 6.77
2.07 7.23
2.91 9.37
2.06 7.36
4.74 8.27
4.93 7.79
2.93 8.79
2.05 6.83
2.65 6.02
1.39 8.33
1.18 9.74
1.75 8.46
1.38 9.17
2.14 6.29
1.65 9.41
4.14 6.19
3.93 8.04
3.57 5.81
2.38 6.65
4.08 6.87
3.02 8.71
1.50 6.71
3.79 6.93
2.64 7.89
2.51 5.19
4.76 8.73
1.53 7.23
2.78 7.48
2.20 6.50
4.20 8.78
1.88 8.87
2.86 6.12
4.59 7.63
1.80 5.25
2.61 7.71
4.76 8.88
2.70 9.12
1.47 9.75
3.02 7.34
3.06 9.46
1.65 6.88
4.27 7.88
4.24 7.27
2.14 8.36
3.16 9.45
3.59 6.83
1.62 9.04
1.65 8.46
3.43 6.68
1.02 8.88
3.99 9.91
3.17 7.77
3.92 9.72
4.46 6.18
3.91 9.55
4.47 5.36
3.17 8.71
3.23 8.36
3.53 6.79
4.28 7.63
3.24 5.55
3.67 5.76
2.20 9.40
1.99 8.32
1.14 5.69
1.99 7.50
4.54 6.54
1.06 7.11
4.58 8.73
4.02 9.56
4.93 9.26
2.64 7.66
4.45 9.37
2.35 9.52
1.35 6.11
4.28 7.25
1.40 6.00
2.69 5.86
4.41 6.99
4.03 6.72
1.05 5.82
3.96 5.77
4.42 9.54
2.95 5.01
4.99 6.51
1.79 6.87
4.47 8.87
4.30 9.74
2.12 5.63
2.14 9.50
4.46 7.30
4.39 5.60
1.72 5.40
4.50 7.23
1.72 7.56
3.41 9.30
2.57 6.48
3.57 9.86
3.47 8.52
1.26 5.64
1.52 5.94
2.74 9.07
2.67 9.34
4.49 5.76
1.96 5.52
2.39 8.50
2.42 8.80
3.68 9.61
3.55 7.83
2.27 5.87
2.60 8.03
1.16 6.35
3.57 9.17
2.89 6.40
3.76 5.96
2.35 7.08
1.28 9.09
3.41 7.80
4.16 8.21
4.90 6.21
1.80 7.78
2.68 8.34
2.68 6.27
4.62 8.27
4.68 9.07
3.19 6.01
1.79 5.13
2.47 9.05
3.80 7.57
2.38 7.59
1.12 8.72
1.68 5.39
1.78 5.09
1.10 8.30
1.86 8.88
1.22 9.84
3.41 7.59
3.83 8.23
2.57 9.70
4.66 7.28
1.48 5.16
2.24 8.74
4.59 5.33
4.60 7.00
1.32 8.85
2.82 7.66
1.65 5.77
3.86 9.89
3.57 9.32
4.13 8.71
1.78 6.21
3.50 6.76
1.48 8.51
2.35 6.80
2.37 6.81
4.86 5.00
2.09 7.12
4.88 6.87
4.18 6.06
1.72 6.95
1.87 6.28
4.35 5.48
3.28 7.22
3.77 9.78
3.91 8.73
3.03 5.52
4.79 8.29
1.46 7.87
1.43 5.72
1.98 5.42
3.29 7.61
3.45 9.66
4.58 7.04
2.78 5.97
3.82 8.08
2.74 7.79
1.32 8.02
2.39 8.52
2.31 9.48
4.67 6.93
3.45 8.56
2.79 5.25
1.42 9.48
2.90 5.40
2.41 5.43
2.06 7.70
2.59 5.32
2.46 7.77
4.07 5.28
2.53 6.78
4.23 9.20
2.14 6.86
1.06 7.26
4.61 7.99
4.93 6.82
1.26 9.93
1.85 5.21
4.06 7.48
3.62 9.74
4.99 9.89
1.16 5.62
3.11 5.28
1.54 8.44
3.30 8.84
4.94 9.03
3.39 8.77
3.81 9.17
3.87 7.40
4.41 8.53
4.96 5.24
3.75 9.08
3.82 9.44
2.47 5.35
1.37 9.05
1.58 5.19
2.64 8.24
4.93 7.98
1.24 9.90
2.47 9.15
3.38 6.33
1.95 7.08
4.01 5.03
3.95 5.90
2.16 7.35
2.04 5.25
2.59 9.44
3.37 5.67
