14.14
1.36 2.21
2.60 2.70
2.42 3.67
2.94 4.27
1.92 1.77
2.30 2.56
4.33 1.10
2.85 4.15
1.34 3.90
2.09 1.93
2.63 3.91
1.86 1.00
4.52 2.82
4.88 1.44
3.77 4.39
1.83 1.74
3.21 3.78
3.62 3.41
4.40 1.81
3.78 2.42
3.79 4.56
1.49 1.96
3.95 1.00
4.87 2.15
2.98 2.37
1.53 3.89
2.09 3.71
2.82 1.08
1.78 2.87
2.09 1.23
3.78 1.74
4.65 4.07
4.54 1.07
3.43 1.54
3.46 2.33
1.82 4.41
3.42 4.91
3.98 3.00
1.16 4.91
2.37 3.27
1.53 1.34
1.45 2.32
4.02 1.55
4.20 1.24
4.53 1.45
3.45 4.31
3.94 2.39
2.26 3.60
4.20 2.70
4.73 3.45
3.00 4.26
3.53 1.73
1.92 2.84
1.64 4.08
3.29 1.81
4.80 2.31
1.22 1.24
3.12 3.63
2.74 1.39
4.94 4.64
3.56 4.65
2.61 3.55
3.66 2.92
4.77 3.82
2.57 2.79
4.25 2.22
1.60 4.08
4.24 2.07
4.66 4.91
1.82 4.67
3.18 2.03
3.97 3.88
1.43 4.77
1.78 1.27
2.46 4.96
2.85 3.49
3.81 3.02
2.74 4.30
2.66 2.67
4.80 2.06
1.09 4.65
4.93 4.47
2.66 2.59
4.44 1.26
1.17 2.27
3.78 2.39
1.07 2.32
2.56 4.68
4.84 1.07
3.32 2.99
3.49 3.09
3.41 3.49
4.62 2.05
1.50 1.97
3.49 1.35
2.51 4.13
2.91 1.57
1.04 2.18
1.18 4.80
3.06 4.25
1.96 1.63
4.06 3.08
3.66 4.03
3.70 4.58
2.45 3.01
1.96 3.18
1.43 4.17
1.58 1.27
1.13 1.67
4.92 4.58
2.97 1.71
3.60 4.06
2.45 2.57
4.38 1.47
3.45 4.78
3.76 2.97
4.41 1.28
2.89 3.84
4.02 4.19
1.44 2.92
3.75 1.45
2.86 4.19
3.46 3.46
4.53 2.85
2.64 4.77
2.32 4.35
4.67 1.12
2.37 4.75
4.01 3.16
3.40 4.47
3.80 3.58
2.21 3.35
3.55 4.06
3.66 1.14
2.59 3.69
4.33 3.62
3.75 4.49
1.81 2.61
1.49 1.49
3.50 3.04
3.92 2.68
2.21 2.24
4.37 4.26
1.75 3.72
1.36 1.08
3.40 4.11
2.31 4.08
2.37 1.22
3.96 3.43
1.24 3.85
1.13 4.37
3.96 1.42
3.15 1.70
1.90 4.65
2.43 3.48
2.52 1.93
1.56 1.70
1.21 1.55
4.59 4.68
2.36 3.72
2.38 1.07
3.66 3.93
3.52 2.89
1.78 3.29
4.62 2.41
3.46 3.31
1.74 3.19
4.44 1.04
1.38 1.41
3.15 2.40
3.40 3.63
4.20 2.30
3.36 2.60
1.97 2.45
1.98 3.49
4.48 4.48
2.60 4.60
3.62 2.90
4.18 3.20
1.87 1.01
4.71 1.63
1.52 4.42
2.77 3.29
1.02 1.40
2.72 4.94
1.19 3.17
3.94 2.59
4.58 4.07
2.63 1.09
4.05 1.56
3.84 4.94
3.16 3.41
3.81 4.65
2.02 1.25
1.94 4.68
3.20 1.63
2.51 4.28
1.33 1.67
3.85 2.19
3.56 4.79
3.41 1.86
2.92 3.81
3.26 1.78
4.84 3.73
1.56 1.37
3.85 4.53
1.61 1.08
4.22 1.24
1.70 1.44
1.08 3.28
1.10 2.35
1.76 4.02
3.21 2.19
4.01 4.26
3.82 4.90
1.07 3.06
3.71 2.25
3.18 2.01
2.44 2.81
4.11 2.82
3.57 2.62
3.54 3.60
1.29 1.39
1.26 4.74
2.42 3.21
3.66 1.17
3.32 2.49
2.29 3.70
3.80 2.75
3.23 2.09
3.72 2.00
3.27 4.84
1.04 1.93
2.36 4.64
3.64 3.80
1.27 1.31
2.64 2.48
4.91 4.14
2.95 3.38
1.75 2.42
4.16 3.96
3.38 3.78
3.36 3.45
4.52 2.74
2.85 4.98
3.67 4.92
2.76 4.86
3.14 3.70
4.05 4.75
1.14 1.04
2.36 4.84
1.74 4.11
1.68 1.58
4.36 4.26
1.19 4.25
2.04 1.21
3.81 2.19
3.85 2.52
1.75 1.61
2.46 4.71
3.43 4.50
4.39 2.35
3.33 1.66
4.38 3.34
3.73 1.82
4.09 1.36
4.66 2.30
1.23 4.44
3.88 1.04
4.73 3.35
2.64 1.50
3.36 4.16
4.49 4.68
2.77 2.11
2.60 2.20
4.72 2.64
4.91 3.55
3.26 4.93
4.88 2.62
2.05 3.82
1.50 3.77
4.32 3.86
1.33 4.24
2.54 4.35
1.01 4.95
4.29 3.64
4.38 2.58
4.92 1.12
4.19 3.22
1.12 4.42
4.23 3.19
3.77 3.92
3.84 1.97
2.40 2.23
2.99 2.07
4.00 4.70
2.33 2.01
1.22 3.24
3.18 2.79
1.36 4.07
2.83 3.93
2.56 4.79
1.44 3.49
1.89 4.43
1.37 4.40
1.32 1.30
2.96 4.20
2.21 4.27
3.77 1.25
2.51 1.88
1.29 1.60
1.49 1.28
4.80 2.97
3.03 3.92
1.21 3.50
1.06 4.55
3.41 3.56
3.32 3.45
3.30 4.41
4.49 1.61
1.51 4.32
2.36 4.37
1.80 4.34
4.10 2.70
2.11 1.47
2.36 1.68
4.44 2.16
4.68 1.76
4.21 3.36
2.54 2.44
3.86 3.77
4.43 2.83
4.47 1.95
2.43 1.79
3.31 2.38
1.96 1.09
4.78 4.35
4.01 3.86
4.19 1.13
3.20 1.38
1.98 3.36
3.17 2.60
4.13 1.24
3.17 1.43
4.72 2.44
1.77 2.66
3.26 4.18
2.53 4.49
3.72 4.19
4.79 1.13
1.22 4.86
3.65 2.85
2.57 3.94
3.93 4.39
4.70 2.31
4.27 2.69
1.05 3.28
2.00 2.92
2.01 2.95
3.55 1.88
4.37 3.23
1.58 4.18
2.36 4.90
4.41 1.13
4.26 1.89
2.25 4.45
2.58 4.41
1.01 2.12
3.12 2.29
3.87 1.83
4.78 2.81
1.37 3.05
1.39 1.22
2.20 1.25
1.68 1.19
3.93 3.18
1.26 2.83
4.39 3.61
3.27 3.05
3.95 4.77
4.87 1.69
4.51 4.01
3.30 2.27
2.67 2.10
2.13 1.17
4.80 1.10
1.46 2.56
1.13 3.95
4.33 1.82
4.80 4.58
1.69 3.74
1.44 1.08
4.57 3.62
1.77 4.86
4.38 3.10
3.60 3.32
3.36 2.73
3.00 1.84
3.03 1.05
2.46 3.64
