14.14
5.90 4.65
9.58 3.04
5.63 2.17
7.78 1.10
6.75 2.75
5.75 1.89
9.49 2.15
9.93 1.14
6.66 2.12
9.00 4.94
6.38 3.00
9.87 2.60
7.73 4.60
8.15 1.96
5.05 2.82
8.75 4.08
6.56 4.82
7.91 3.36
5.04 2.76
7.44 1.69
6.47 1.71
9.99 2.73
7.05 2.79
6.46 2.96
5.24 2.54
8.01 2.20
7.61 3.10
9.63 2.85
6.34 4.05
6.58 1.52
6.45 4.50
7.74 3.47
7.29 4.65
6.31 1.03
6.05 2.01
9.47 4.03
5.56 2.25
7.74 1.43
9.16 2.96
8.19 4.39
8.29 1.65
8.51 4.34
6.40 1.82
9.48 2.99
8.57 4.18
9.12 2.84
7.18 1.07
5.62 2.35
7.18 1.34
9.10 3.71
8.61 4.35
9.24 4.99
9.98 3.25
6.56 4.75
7.93 1.13
9.78 2.97
7.36 1.66
5.38 2.83
5.92 3.25
7.82 1.86
8.46 4.27
5.54 2.01
9.18 2.46
8.01 4.38
9.04 2.16
8.20 3.47
6.07 3.39
8.38 4.48
8.22 1.03
8.71 4.48
7.13 3.11
9.36 3.15
5.44 4.11
6.67 2.30
6.84 1.50
7.46 2.66
5.45 3.43
8.53 4.04
5.20 3.85
9.74 4.60
5.14 1.24
9.54 4.60
8.62 1.84
6.45 2.36
7.35 4.35
7.92 3.51
5.88 4.15
5.40 3.48
8.31 3.15
5.63 4.90
6.27 1.08
7.88 2.39
6.08 4.08
6.10 1.45
8.24 4.36
7.47 1.11
9.16 1.31
5.80 4.45
7.92 4.34
8.76 4.40
5.33 2.42
7.39 2.88
8.64 4.07
9.91 4.81
7.16 3.78
9.08 3.63
8.13 2.27
8.74 2.32
6.87 4.47
5.23 1.82
7.03 2.57
8.44 3.81
9.52 4.47
5.32 3.22
8.00 3.38
5.45 1.20
9.59 1.92
9.08 1.82
6.42 3.43
7.88 3.49
7.48 1.13
6.97 4.59
9.62 3.47
9.53 3.39
8.58 4.18
6.70 4.33
7.97 1.27
5.52 4.03
8.81 3.92
7.36 2.78
7.43 2.17
6.89 4.17
6.79 4.96
9.17 2.90
9.26 4.61
7.89 1.51
9.15 4.66
8.18 2.39
9.02 4.66
5.65 2.69
6.58 2.63
6.30 1.39
8.16 4.98
8.51 1.27
9.56 4.72
8.46 2.50
7.71 2.50
5.28 2.42
8.94 4.13
9.88 1.99
9.90 1.97
9.08 1.77
7.86 3.48
7.64 4.37
9.70 3.67
5.55 2.87
7.58 2.57
7.19 1.16
9.73 2.65
6.67 2.84
6.24 1.56
5.25 4.07
7.92 1.64
7.49 4.76
5.67 2.47
7.45 3.42
8.78 4.96
9.31 4.21
7.67 4.56
9.63 3.99
5.43 1.67
9.28 2.59
7.52 2.59
8.50 3.12
5.50 3.29
7.55 4.60
8.51 1.51
8.30 1.28
5.63 2.21
9.17 2.58
7.81 2.49
6.41 3.98
5.28 2.25
9.54 3.03
9.95 3.98
7.33 3.11
6.89 1.45
8.20 3.99
5.80 2.63
5.29 2.65
5.75 4.52
6.98 4.65
5.70 3.76
7.38 2.89
9.07 3.04
5.10 1.85
7.17 4.19
5.10 2.03
5.13 2.87
9.57 4.87
8.45 3.22
8.71 3.32
9.44 2.88
5.93 1.08
5.70 2.47
9.63 4.60
6.35 2.31
5.41 1.96
7.58 4.36
7.89 4.39
5.50 3.10
5.83 4.00
7.64 4.02
7.43 3.53
9.16 2.36
9.88 3.99
5.69 2.39
8.53 2.24
7.17 3.22
5.63 1.23
6.03 1.26
8.00 1.82
8.08 1.52
5.43 4.15
6.34 2.03
8.58 4.88
5.89 2.33
5.51 3.94
7.48 2.93
5.87 1.15
8.27 1.82
9.87 2.51
5.59 2.47
6.74 2.87
8.15 2.55
8.46 3.57
9.11 1.99
9.94 2.79
7.24 3.57
5.58 4.12
9.83 4.87
5.46 4.82
5.81 3.54
5.97 4.91
7.87 3.34
5.74 2.29
9.61 4.15
7.22 3.53
7.33 4.61
7.99 3.85
5.97 2.14
8.31 2.48
9.96 1.02
7.94 4.12
7.49 3.07
5.37 1.74
6.09 2.10
7.03 4.89
7.59 3.27
7.14 2.49
7.74 3.17
5.73 2.17
9.09 3.08
8.61 1.40
5.47 2.32
7.48 2.85
7.56 3.80
7.76 3.98
6.67 2.57
8.56 4.16
7.91 1.44
6.59 2.59
9.07 4.87
5.74 1.79
8.71 3.71
8.60 1.52
9.79 2.83
9.64 1.91
5.07 1.36
6.58 4.83
6.35 2.79
8.08 4.83
7.13 2.28
5.37 3.20
7.16 2.23
9.84 1.55
7.37 1.53
5.87 1.60
5.62 3.96
5.65 1.07
6.47 1.53
7.48 2.04
7.87 1.20
9.38 3.56
8.35 1.85
7.77 1.15
5.67 1.10
8.55 3.35
6.54 2.66
9.11 2.82
7.06 3.46
9.90 2.78
5.13 3.26
8.44 3.77
8.77 4.55
6.43 2.92
8.89 1.80
7.53 2.23
5.46 4.71
9.27 2.21
8.33 3.69
7.28 1.45
7.39 3.49
8.24 2.96
6.75 2.71
6.09 4.50
8.94 3.10
6.87 2.79
7.64 4.24
8.20 1.87
7.19 1.99
8.52 1.03
6.86 4.83
9.48 2.35
5.55 1.24
6.55 3.02
5.55 3.40
9.37 2.83
8.84 3.59
7.81 2.42
5.68 4.28
8.59 1.34
7.69 1.87
5.02 2.49
6.68 1.44
8.98 3.08
5.98 2.55
9.60 2.35
7.54 2.10
7.69 1.68
6.64 3.21
8.09 3.29
5.35 1.00
9.36 3.51
7.11 3.73
6.37 3.09
7.16 1.65
6.24 3.31
7.26 3.88
7.13 3.34
8.66 1.75
7.15 4.75
8.62 1.15
7.27 3.95
9.03 1.08
7.94 4.48
5.09 3.54
8.47 3.56
7.86 3.18
6.83 3.11
6.65 1.14
9.78 2.20
6.25 2.97
9.52 3.67
8.57 1.12
8.11 2.96
5.23 1.64
5.33 3.03
5.23 4.14
8.05 2.83
6.23 3.14
6.61 2.90
8.67 4.68
9.21 3.64
9.21 3.38
9.99 3.78
8.15 3.20
5.23 3.22
5.76 4.57
9.50 2.46
8.67 2.96
9.96 3.63
5.12 3.83
7.51 2.63
7.11 1.04
7.50 2.71
8.04 2.45
5.95 4.97
6.35 4.56
9.27 3.69
9.01 2.96
6.39 4.40
8.67 3.77
7.06 3.09
9.04 2.39
8.82 2.90
6.23 2.70
7.82 1.90
7.23 2.85
5.29 3.42
7.43 1.30
6.77 1.89
5.77 1.80
5.78 3.46
9.38 3.68
6.86 2.28
9.04 1.30
9.84 3.80
7.99 4.33
8.84 4.64
8.98 4.34
8.90 4.85
8.17 5.00
7.43 3.14
9.97 3.70
5.45 4.21
8.24 4.04
5.19 2.02
7.73 1.55
6.27 1.92
8.61 1.04
7.38 3.47
8.22 2.94
8.54 4.93
6.27 4.35
6.71 1.83
8.33 3.65
8.46 3.25
7.64 2.45
8.71 1.11
6.84 1.51
8.73 3.39
8.75 4.85
9.31 1.94
5.20 1.44
7.09 1.55
8.02 3.17
7.75 4.87
8.86 1.72
9.53 4.04
7.89 4.43
8.91 2.08
6.17 1.33
8.20 3.55
8.16 1.05
5.69 2.53
8.29 2.10
9.90 4.64
9.80 3.47
8.07 4.51
9.55 3.54
7.74 1.16
9.54 2.15
6.90 2.70
9.08 1.88
9.37 4.91
6.57 2.67
6.67 1.62
5.75 1.44
6.83 2.16
9.09 2.69
7.64 4.64
9.81 3.67
9.02 3.61
9.60 4.61
9.23 4.40
5.65 4.04
9.18 2.14
9.12 2.59
7.52 1.87
6.54 4.22
6.01 1.99
6.76 3.83
6.22 1.78
8.48 3.57
8.28 3.91
7.29 4.69
6.42 1.77
6.25 3.40
9.00 3.63
5.74 3.66
7.08 4.92
6.51 2.23
6.69 2.34
9.04 1.63
9.09 3.01
8.45 1.22
7.04 4.65
6.26 1.61
7.17 2.30
9.21 4.14
5.17 4.46
5.09 4.29
5.18 4.90
7.43 1.09
9.41 4.37
8.46 1.47
6.43 3.82
9.23 2.30
8.93 3.08
6.45 1.98
7.12 2.61
7.70 1.15
9.00 2.31
5.10 1.96
7.05 3.67
7.80 2.83
8.58 1.74
9.44 4.15
8.20 2.26
9.97 3.78
6.49 3.57
5.08 4.10
7.75 4.15
7.08 4.25
8.35 1.05
8.21 1.88
8.68 1.99
5.40 1.23
8.14 2.68
5.62 3.23
7.14 2.41
6.82 1.95
8.98 4.44
7.34 2.86
7.04 4.83
5.39 3.39
9.46 3.71
5.82 3.57
8.65 2.02
7.97 3.78
7.78 1.26
6.90 2.13
9.19 1.47
9.58 1.72
7.32 2.92
8.90 1.53
9.56 3.45
5.66 2.80
8.50 1.37
7.56 2.43
7.94 4.97
9.45 3.32
8.08 3.69
5.76 3.60
6.59 3.46
9.07 1.14
8.27 2.99
8.19 2.11
5.36 3.33
5.11 1.09
9.14 1.86
7.33 4.91
5.59 1.36
5.75 3.05
9.39 4.00
8.54 4.81
5.43 3.94
7.72 2.12
6.42 3.54
8.10 2.39
7.81 2.20
7.72 3.03
8.20 2.70
9.36 4.72
9.52 3.96
9.99 4.13
5.39 1.18
8.52 4.64
5.23 2.75
7.12 3.15
8.77 1.82
7.61 1.41
7.25 4.53
7.45 2.10
7.93 2.12
8.63 4.36
7.53 2.52
8.58 1.48
8.67 2.03
9.12 2.45
5.11 2.91
7.75 3.07
7.73 3.56
5.42 3.47
8.05 1.53
6.16 1.67
9.60 2.81
6.38 3.55
5.48 4.53
5.65 2.96
6.68 3.79
6.52 4.89
6.42 3.05
7.04 1.70
5.07 4.68
8.68 4.37
8.43 4.90
6.20 3.71
9.59 3.95
7.65 4.87
5.24 3.24
9.69 3.71
7.91 2.89
7.46 2.01
8.91 3.39
8.44 4.40
9.98 2.10
6.28 4.10
8.29 1.60
8.88 3.02
9.93 2.40
9.03 4.10
6.68 2.96
7.39 4.59
9.31 1.70
9.17 3.31
7.95 2.40
5.15 2.26
6.29 4.36
7.39 3.54
6.69 1.74
6.60 1.79
7.11 4.50
6.04 1.61
9.03 4.94
6.13 4.68
7.07 1.89
9.54 4.86
7.18 2.47
8.83 1.05
9.64 1.78
7.14 3.46
6.87 4.76
7.23 4.57
8.61 3.32
5.81 4.30
8.22 1.94
7.46 2.75
9.42 2.02
7.01 4.24
6.83 3.66
9.30 4.81
6.92 4.77
7.73 1.43
7.94 2.20
5.95 2.42
8.32 4.95
7.03 4.51
8.04 2.69
5.59 3.57
6.00 2.15
5.89 4.46
9.28 1.70
7.98 4.82
6.54 3.97
9.25 2.84
8.60 3.97
5.70 4.21
8.14 4.52
5.36 3.19
9.37 4.40
5.79 2.10
5.06 2.98
8.99 1.38
9.93 3.43
8.88 2.20
9.11 2.90
6.06 3.61
9.42 4.61
9.07 2.08
9.04 1.61
8.67 1.97
7.70 4.48
9.17 3.31
5.46 4.40
5.72 2.10
7.32 1.88
7.04 4.73
9.69 2.82
5.49 2.98
6.79 2.47
5.06 2.83
6.55 1.78
7.87 1.33
5.61 3.69
6.19 4.75
7.11 4.88
5.27 2.71
7.89 2.11
5.92 4.01
8.81 4.41
7.22 1.73
7.34 2.06
6.16 2.30
6.56 3.79
5.18 3.48
8.17 1.80
7.91 1.60
9.66 4.58
5.24 2.67
7.12 2.02
6.21 3.87
5.68 4.03
7.63 2.38
8.50 2.79
6.73 4.56
8.67 1.24
8.14 3.22
5.19 4.02
9.92 3.28
5.23 3.78
8.01 2.56
9.80 1.28
9.79 3.84
8.45 3.11
9.88 4.63
6.63 2.22
5.47 4.87
5.69 4.40
8.67 3.32
5.92 1.38
5.30 3.42
7.67 1.18
7.75 4.34
8.59 4.60
9.09 2.74
7.40 2.45
6.63 2.65
5.65 2.94
5.69 4.40
8.88 4.63
7.94 3.73
7.68 1.09
9.14 2.24
6.63 2.01
7.64 2.61
6.27 2.39
7.97 4.22
8.45 2.09
8.60 3.44
5.28 1.45
8.39 1.50
5.06 1.41
8.95 3.19
6.22 4.29
8.50 1.08
6.30 2.33
7.98 4.42
8.22 1.15
6.82 3.16
5.32 4.34
8.37 2.87
9.35 1.90
9.58 1.51
7.77 4.33
5.06 4.50
7.21 1.08
7.73 2.23
9.89 1.40
7.09 3.88
8.18 4.62
5.55 4.99
5.21 2.73
5.16 4.68
5.61 3.19
9.35 4.10
5.99 3.97
8.77 3.97
8.86 2.28
5.64 3.77
6.83 2.70
8.15 3.09
6.11 3.96
9.67 2.63
8.97 4.51
7.42 4.95
5.13 4.36
6.36 3.89
5.21 2.14
6.63 2.47
7.64 3.85
6.92 4.47
6.56 1.27
6.55 3.80
8.85 4.07
5.70 1.20
7.97 3.38
6.60 1.41
5.22 2.56
8.13 1.48
6.68 1.34
7.03 4.42
9.71 1.36
6.71 2.64
8.26 4.11
8.26 3.21
5.01 2.22
8.42 1.25
6.16 4.13
