14.14
3.25 4.79
2.03 2.11
2.40 4.63
1.47 4.89
1.87 3.51
1.41 1.92
3.62 2.31
2.86 3.31
1.68 4.83
2.43 1.66
2.11 3.63
3.33 3.28
3.37 4.44
2.37 3.88
1.82 2.19
2.87 1.63
1.26 2.24
1.25 3.43
4.13 3.38
4.27 4.05
2.10 3.95
1.60 1.10
4.98 3.79
2.30 4.39
1.34 3.70
1.43 2.24
3.26 3.70
1.17 3.17
4.86 2.44
2.98 3.10
1.16 4.31
3.36 4.95
1.36 1.89
4.55 1.21
2.12 1.67
1.52 2.90
3.56 2.80
3.77 2.64
1.09 2.68
2.56 4.23
1.30 1.39
1.86 4.15
2.56 1.57
1.55 2.88
2.80 2.47
3.04 1.39
3.22 3.79
4.54 3.11
1.04 1.37
4.64 2.94
4.70 1.98
4.15 2.39
3.60 3.10
2.33 3.44
3.18 4.91
4.64 3.21
4.86 4.77
3.69 1.68
3.39 1.98
2.64 4.19
1.05 3.88
4.67 2.71
1.76 2.24
2.21 2.15
4.84 4.25
4.26 3.91
4.23 4.52
4.20 1.59
2.05 4.50
1.75 2.25
1.47 3.59
2.77 1.08
1.32 2.66
2.08 4.48
1.11 2.94
3.08 3.07
1.00 3.76
3.43 3.47
1.57 1.19
2.81 2.72
2.42 2.25
2.78 4.57
1.26 4.58
1.66 4.14
3.57 3.81
3.49 3.18
1.62 2.67
3.48 1.67
4.50 4.50
2.53 3.36
3.80 1.60
1.16 4.67
4.42 2.00
3.65 4.62
3.53 2.16
2.95 1.26
3.70 2.53
3.90 4.81
1.82 2.90
4.23 1.66
4.99 4.46
1.87 4.28
2.19 1.56
1.60 2.60
4.43 4.21
1.09 1.13
1.98 1.15
3.19 3.24
1.28 3.23
2.89 4.71
2.52 3.86
1.96 4.21
2.94 3.91
4.29 3.30
3.61 1.07
4.12 2.24
3.65 3.06
1.04 3.11
1.13 4.77
1.34 1.91
3.88 4.85
1.46 4.40
3.33 2.68
4.72 3.04
2.64 3.87
1.33 1.95
2.42 4.27
3.40 3.18
3.85 2.14
3.25 1.81
3.21 1.89
3.83 3.84
2.79 4.83
4.82 3.31
3.26 4.52
2.28 1.84
4.00 4.42
1.21 4.40
4.40 2.06
4.87 4.34
2.49 4.10
4.20 1.29
4.10 3.75
1.65 3.17
1.64 4.17
1.36 2.49
4.33 2.78
2.91 4.76
1.84 4.18
3.67 2.15
4.70 4.39
2.43 1.43
2.88 2.62
2.88 2.80
3.36 3.81
1.59 2.33
4.54 4.90
1.14 2.47
2.33 1.25
1.35 3.73
2.20 3.37
4.19 2.23
3.02 2.11
1.78 3.06
3.79 2.14
2.57 3.11
2.42 3.93
2.25 2.29
3.18 4.57
2.19 2.54
1.70 4.02
3.98 3.05
2.16 2.03
2.68 1.11
3.84 3.34
2.06 1.16
2.11 3.81
2.89 3.95
1.89 2.63
2.52 1.02
3.56 4.94
1.92 1.45
4.62 4.31
1.70 3.24
4.71 1.60
1.16 3.60
2.96 2.19
1.52 4.36
3.15 1.02
1.61 2.74
2.21 2.41
3.66 3.74
1.80 1.51
3.89 4.92
1.35 3.80
2.60 2.54
1.32 3.44
3.48 2.76
2.26 2.91
2.29 4.03
2.04 4.97
2.31 3.87
4.45 2.10
2.39 1.86
3.64 1.21
3.38 1.90
1.90 3.79
5.00 3.85
3.63 2.68
3.59 2.09
3.80 3.22
1.74 3.66
4.86 1.70
1.27 2.53
1.55 1.01
2.07 1.99
3.09 4.66
3.78 4.94
1.98 1.74
4.76 3.85
2.90 4.74
1.53 2.19
3.21 1.84
3.36 3.23
2.98 2.99
3.93 2.40
2.88 2.96
1.62 3.92
4.90 2.44
1.47 2.74
1.35 4.36
3.70 1.79
4.71 1.10
3.52 2.92
3.58 4.14
1.06 3.24
3.22 2.54
2.12 1.35
4.22 1.10
3.04 3.12
4.33 3.81
1.14 2.08
1.68 4.99
2.74 2.84
3.49 1.54
3.33 1.40
3.72 4.83
3.46 2.07
1.32 1.92
4.44 4.24
4.21 1.27
3.28 2.52
2.71 1.34
1.08 1.30
3.80 2.45
4.84 3.48
2.42 1.49
3.36 2.99
3.98 3.51
2.14 1.38
3.31 3.60
1.09 3.13
1.34 3.06
1.33 3.15
2.47 3.73
4.58 2.52
1.52 2.90
1.22 3.71
1.22 3.70
2.68 3.24
1.58 2.18
4.63 3.18
4.27 1.57
1.30 1.92
2.45 2.34
4.23 4.33
2.04 2.37
2.90 2.71
2.02 4.06
3.97 3.74
3.45 2.83
4.24 4.31
4.50 2.53
1.83 3.25
3.12 4.96
2.91 3.69
2.89 4.18
4.89 1.18
4.34 2.07
3.91 4.91
3.89 1.33
4.55 3.79
3.72 2.30
2.69 1.67
2.12 1.86
4.79 2.60
4.89 3.03
2.17 3.96
3.30 4.20
1.44 4.01
1.18 3.29
1.90 3.58
4.78 1.02
3.23 2.74
4.59 1.75
3.02 2.58
3.42 3.72
2.56 3.61
3.08 1.04
1.14 1.83
1.10 1.10
4.98 1.27
1.37 4.33
4.72 3.44
3.86 2.41
3.10 4.18
1.42 2.70
1.33 2.27
2.96 4.10
1.91 2.57
3.59 1.32
3.05 2.43
3.75 4.50
3.44 4.82
2.86 4.93
3.52 3.91
4.92 3.73
3.54 3.72
2.98 4.72
4.00 1.12
3.70 3.00
2.81 3.22
4.93 1.00
2.82 4.68
3.77 2.78
2.43 1.08
2.63 1.72
3.60 2.17
3.39 3.81
4.85 4.06
4.23 1.52
2.67 3.02
2.55 4.56
4.30 1.08
1.96 2.94
1.05 1.60
4.61 1.02
4.84 4.83
2.75 2.83
3.37 1.32
1.17 4.50
4.98 1.53
4.78 3.41
3.16 4.00
1.84 1.32
4.75 1.05
2.08 1.04
2.86 1.32
3.44 3.94
4.00 1.27
4.27 2.19
1.98 2.54
2.36 3.60
2.01 4.86
3.72 1.66
3.77 1.36
2.71 3.93
1.07 4.22
3.05 2.56
3.76 1.99
1.85 3.60
2.13 3.02
1.38 2.95
4.72 1.52
3.98 1.37
1.27 3.79
2.21 2.92
3.15 2.48
1.48 1.83
4.97 4.27
3.28 2.81
1.96 2.68
4.51 1.07
3.00 1.73
1.41 4.32
4.63 2.33
4.61 4.50
2.87 2.13
2.52 3.42
3.15 1.46
2.98 2.15
2.71 3.32
3.98 4.59
1.30 1.62
2.91 3.68
4.49 3.04
1.38 3.42
3.52 2.99
3.19 4.40
2.41 3.03
4.97 1.13
4.83 4.71
2.02 2.54
2.45 1.94
3.71 3.83
2.22 1.69
2.16 4.96
1.89 2.45
4.32 4.38
4.76 3.67
4.78 3.80
2.72 3.17
1.29 1.49
1.01 3.82
4.90 2.99
1.81 2.75
3.00 3.88
2.98 4.58
1.87 3.26
1.79 4.85
4.24 4.28
3.11 2.03
3.58 2.56
3.42 1.38
4.10 5.00
1.57 2.68
4.09 2.48
1.54 4.57
1.43 1.86
2.42 3.67
3.26 3.65
3.16 3.32
1.07 2.26
1.83 4.49
2.05 2.63
4.00 4.52
4.90 2.11
4.96 3.14
4.14 3.34
3.96 4.59
2.88 3.40
4.64 2.79
3.46 1.48
3.75 2.01
4.28 3.22
4.56 4.00
2.33 1.06
1.34 2.20
2.17 1.94
2.01 2.42
1.85 3.44
4.19 3.33
1.29 3.36
2.85 1.07
3.09 2.02
2.25 4.54
4.55 4.54
1.95 3.12
2.86 4.92
3.46 3.09
2.18 2.10
3.49 4.34
4.62 4.85
2.71 4.04
4.75 2.86
4.61 1.08
2.08 4.62
4.25 2.82
2.20 3.33
2.68 2.84
2.41 3.24
2.18 2.36
3.92 4.15
3.65 3.55
4.31 1.16
1.28 3.13
4.17 1.93
1.91 2.36
4.00 3.82
4.69 1.86
1.86 2.47
2.91 2.21
2.39 3.68
4.61 3.11
4.92 4.04
1.05 3.03
4.36 2.17
4.78 1.55
2.30 4.48
2.28 3.54
1.59 1.69
4.66 1.19
3.87 2.96
1.58 2.90
3.73 2.97
4.20 3.31
1.22 4.00
2.97 1.95
3.42 4.05
1.06 3.38
3.59 4.74
2.23 1.28
1.95 2.21
1.30 2.66
4.11 3.05
1.88 1.96
3.01 5.00
1.19 4.92
4.33 1.33
4.74 4.08
3.39 1.69
3.29 1.78
2.34 1.70
1.37 3.10
2.04 3.48
2.53 3.27
2.60 1.45
4.01 4.93
2.35 1.54
3.20 3.00
2.48 2.40
4.19 1.87
3.10 1.44
4.81 4.56
3.82 1.04
4.47 4.33
2.91 4.90
3.63 4.64
2.63 3.09
3.79 4.45
3.62 3.41
1.84 1.36
2.88 3.41
4.67 4.54
3.43 4.80
1.23 1.30
1.83 4.85
3.78 4.39
3.32 3.13
3.19 3.88
2.77 2.97
4.19 2.49
3.46 3.11
2.03 2.42
4.44 4.24
4.74 3.14
3.17 3.36
3.54 2.57
1.26 2.64
2.83 2.48
3.21 3.69
1.43 3.42
1.51 4.27
4.23 3.48
1.83 2.82
1.92 4.08
3.53 2.88
2.00 2.84
1.50 1.62
3.03 3.00
3.22 1.99
4.16 1.89
3.65 4.29
4.63 2.64
2.84 4.39
2.41 2.46
2.31 2.63
2.18 1.04
4.33 2.78
3.28 1.75
4.16 1.79
1.90 4.79
3.26 2.40
4.08 1.20
3.71 2.61
4.36 2.78
4.59 3.22
1.12 1.42
3.11 4.99
4.41 1.55
2.32 2.68
2.51 4.17
3.45 1.35
4.23 3.38
2.23 4.59
3.01 3.31
2.97 2.69
1.51 1.96
3.79 1.07
3.19 3.96
2.97 4.29
3.55 2.93
2.43 3.11
4.48 1.69
2.99 3.46
3.23 1.98
2.35 4.79
4.33 2.75
3.94 2.54
1.76 1.83
2.83 2.68
4.94 3.55
2.76 3.45
4.01 2.83
2.42 1.29
1.95 4.20
3.34 4.99
1.42 2.52
2.01 4.38
4.52 4.23
1.28 3.29
2.27 4.71
4.87 4.77
3.09 1.43
1.08 4.51
2.36 3.67
1.04 2.56
2.28 3.99
1.57 4.17
1.72 1.87
3.83 2.38
1.38 2.70
2.03 4.36
2.61 4.73
4.02 1.56
1.63 3.48
2.77 1.03
4.36 1.11
3.48 1.95
4.90 1.09
2.71 2.73
4.12 2.81
3.66 3.08
1.03 4.08
1.75 2.95
1.38 1.69
4.88 3.54
2.22 2.04
4.37 1.41
1.17 4.06
1.78 2.23
3.95 3.11
2.28 2.58
3.71 2.57
4.77 4.42
4.74 2.78
2.66 4.57
1.64 3.38
2.98 2.13
2.14 2.00
1.65 4.82
2.41 3.05
4.46 3.88
3.37 1.65
3.78 1.73
3.01 2.51
3.20 1.28
2.05 1.28
4.88 4.56
4.76 2.90
2.67 1.54
1.31 3.32
1.19 4.84
1.08 4.53
3.37 3.41
4.69 4.51
4.35 3.59
4.19 3.72
2.38 3.41
1.30 1.89
2.76 1.54
1.52 2.77
2.01 4.15
4.57 1.04
3.08 4.69
1.90 1.83
1.79 1.48
4.96 3.87
2.51 2.47
4.17 2.04
4.90 4.19
2.06 1.74
3.38 4.75
2.33 2.47
3.16 1.06
2.48 1.10
2.83 4.87
2.05 2.39
1.75 3.13
2.89 1.57
3.11 1.17
4.31 1.42
1.79 1.68
2.59 3.49
1.22 2.12
1.26 3.05
3.89 4.04
3.05 3.02
1.44 1.31
2.02 4.01
4.92 1.67
4.75 1.70
3.53 1.66
3.47 1.01
4.95 2.55
4.80 2.54
4.09 1.08
1.72 3.50
2.71 4.38
3.60 1.70
1.79 4.81
1.35 1.75
2.57 2.63
2.08 1.70
2.13 2.72
4.22 4.90
1.20 4.00
3.75 1.21
2.40 2.91
4.68 4.54
3.16 1.07
1.13 1.41
2.28 1.71
3.18 4.13
3.32 1.09
2.75 2.04
3.04 3.53
3.16 4.04
3.61 2.45
2.34 4.93
2.69 4.75
1.04 4.55
3.85 1.70
4.35 4.34
3.91 4.81
4.17 2.33
4.09 2.93
1.44 3.78
4.30 4.99
4.88 1.01
4.48 2.15
4.09 4.67
3.61 3.93
3.11 1.28
1.79 4.55
3.92 4.55
3.67 4.32
3.93 1.09
2.82 1.40
1.03 4.06
1.48 1.83
4.58 1.39
3.72 2.22
2.68 2.64
1.34 4.83
2.91 1.95
1.46 3.18
1.88 3.90
4.44 1.88
4.37 4.92
4.54 1.34
1.02 4.82
3.70 3.42
1.07 4.37
3.05 1.62
3.29 3.68
4.42 4.89
2.14 1.55
3.34 4.09
2.83 2.74
4.40 3.53
3.06 2.32
1.33 4.61
2.48 2.76
4.22 2.13
2.93 2.24
1.55 2.31
4.08 3.30
3.22 2.01
3.56 1.86
2.29 4.81
2.09 3.87
1.93 4.50
1.33 3.69
3.71 3.05
3.57 1.90
4.51 1.14
3.60 3.45
1.25 4.20
3.29 4.60
3.87 1.93
2.59 1.01
3.40 4.78
2.94 4.64
1.14 3.83
4.76 1.62
1.98 2.39
1.22 2.76
4.04 2.83
2.32 2.90
4.10 2.18
1.94 1.31
1.93 1.85
3.04 4.09
3.87 2.50
4.63 1.62
4.05 3.69
3.04 3.18
1.11 1.67
3.00 3.40
4.64 3.34
4.56 4.23
3.07 4.69
1.77 1.03
3.62 2.89
1.53 2.68
2.44 1.45
3.01 4.85
4.41 1.34
4.97 4.89
1.67 1.38
2.65 4.45
3.57 4.55
4.86 3.59
2.78 2.28
2.40 3.86
3.83 1.57
2.67 3.72
2.88 4.00
3.46 3.90
3.31 2.64
1.21 2.14
4.40 2.88
1.51 3.42
2.38 3.21
3.78 1.78
2.27 3.54
3.28 4.71
2.91 3.08
3.54 1.68
3.16 1.96
2.15 4.87
3.52 3.00
4.89 1.55
4.94 2.56
3.11 4.28
3.55 2.12
3.90 4.19
1.46 4.89
4.53 4.24
1.19 4.31
3.52 4.43
2.82 5.00
1.09 2.60
4.67 2.82
4.59 2.12
2.26 4.97
1.32 1.60
3.91 1.47
2.43 1.50
1.85 1.54
2.04 2.79
3.48 3.60
4.03 4.70
2.05 1.48
3.15 1.17
2.32 1.16
1.61 3.74
1.32 4.61
3.23 3.43
3.06 1.02
3.48 4.56
4.94 4.15
1.18 4.43
2.32 3.00
4.13 1.64
3.11 3.09
2.45 4.84
2.97 4.66
4.41 2.76
3.62 2.52
1.12 2.04
1.63 1.28
1.67 4.20
5.00 2.57
2.33 3.21
2.35 2.17
2.75 2.27
1.51 1.72
2.37 2.71
3.93 1.73
1.83 3.29
3.98 1.33
4.88 2.68
1.57 4.37
1.81 3.79
1.74 3.03
4.51 4.94
4.53 3.61
3.29 1.41
3.62 3.89
2.41 3.22
4.37 4.67
2.01 1.91
1.33 3.01
3.04 1.62
1.48 4.76
4.59 4.90
3.34 2.30
2.58 2.49
2.51 2.39
1.43 3.79
4.22 1.34
4.36 3.57
2.27 3.89
4.83 4.45
3.85 2.94
1.81 1.55
4.96 4.47
4.99 4.11
3.43 3.23
2.05 3.95
4.01 2.03
2.00 1.06
2.50 1.06
4.92 4.44
1.60 3.10
4.51 2.51
2.17 2.47
4.37 1.54
1.12 1.02
3.18 3.37
4.64 4.92
1.05 1.71
3.44 3.68
3.54 1.28
4.05 3.21
3.10 4.94
2.57 1.23
4.45 2.40
1.08 3.60
1.83 3.75
1.30 4.75
4.82 1.64
2.14 2.27
1.53 3.66
4.58 4.41
2.57 1.64
1.49 4.40
3.81 2.14
1.11 4.21
2.71 4.21
1.28 2.16
3.88 4.08
4.93 3.65
4.45 4.56
1.85 1.92
1.19 4.75
1.62 1.57
2.20 4.01
3.19 4.74
3.79 4.31
4.65 2.45
4.36 1.53
3.89 4.79
2.78 2.84
4.70 2.39
2.79 1.80
4.68 3.45
2.26 1.94
3.36 1.05
2.89 2.09
4.58 1.98
3.24 3.96
4.12 2.88
1.10 1.78
2.97 4.28
4.73 4.71
2.02 3.78
1.76 2.63
1.61 2.84
2.59 4.87
2.84 4.59
2.27 1.75
1.82 1.31
3.45 1.99
3.28 1.59
4.30 3.44
4.88 4.72
3.99 2.16
4.88 1.28
2.11 1.60
4.88 4.92
3.20 3.27
3.29 3.75
3.73 1.21
4.05 2.20
3.75 2.97
3.56 3.89
1.98 4.25
