14.14
7.45 9.55
7.37 9.98
8.59 6.02
8.48 9.11
9.04 8.56
7.73 6.54
9.15 7.91
5.31 7.12
5.02 8.48
6.89 9.14
6.31 7.49
5.99 7.70
5.11 7.61
8.23 5.87
6.97 7.50
7.62 8.75
8.54 6.54
8.56 9.54
5.13 9.02
8.60 7.27
7.67 5.01
8.10 5.36
5.19 9.46
7.59 5.78
7.84 8.56
7.10 8.68
5.18 6.79
9.28 8.04
5.91 5.87
9.73 9.30
7.95 6.81
7.94 6.24
6.66 9.03
6.78 9.69
5.19 6.04
6.36 7.54
7.00 5.16
5.34 6.02
9.83 9.54
8.52 9.50
9.57 9.21
9.54 6.89
8.93 8.83
6.09 5.04
8.33 8.67
8.00 6.19
5.45 6.54
9.70 8.72
5.13 7.64
9.56 7.46
8.40 5.72
7.43 7.63
7.31 8.58
5.46 8.55
7.08 7.68
9.16 6.21
7.93 6.42
7.00 6.75
6.60 8.92
6.54 5.57
6.14 6.11
9.38 5.39
7.94 8.57
9.74 9.39
6.75 5.74
8.28 9.69
7.03 9.26
8.47 9.35
9.10 8.62
7.32 5.47
8.72 5.49
5.62 9.61
6.62 9.26
5.46 5.81
7.69 9.72
8.62 5.99
9.92 8.85
5.07 6.84
9.59 8.01
9.54 6.58
7.08 7.82
7.16 5.36
6.93 7.75
6.27 7.17
6.61 8.67
6.89 6.87
5.53 6.78
8.45 5.68
9.21 8.88
8.64 9.09
8.68 9.14
7.97 6.42
6.30 9.90
5.97 7.32
7.14 9.01
5.16 5.85
8.96 9.29
8.39 9.07
9.65 5.75
8.06 8.24
7.68 9.65
7.80 6.70
9.74 9.06
8.35 5.40
9.23 8.88
8.85 8.22
5.82 9.63
8.86 6.30
8.36 7.78
8.84 7.41
7.98 6.81
8.64 8.35
8.23 7.32
8.67 5.83
5.90 6.17
8.16 8.51
9.80 8.80
8.05 5.41
8.74 6.11
8.06 8.73
6.57 6.83
9.07 6.82
9.16 8.59
6.37 6.21
7.29 5.93
8.69 9.64
9.52 5.98
5.47 5.43
5.71 8.10
6.82 7.05
5.14 6.38
5.84 5.19
7.38 9.65
8.04 8.78
5.09 6.93
5.52 9.91
5.08 7.13
6.23 7.19
7.81 5.16
9.95 5.90
5.39 8.30
7.40 7.99
9.74 5.01
8.42 9.54
5.51 5.25
7.79 7.85
6.53 5.50
9.37 5.41
5.36 8.28
9.88 7.93
7.67 5.94
8.32 8.86
6.46 5.06
5.83 8.16
6.50 8.12
8.07 8.61
5.17 6.24
8.63 8.62
9.04 7.05
7.55 6.30
9.46 9.54
7.84 5.56
6.05 8.05
6.45 6.14
8.99 5.85
7.82 5.75
9.18 9.30
9.35 8.98
5.37 7.09
7.77 9.23
8.33 5.18
9.27 6.59
9.88 6.64
8.96 6.78
8.38 6.98
6.56 7.90
7.89 9.78
6.00 9.50
9.93 8.78
5.75 5.39
9.89 7.33
5.08 9.42
9.88 7.65
8.73 6.15
5.81 7.45
8.37 6.02
8.82 8.42
9.35 7.96
5.11 6.30
5.23 5.03
8.53 9.68
5.27 7.66
6.62 5.07
6.76 6.97
9.28 8.79
9.81 9.62
8.37 6.52
6.82 9.27
7.51 5.00
6.96 8.89
8.75 5.96
8.76 6.88
6.15 6.01
9.86 9.69
6.78 7.58
8.25 7.73
5.76 9.56
8.47 5.98
5.22 8.23
9.00 5.58
6.02 7.83
9.14 7.41
6.98 7.28
9.44 8.85
8.53 8.87
9.35 9.96
5.97 7.09
9.42 5.76
7.76 5.22
7.84 6.96
5.28 5.23
7.63 6.72
8.59 6.36
5.93 7.38
6.49 5.45
6.25 6.69
5.01 7.95
7.56 9.41
5.35 6.06
6.06 6.26
5.58 6.73
6.70 8.99
5.22 5.27
6.01 6.42
8.03 6.57
6.81 8.68
5.96 9.59
7.94 8.27
5.97 7.18
8.68 8.88
7.20 7.29
8.08 5.26
7.45 8.31
8.82 9.49
6.20 5.65
8.30 6.76
6.21 8.63
7.19 6.56
6.56 6.47
6.43 7.76
7.41 9.40
8.97 9.31
5.75 5.90
6.11 6.30
6.52 9.76
6.61 9.64
5.13 5.83
7.83 5.84
5.58 6.32
9.46 7.20
7.67 5.19
9.29 6.56
7.81 6.14
9.58 9.38
5.00 6.00
9.20 5.51
7.62 8.52
8.70 6.88
6.17 10.00
5.04 6.85
9.22 7.05
7.21 6.81
7.24 8.14
6.55 9.80
8.50 9.95
7.88 6.42
6.92 6.41
7.94 7.95
8.87 7.51
7.63 6.80
9.39 7.60
7.97 5.11
8.22 7.20
7.29 7.34
7.42 5.14
8.50 8.79
5.19 7.94
5.64 7.64
9.27 5.95
8.21 8.91
9.41 6.35
9.77 5.28
9.86 6.12
9.42 5.59
6.42 9.04
5.72 8.56
7.51 8.74
7.37 5.85
9.38 6.42
8.95 5.07
8.92 5.15
7.28 5.73
5.79 9.33
6.02 7.84
6.38 6.62
6.13 5.10
8.96 6.67
9.64 7.37
7.28 5.03
6.98 9.12
9.76 7.81
5.83 8.76
7.43 7.20
5.10 6.27
5.89 5.32
7.97 9.71
5.91 8.83
6.56 9.29
6.98 9.42
8.97 6.20
5.24 5.29
5.72 6.45
9.93 7.21
8.71 9.13
7.12 7.68
9.89 6.99
5.39 5.53
5.67 6.10
5.18 8.87
5.25 5.82
7.48 7.92
7.28 9.19
7.42 5.56
9.56 8.53
9.90 7.23
5.40 5.48
7.21 8.38
8.38 9.47
8.09 6.73
9.03 8.57
8.06 8.73
7.77 6.54
8.28 8.72
8.13 5.39
8.60 6.83
7.85 7.72
5.30 6.11
8.14 9.05
5.46 7.15
7.42 5.63
7.68 8.40
6.57 9.46
7.86 8.22
6.73 7.65
9.42 5.05
8.81 5.13
9.29 5.47
6.08 5.33
9.29 5.15
6.90 5.27
7.45 6.68
9.72 8.16
9.72 8.87
6.11 7.97
5.43 6.04
5.33 7.92
8.61 7.23
5.38 6.38
7.74 9.04
6.06 6.20
8.47 7.92
9.04 5.95
6.60 6.56
7.86 8.71
8.92 6.44
8.46 7.20
9.79 8.07
6.54 6.62
9.38 7.73
8.32 9.60
7.85 9.64
9.95 6.02
5.38 9.92
8.88 8.49
9.35 9.14
7.03 8.07
8.00 8.09
6.35 8.20
9.69 7.05
6.76 8.68
7.25 7.05
5.17 5.71
9.62 7.56
6.18 7.60
6.42 8.51
6.92 5.59
6.22 5.93
8.00 8.32
5.76 9.17
7.12 7.97
5.37 9.33
9.61 6.26
9.93 7.68
7.10 7.82
5.71 9.61
6.32 8.98
5.17 9.36
9.74 9.89
5.71 7.65
8.26 8.45
8.06 9.28
8.83 9.90
6.29 5.41
6.19 6.69
9.39 9.95
8.15 8.99
8.21 7.66
8.27 7.27
7.47 6.78
7.75 9.43
9.09 7.06
5.46 6.36
6.83 5.16
5.91 6.10
6.76 7.13
9.98 8.55
9.32 9.60
6.71 9.35
6.44 9.16
7.34 8.47
5.87 6.49
9.34 6.13
5.71 5.30
8.47 5.94
8.49 8.28
6.48 7.50
7.57 6.13
5.22 8.25
8.40 8.22
5.31 7.00
7.77 7.63
8.22 9.69
7.13 5.98
6.19 5.41
9.36 8.29
7.76 9.61
9.13 5.62
9.91 8.93
8.18 8.77
9.33 6.44
5.24 8.98
6.00 8.79
9.55 7.43
6.85 6.51
7.96 8.30
5.68 6.78
7.65 6.42
7.83 7.72
5.52 8.60
9.37 7.29
5.04 9.49
5.90 9.17
8.00 6.29
9.72 7.83
6.58 8.39
7.57 9.52
5.19 6.96
7.70 6.01
7.63 6.72
5.99 7.60
6.79 6.25
5.28 7.61
8.07 5.53
6.21 5.46
7.20 9.31
9.53 6.20
9.88 6.97
7.25 5.05
8.07 5.35
9.33 6.20
7.10 7.95
7.74 6.09
8.24 5.13
7.02 7.75
8.39 7.45
8.22 8.82
6.80 5.41
8.55 7.45
8.63 7.02
9.16 6.81
6.33 5.81
7.12 5.90
7.18 5.59
5.42 5.89
9.74 9.58
6.29 8.78
6.84 5.67
8.66 6.91
5.08 6.12
9.98 9.67
8.52 9.46
5.83 5.97
9.24 9.32
8.02 8.95
8.21 9.54
7.94 7.19
7.54 7.17
7.00 9.55
8.82 5.19
9.62 9.33
7.60 8.99
7.66 6.26
5.84 6.37
6.11 8.70
6.85 8.35
6.12 6.92
7.05 9.01
5.82 7.13
9.68 5.61
7.49 9.79
7.58 6.20
7.60 5.14
6.24 5.53
6.89 7.72
8.15 6.27
8.21 6.44
6.02 6.36
8.85 6.13
5.33 9.94
6.78 6.32
6.05 8.41
7.57 7.82
8.97 5.06
9.16 7.78
9.24 6.15
6.47 9.08
8.27 8.60
6.53 5.26
5.07 9.07
7.14 7.70
9.23 6.85
8.65 7.42
5.96 8.00
8.62 9.82
7.20 6.00
8.49 6.37
8.73 9.63
9.38 8.77
5.01 6.72
6.30 7.11
7.01 8.46
5.80 5.15
7.75 7.14
7.32 7.31
6.77 6.23
6.71 9.04
7.23 5.59
8.58 8.60
8.10 5.81
5.38 6.07
9.78 9.90
6.61 6.90
7.81 6.96
6.20 5.44
7.70 7.05
8.96 5.62
8.81 8.39
9.63 9.52
5.69 7.61
8.82 6.66
8.17 6.22
5.36 5.40
5.13 6.19
8.28 5.61
7.13 5.57
9.78 5.49
9.81 9.84
6.81 8.48
7.81 8.02
5.05 5.20
8.70 8.05
8.11 8.93
7.15 9.01
8.52 7.16
6.71 9.01
9.47 5.88
5.44 5.68
7.17 7.54
6.64 8.02
9.24 7.84
7.41 6.46
8.44 6.50
5.71 5.34
8.94 6.42
5.72 5.49
9.50 5.80
7.33 6.91
8.24 7.89
7.42 5.82
8.92 7.95
9.16 7.58
6.87 7.67
5.67 6.73
5.27 7.65
5.41 7.97
9.09 9.16
9.75 6.85
9.03 7.41
7.05 6.98
7.29 9.34
8.15 5.71
9.97 5.28
5.41 8.52
7.89 9.89
5.37 8.07
8.80 9.43
5.28 7.16
8.59 8.99
9.60 6.13
7.80 9.93
5.43 8.61
7.71 9.90
9.52 6.32
6.56 9.75
5.32 7.25
7.01 8.90
9.76 8.49
5.37 8.15
8.29 9.23
6.39 6.46
5.84 6.51
9.60 5.82
7.55 5.75
9.29 6.47
5.70 5.78
5.14 7.32
7.75 7.57
9.63 9.99
6.01 9.00
5.93 7.93
5.93 7.83
6.83 5.85
7.87 8.24
5.96 7.84
7.19 6.84
6.90 7.09
7.70 7.26
9.36 8.20
6.36 8.31
8.99 8.05
5.40 9.45
8.43 9.64
8.38 8.15
7.69 8.49
7.99 8.05
5.69 5.12
6.42 7.99
7.97 7.28
8.41 6.34
7.42 5.35
7.73 6.88
5.64 9.32
5.09 6.96
7.18 6.05
8.81 5.82
7.69 5.85
9.64 5.73
9.27 7.80
7.52 6.20
7.89 9.27
5.58 6.46
8.14 5.29
6.02 9.27
9.39 5.16
8.03 9.67
6.24 9.18
9.76 5.07
7.42 5.08
9.88 9.23
8.85 9.97
8.90 5.63
6.18 5.36
6.65 7.29
5.69 9.44
9.94 8.29
5.55 7.95
8.31 9.10
5.56 6.64
6.34 6.46
9.23 6.08
7.54 5.52
6.34 6.52
8.40 6.14
7.41 8.25
5.35 7.26
8.81 5.66
8.85 8.01
8.09 5.80
5.98 6.31
9.41 5.67
6.69 6.04
7.68 5.15
9.49 6.01
7.82 6.20
8.37 9.77
7.48 7.32
6.56 7.68
6.86 5.67
6.40 8.77
9.14 8.53
6.23 7.80
8.28 9.18
6.78 8.96
8.26 6.80
8.76 6.25
9.32 9.14
8.07 6.76
6.63 5.89
6.78 6.91
6.11 5.68
5.79 8.25
9.94 9.06
9.37 8.74
6.33 9.72
7.61 6.89
8.77 6.48
9.84 6.26
9.70 8.41
5.52 9.30
7.28 6.26
9.26 9.78
6.19 8.36
7.74 5.36
5.01 5.36
9.05 6.99
8.04 8.59
9.38 9.55
8.46 7.94
7.14 8.75
8.03 6.46
6.89 7.15
5.59 9.87
8.60 8.13
7.41 5.84
7.75 9.95
7.34 9.50
7.64 8.02
8.65 8.21
8.21 7.45
6.75 5.84
9.45 8.99
8.90 8.61
7.83 5.79
7.33 6.84
6.30 5.06
6.53 9.59
6.08 7.72
8.81 6.29
8.73 6.68
9.53 7.50
7.41 8.53
9.29 9.67
8.98 6.04
5.47 6.78
7.53 8.74
9.56 9.92
9.76 6.42
9.20 9.19
9.72 5.79
6.03 5.86
8.16 8.37
5.61 6.11
6.37 8.25
5.53 6.95
5.23 6.84
6.17 8.24
7.27 7.19
5.95 9.41
8.58 9.55
8.98 8.42
7.18 5.64
8.52 9.93
6.00 8.15
8.49 9.45
6.75 8.50
8.16 9.61
9.87 5.12
7.36 5.02
6.86 6.15
5.05 6.77
8.08 5.35
8.84 8.20
7.84 6.61
6.74 8.71
8.47 7.87
9.82 8.02
6.27 7.18
6.02 8.72
5.22 9.17
5.39 6.24
8.25 7.72
6.61 5.76
6.54 6.09
7.48 7.24
9.31 9.08
9.35 5.71
9.70 7.20
6.09 5.54
7.48 6.40
8.42 9.07
5.20 8.18
7.95 6.56
7.02 8.10
7.83 6.53
8.65 7.63
8.88 7.55
6.94 7.98
5.08 9.76
9.66 6.23
6.98 6.79
9.27 8.73
9.87 6.37
8.69 8.27
5.45 5.48
8.75 6.61
7.27 8.91
8.84 5.98
9.85 7.95
6.38 8.26
5.55 9.26
6.01 8.13
5.85 7.10
5.90 6.80
5.71 5.89
6.74 5.77
9.95 8.21
8.34 5.78
5.51 7.81
9.78 9.26
6.63 5.48
6.07 5.58
7.32 5.19
8.31 6.83
7.02 7.05
9.00 8.27
5.20 7.90
6.09 6.25
9.90 5.23
6.85 8.11
8.09 9.52
7.19 7.57
7.70 5.23
7.77 6.21
6.90 5.63
5.05 5.84
5.87 6.75
9.57 8.98
9.97 6.33
7.85 9.28
5.68 8.95
6.40 6.33
7.14 9.24
8.61 9.34
6.35 5.96
9.60 6.91
9.40 5.64
9.56 5.70
9.13 5.74
8.22 8.77
6.91 8.31
6.41 5.06
6.68 6.99
5.22 5.15
9.82 6.33
9.85 9.13
7.80 9.59
7.42 6.41
7.20 7.86
7.33 8.56
8.60 5.42
7.87 5.26
5.91 8.63
9.82 5.32
7.33 7.89
5.87 8.72
7.41 9.80
9.26 7.99
6.69 9.41
6.18 6.65
6.74 5.19
8.84 9.92
8.30 7.49
9.91 7.62
9.06 9.27
9.34 7.15
5.60 6.43
6.19 9.45
5.66 8.27
6.12 8.75
7.42 7.60
9.70 7.90
7.30 8.32
7.53 8.69
5.88 7.90
5.45 8.11
9.17 5.55
6.78 9.60
8.52 6.85
8.61 9.79
7.88 9.45
5.69 5.01
5.69 9.35
8.25 8.43
7.40 7.02
9.65 7.84
5.66 7.17
5.06 5.91
6.75 6.50
9.86 9.32
5.98 8.58
9.74 5.24
8.72 5.56
9.61 8.55
6.00 6.83
9.43 5.42
5.21 5.48
8.20 9.41
6.64 9.25
6.30 8.53
5.82 8.54
6.77 7.54
9.83 5.26
8.47 7.65
7.72 7.65
7.05 6.55
6.11 7.53
9.59 5.22
6.01 8.08
5.00 8.78
5.40 7.10
9.78 7.77
5.13 7.56
7.61 7.11
6.93 9.20
6.98 9.38
7.97 7.44
7.45 5.79
5.81 8.01
8.70 7.08
5.73 8.40
5.82 9.27
9.74 9.75
5.70 8.18
7.71 6.00
6.38 9.41
5.78 9.66
5.33 5.26
6.60 7.20
7.84 7.57
8.29 9.94
8.26 6.12
5.97 5.34
9.93 9.58
5.45 6.53
9.04 7.22
7.86 7.47
8.72 7.45
7.83 9.42
6.64 5.11
9.87 8.96
8.24 8.40
9.05 6.88
7.92 7.05
7.15 6.63
6.65 7.57
9.52 5.72
7.73 7.83
5.97 8.10
6.56 7.32
5.66 5.52
5.90 6.39
7.03 5.83
5.40 7.31
8.26 6.38
7.62 6.87
7.54 6.19
7.64 5.52
9.74 5.79
9.74 5.00
7.70 9.61
7.42 6.90
6.51 6.43
7.05 7.22
8.34 9.38
6.05 7.44
8.80 8.24
8.62 5.74
7.50 7.97
5.04 7.75
6.51 8.91
