14.14
3.05 4.45
1.47 3.72
1.16 4.73
3.63 1.15
1.23 4.03
2.26 4.40
4.75 4.27
3.46 2.83
3.53 1.81
2.84 3.62
1.72 2.44
2.24 4.69
2.26 4.36
3.16 4.11
3.65 1.45
3.02 2.03
1.38 2.97
1.34 4.94
2.37 3.70
2.94 4.79
4.10 2.50
4.15 3.99
1.76 1.11
2.71 3.83
4.78 3.80
4.88 4.77
1.79 4.16
4.37 2.01
1.29 2.31
2.76 2.53
3.49 2.06
4.29 1.36
4.96 2.64
3.47 1.68
4.41 1.96
1.20 3.06
2.23 1.92
5.00 1.65
3.30 4.85
4.34 1.59
3.27 3.73
2.46 1.04
1.60 4.15
3.41 3.71
1.50 1.21
1.95 3.25
2.38 2.42
3.31 3.65
1.36 1.32
3.12 3.38
4.38 2.28
3.54 3.12
4.30 2.93
2.71 1.73
1.83 1.03
3.24 1.63
4.28 2.37
4.41 1.56
1.61 3.03
1.55 3.59
4.81 1.54
1.57 2.39
2.44 1.25
4.41 1.77
2.70 1.91
4.02 4.82
1.76 4.12
1.54 1.63
4.68 1.60
1.44 3.68
4.88 1.11
2.58 3.99
4.05 1.02
4.71 3.82
4.13 1.18
2.20 4.54
1.41 3.88
3.56 1.35
4.50 3.40
1.13 1.85
2.74 1.52
3.94 2.43
1.64 3.98
3.02 2.22
4.85 1.02
1.50 4.57
2.57 1.10
3.89 2.93
3.38 3.20
4.64 2.54
1.07 3.59
4.28 4.53
3.62 4.93
1.35 1.81
4.07 2.94
2.76 3.49
2.99 1.80
1.42 3.65
2.92 4.80
2.82 1.92
3.66 3.74
2.27 2.72
4.03 1.17
2.08 3.67
2.24 1.49
3.91 3.44
2.64 1.71
1.51 3.53
4.70 2.48
3.25 1.84
4.29 3.33
1.81 4.92
3.76 4.15
3.41 1.19
3.55 2.32
2.60 2.61
4.78 1.30
2.12 2.23
2.90 2.32
1.45 4.00
3.36 1.19
4.85 2.08
3.09 4.41
2.68 3.44
2.77 1.43
4.89 4.95
1.91 2.50
2.66 1.20
4.35 2.02
1.92 4.41
2.75 4.45
3.60 3.47
4.96 4.71
3.29 2.52
3.80 3.98
4.77 1.05
4.82 1.17
1.57 3.67
3.41 1.76
4.94 1.06
1.59 4.81
2.62 2.15
2.30 3.02
2.97 3.41
4.03 2.10
3.69 3.56
4.23 3.69
4.45 2.40
3.43 4.02
1.84 4.96
1.82 2.62
3.29 2.93
1.67 3.55
2.11 3.86
3.08 2.01
4.10 2.00
4.41 1.77
3.92 3.04
3.37 3.21
4.32 2.88
4.26 2.62
4.85 3.18
4.41 2.45
3.96 2.46
4.22 4.74
2.51 4.41
2.95 3.45
3.77 1.43
4.50 4.46
3.61 2.63
4.75 1.36
1.88 3.65
4.89 4.58
2.80 3.86
4.56 1.27
3.68 4.30
3.68 4.60
2.57 4.36
1.63 3.49
4.86 3.34
3.51 1.38
2.68 1.74
1.58 4.95
4.53 1.74
3.06 1.87
4.44 3.01
4.04 2.94
2.25 3.11
2.85 2.63
4.22 4.55
4.83 4.41
1.97 4.00
2.29 4.08
3.73 4.06
2.41 1.25
2.65 1.77
2.02 3.98
1.27 1.48
2.99 4.59
4.47 1.11
2.84 4.22
1.40 2.98
4.16 4.62
4.65 2.10
1.19 1.46
1.51 2.84
1.63 3.00
1.59 1.09
2.47 1.40
2.60 3.44
4.64 2.26
3.31 4.99
2.28 1.56
4.61 2.32
2.77 1.40
1.13 4.54
2.68 4.31
3.86 4.23
3.73 3.93
2.35 4.98
3.70 2.74
2.76 1.27
2.85 1.65
4.96 1.65
3.18 3.44
3.43 1.20
1.82 2.52
2.17 1.17
3.06 2.69
1.40 4.71
3.34 3.64
1.68 1.51
1.38 1.92
4.93 2.01
1.43 3.90
1.64 1.59
1.94 1.26
2.25 3.34
3.80 3.39
2.04 3.94
2.94 2.89
4.21 3.83
4.25 1.83
3.61 2.85
2.65 4.92
2.60 3.41
3.43 1.37
3.03 3.61
1.25 3.67
1.60 3.91
1.76 3.99
2.22 3.29
3.03 2.98
4.84 2.47
1.20 2.77
2.89 4.60
4.02 2.46
1.26 1.01
1.32 3.24
1.93 3.41
3.25 1.35
2.32 1.05
4.48 4.15
4.76 3.30
4.77 3.73
3.93 1.74
1.77 3.92
2.40 3.82
2.58 4.00
3.39 4.16
4.14 4.00
3.18 1.80
1.49 4.21
2.88 1.85
4.65 1.38
3.05 2.46
4.29 4.08
3.77 2.74
2.22 3.62
3.27 1.55
4.14 1.56
1.17 4.28
2.75 4.58
1.43 1.30
2.45 2.57
1.17 4.99
2.06 4.06
2.75 3.49
1.34 3.70
4.09 4.25
4.38 3.86
3.36 4.34
4.82 4.75
2.16 3.58
3.04 1.17
2.72 4.55
3.90 4.70
4.98 3.13
2.97 1.87
2.79 1.13
1.68 4.10
3.29 4.73
1.70 4.86
1.13 4.53
3.55 1.37
2.21 1.22
2.35 1.63
1.49 1.52
2.79 4.03
4.56 1.25
1.52 4.49
3.12 1.39
4.52 4.49
1.52 3.51
3.41 1.66
2.44 3.96
4.26 3.14
1.05 3.39
1.10 2.35
2.05 4.93
2.24 2.67
1.54 4.17
2.36 4.38
3.05 3.06
3.48 2.14
2.89 1.61
2.91 1.32
1.35 2.80
3.00 4.84
4.66 4.09
2.48 3.56
2.12 2.63
4.05 2.44
1.44 3.27
4.56 4.65
3.05 1.01
2.69 3.40
3.05 3.23
1.35 4.92
2.50 4.05
4.77 2.33
3.78 1.19
2.56 1.95
1.20 4.75
2.47 3.99
2.12 1.83
3.71 1.90
3.65 4.08
2.57 4.88
1.46 4.07
2.62 3.18
1.93 1.61
3.52 3.93
3.02 4.59
1.65 4.54
1.85 4.03
3.53 3.38
3.48 2.84
2.43 2.94
4.38 1.23
2.78 1.26
2.64 1.72
4.53 3.53
4.22 4.33
3.88 2.53
3.58 2.90
1.01 4.79
4.33 1.28
3.73 4.46
4.68 4.80
4.21 3.38
2.50 2.48
2.98 1.15
3.79 4.23
4.53 3.73
2.60 1.90
4.12 4.79
4.13 3.68
1.95 2.74
4.63 4.40
2.41 2.64
4.17 3.39
2.67 4.88
4.27 2.47
2.82 1.27
2.90 2.09
2.77 3.86
2.01 3.19
4.99 3.02
4.95 3.45
1.45 4.23
2.57 2.79
3.58 4.31
2.83 2.33
3.31 1.16
2.63 3.25
3.84 2.63
2.84 1.75
2.66 1.56
1.66 2.69
1.88 3.97
1.86 4.68
3.18 3.00
3.87 3.79
3.47 3.45
3.59 1.59
3.74 3.50
4.04 1.97
4.77 4.88
3.50 3.82
1.96 4.56
3.16 3.74
2.90 2.10
4.91 1.81
4.19 2.73
4.85 2.76
1.70 1.76
1.65 4.10
3.52 1.85
4.31 2.10
2.71 4.44
3.58 2.25
4.48 3.34
2.84 4.28
4.43 1.66
2.52 3.65
2.03 4.83
1.68 3.56
2.24 3.84
4.82 3.12
3.55 2.26
2.17 3.96
1.87 2.71
2.00 1.50
3.38 3.81
4.06 3.64
4.69 1.07
3.98 4.18
4.70 4.94
2.92 2.99
4.01 3.66
4.12 1.47
4.15 2.78
4.40 3.15
4.30 3.84
2.48 1.98
4.11 1.07
2.45 2.23
4.83 1.95
2.91 3.00
2.08 2.07
1.17 2.04
1.50 3.98
3.96 2.79
3.84 2.51
1.39 2.52
2.26 2.48
1.46 4.91
4.12 4.04
1.63 2.68
4.13 2.27
4.77 1.56
3.29 1.30
4.57 3.37
1.05 2.98
2.29 3.96
1.87 3.95
4.76 4.49
4.61 2.89
4.67 4.73
3.27 1.89
2.53 2.09
4.84 2.08
2.89 2.40
4.69 3.97
2.00 3.97
3.22 3.52
3.85 2.91
4.52 1.42
3.98 3.22
3.06 3.92
2.67 2.32
4.17 4.30
1.80 2.17
3.28 3.09
4.17 3.48
2.73 4.21
4.86 4.45
2.94 1.53
3.02 4.97
4.25 1.50
3.81 1.44
4.42 1.15
4.67 1.06
2.20 4.35
4.27 4.85
4.56 4.73
2.80 4.91
2.78 3.86
4.95 1.71
3.86 2.93
1.37 3.89
1.81 2.47
1.13 1.55
4.83 2.75
2.93 1.09
2.60 2.02
3.24 2.04
3.69 3.96
1.31 2.07
3.71 2.61
1.63 4.77
4.55 3.48
2.36 2.78
2.13 4.64
1.29 1.63
2.17 4.39
4.88 3.74
2.41 3.23
3.40 1.26
4.48 3.30
3.30 4.46
3.58 1.28
3.71 2.20
3.03 2.93
2.41 1.10
4.38 4.43
2.49 4.11
4.40 1.63
3.61 3.50
4.47 2.33
2.12 1.75
4.83 4.48
2.98 4.35
4.24 1.20
1.06 3.01
3.18 2.07
2.61 2.84
2.89 2.23
2.11 1.75
4.29 3.29
1.59 1.50
3.41 4.91
1.95 4.80
1.94 2.23
2.02 4.47
2.11 3.64
1.77 1.67
3.63 3.86
2.48 2.10
1.28 2.87
3.85 2.53
4.11 2.12
4.26 3.87
4.77 4.94
4.13 2.92
4.00 1.45
4.84 2.83
4.91 2.09
3.40 2.78
2.59 1.25
1.96 3.28
2.62 4.70
1.33 4.20
2.84 4.23
4.67 1.01
3.23 3.13
1.92 1.51
3.92 2.35
4.76 1.90
3.70 1.44
4.50 2.21
1.28 3.06
2.97 1.97
3.81 2.14
3.00 2.18
3.42 3.74
1.35 4.96
3.10 2.43
1.49 3.78
3.59 2.93
2.19 2.33
2.04 2.96
2.83 2.32
1.39 2.31
2.85 1.74
3.18 3.64
4.31 3.37
2.61 2.01
4.96 3.16
4.90 1.47
3.25 2.51
2.29 1.17
1.33 2.36
1.36 2.92
4.32 3.96
1.21 4.38
1.00 3.06
3.29 3.98
1.63 3.67
