14.14
2.40 9.11
1.14 5.13
4.00 8.00
3.01 5.89
3.84 6.94
4.52 7.02
2.45 9.00
4.84 5.26
3.15 5.02
1.11 5.21
3.53 5.22
4.40 5.59
4.25 7.67
1.30 9.24
3.58 7.80
1.08 5.99
4.69 9.36
2.39 7.19
1.88 6.48
3.56 5.65
4.76 8.52
4.45 9.82
4.89 8.73
4.34 6.12
4.35 9.72
2.50 8.72
1.42 9.09
2.68 6.81
2.00 5.37
3.44 9.58
3.22 5.07
4.85 5.52
3.09 9.14
1.11 8.22
2.80 7.60
3.58 7.14
1.30 9.41
3.85 8.17
4.94 9.99
3.65 5.07
2.62 7.65
2.01 9.74
1.65 5.91
1.32 5.76
1.95 7.56
3.70 6.82
1.15 7.74
2.82 8.47
3.42 7.14
4.30 9.10
2.63 8.33
3.46 8.30
4.60 7.39
3.99 8.30
1.23 5.15
2.44 6.94
1.81 6.96
4.83 8.51
1.11 7.10
1.22 6.66
2.52 9.10
3.59 6.91
3.04 5.76
2.29 9.59
4.07 7.87
1.97 7.37
2.32 8.73
2.30 5.39
2.95 7.08
4.35 5.71
1.56 9.16
2.37 6.61
3.50 6.83
2.61 6.65
4.00 6.93
3.53 7.47
4.51 8.44
4.44 8.69
2.06 7.92
4.15 8.04
2.58 5.02
2.36 9.44
4.62 9.29
1.25 6.68
4.55 6.20
2.05 5.26
3.84 9.80
2.60 5.52
2.08 6.66
1.16 5.04
3.05 5.52
1.46 9.26
2.52 9.43
3.26 9.62
4.38 7.56
2.95 9.49
3.22 6.21
4.02 9.19
3.79 9.53
3.76 7.38
1.42 8.04
4.25 7.50
2.10 9.00
4.31 9.43
4.85 6.27
1.10 7.96
1.72 8.02
1.04 6.70
1.20 9.50
1.72 7.75
3.61 9.64
3.92 9.53
1.61 8.90
1.02 7.66
4.32 7.88
4.89 5.82
2.22 5.25
1.59 6.27
1.44 5.58
4.27 7.39
1.14 7.56
3.48 8.49
1.46 5.14
2.90 9.88
4.69 9.02
4.00 9.88
4.33 9.04
4.99 8.23
2.31 7.60
1.09 9.13
4.67 7.73
1.57 5.88
2.13 9.82
2.54 7.48
2.01 9.10
1.38 6.99
4.40 7.27
4.50 5.16
1.93 9.80
1.10 7.36
2.89 6.91
3.73 6.09
2.51 5.07
3.87 6.05
1.42 7.31
4.80 8.37
1.98 9.82
3.90 5.66
1.64 9.35
4.84 9.27
3.97 5.07
4.14 5.83
3.28 6.07
3.14 9.86
2.18 5.19
2.86 5.51
2.87 7.57
3.89 5.40
3.00 7.28
2.04 5.93
2.17 8.19
1.69 9.15
1.80 5.80
3.43 7.38
2.45 9.54
3.95 8.28
1.48 6.33
3.26 9.27
1.75 8.87
1.80 6.95
2.92 8.92
1.39 8.99
1.17 8.96
1.73 7.71
2.00 7.46
1.81 6.66
3.53 6.56
3.47 9.02
4.80 8.12
2.46 8.62
4.30 7.98
2.40 7.26
1.66 5.72
1.17 9.43
4.16 6.40
4.02 8.66
1.73 8.53
1.64 7.62
1.18 7.01
2.68 7.07
2.55 7.96
4.34 7.49
1.79 7.01
2.13 5.33
2.49 6.09
4.30 9.70
2.80 9.09
4.22 8.90
4.58 9.97
2.53 5.41
1.40 8.01
1.06 6.80
1.26 8.21
3.10 9.39
3.46 6.25
3.22 6.09
2.97 6.24
4.70 9.00
1.19 5.91
1.15 7.51
1.99 8.28
4.58 7.34
4.33 5.45
2.35 5.90
4.19 9.93
1.80 9.81
1.95 5.75
3.64 5.54
2.47 6.76
3.60 9.77
1.13 6.65
2.87 6.66
2.39 5.58
3.86 5.22
1.47 6.07
3.64 5.59
3.69 6.05
3.51 9.66
1.80 5.26
3.09 7.34
2.37 6.89
3.76 6.42
3.97 9.68
2.53 5.68
2.88 6.85
4.08 7.26
4.16 6.81
1.03 6.92
3.13 7.22
1.79 6.98
2.51 7.70
1.47 9.93
3.99 8.45
3.19 7.27
3.59 6.08
3.43 6.20
3.82 5.29
1.03 9.27
4.45 9.45
2.27 9.94
3.73 5.44
2.35 5.23
4.76 8.30
2.91 9.43
2.27 8.55
3.43 6.52
1.91 5.58
1.49 7.30
3.05 8.31
1.87 5.76
3.34 9.89
1.52 8.28
4.07 6.66
4.65 7.79
1.25 7.09
3.80 9.68
2.26 5.54
3.93 9.91
3.73 6.30
2.46 5.70
4.06 7.72
1.75 8.40
1.58 7.53
4.64 8.11
1.50 9.56
1.27 9.35
2.83 9.31
4.09 7.18
2.46 9.70
3.56 8.40
4.24 6.11
4.11 7.76
4.90 9.17
1.80 9.73
1.78 6.48
2.25 6.81
1.42 9.40
1.82 6.53
3.36 9.06
2.14 9.95
2.13 5.87
2.82 5.82
3.79 5.08
2.79 5.73
4.12 6.76
1.17 7.15
3.37 6.80
4.92 7.69
1.51 6.61
1.18 5.86
3.89 8.12
2.41 5.45
2.40 6.77
1.79 7.64
1.59 9.38
4.62 7.36
4.65 5.48
4.99 7.68
4.79 9.88
3.69 8.51
2.90 6.50
4.89 8.80
1.77 7.80
2.33 9.03
4.59 6.82
1.33 9.02
4.67 8.52
2.50 9.06
1.67 9.90
2.95 5.78
4.73 8.53
4.32 7.83
1.43 7.27
1.54 9.62
3.05 8.28
1.60 5.70
1.37 7.73
4.67 6.96
1.89 8.91
1.50 9.03
1.52 9.22
2.35 7.53
2.67 8.61
4.49 9.32
4.95 5.19
4.77 8.29
1.95 5.83
2.22 9.10
2.15 8.18
4.82 7.16
1.32 8.00
3.57 8.18
3.81 9.67
4.50 5.69
4.52 5.18
4.27 5.53
3.75 6.63
4.93 6.59
3.79 9.79
4.57 7.89
2.55 6.24
4.93 7.85
2.73 9.62
4.20 7.65
3.60 6.73
2.06 6.59
3.71 7.47
1.21 8.82
2.15 8.29
3.00 7.13
4.96 7.20
1.87 6.11
1.06 9.50
3.14 8.87
1.56 7.15
2.16 8.29
3.78 5.83
4.35 5.84
1.46 8.16
2.24 8.49
4.35 7.92
4.65 6.14
4.54 9.50
4.20 5.13
2.97 8.99
2.91 5.58
2.08 7.68
4.53 8.47
4.77 6.40
2.26 6.29
2.55 8.77
1.75 9.17
4.46 9.20
1.24 7.01
3.01 6.81
4.51 6.19
4.51 9.30
2.42 8.42
2.18 6.35
2.59 8.02
3.44 5.51
1.65 7.68
4.43 9.27
4.18 7.11
3.94 5.71
1.51 8.06
4.67 6.39
3.85 8.76
3.38 8.64
2.11 5.29
