14.14
7.74 7.95
9.43 6.49
7.28 5.96
5.70 6.77
5.03 7.30
5.04 6.04
5.32 8.19
5.90 5.48
8.17 6.13
7.96 5.30
7.31 6.64
8.04 5.95
9.28 8.03
9.35 6.91
7.18 8.08
5.75 5.83
8.43 5.61
7.88 8.02
7.30 6.62
7.85 8.77
6.52 8.79
7.03 8.37
6.62 5.59
8.91 7.48
7.89 5.28
5.13 8.44
7.15 8.06
7.61 5.96
5.33 9.04
8.71 8.87
7.24 7.61
9.25 8.02
6.41 9.08
5.80 8.75
6.01 7.19
9.39 5.05
6.31 6.92
7.25 6.46
9.94 5.14
7.64 7.42
8.62 7.51
5.32 8.17
8.53 8.77
6.14 5.36
6.72 9.56
9.89 5.16
7.36 6.96
9.01 5.95
9.63 7.39
9.27 7.65
8.13 9.67
5.14 9.58
7.71 7.93
8.31 8.66
6.47 8.54
7.80 5.15
9.35 7.40
8.28 8.23
9.55 8.70
6.14 9.69
6.53 8.74
8.94 8.94
6.80 8.59
9.45 9.30
8.16 6.98
9.44 5.53
8.34 5.48
6.77 9.57
6.22 5.91
6.20 7.19
6.81 5.80
5.31 9.83
6.36 5.98
6.88 7.73
9.77 5.69
7.61 6.90
5.40 9.06
6.00 9.64
5.92 8.23
8.52 5.24
9.85 7.63
8.89 9.84
9.61 5.27
9.44 6.68
5.51 6.55
7.08 5.71
9.66 7.91
8.31 9.01
9.61 7.32
9.13 6.46
9.27 6.00
5.30 9.18
8.15 5.65
7.72 6.12
5.51 8.11
5.31 7.99
7.41 9.66
9.40 5.69
7.90 5.06
9.61 9.41
9.80 7.12
5.26 8.20
6.81 5.76
5.27 8.81
5.36 6.36
6.55 6.65
8.86 5.99
7.16 6.01
6.76 6.98
5.92 6.21
7.42 6.55
8.79 9.71
6.63 7.39
5.87 8.11
8.05 8.57
9.17 6.77
7.39 7.74
7.50 8.98
9.38 5.26
9.44 5.45
5.03 7.96
8.71 5.76
6.68 5.14
9.11 8.45
9.54 6.72
7.41 7.35
6.37 8.68
7.90 7.60
5.84 8.79
6.51 5.56
5.93 5.84
5.77 8.26
5.45 8.91
8.50 9.10
5.21 8.80
9.51 7.94
5.34 7.20
9.08 5.70
5.96 5.24
5.96 9.70
6.58 6.86
5.22 8.58
8.05 8.56
7.82 7.26
6.71 6.46
9.33 9.72
6.87 8.02
9.48 9.99
6.12 5.20
7.66 8.88
7.67 7.90
6.54 7.14
9.65 5.99
7.12 8.19
9.01 5.88
8.72 6.89
6.38 7.10
5.89 8.73
8.46 7.38
7.50 7.31
6.24 9.81
9.78 6.52
5.25 8.55
5.59 7.13
8.79 5.34
7.11 6.79
5.55 7.09
7.08 5.92
5.62 5.85
6.55 6.41
7.54 6.15
8.02 9.16
8.86 5.47
8.19 5.89
9.51 8.07
8.50 5.29
9.95 8.51
9.76 8.37
5.48 5.46
8.76 7.60
8.69 8.41
5.96 9.48
9.31 9.10
7.68 5.71
9.07 7.01
9.98 7.90
9.18 7.65
8.85 6.93
9.50 5.21
7.94 8.12
5.83 6.02
9.99 9.69
6.47 7.14
7.79 7.73
9.11 9.96
8.32 6.96
6.66 6.34
5.80 8.15
8.56 6.27
5.47 9.21
9.07 8.69
9.69 8.71
5.24 8.69
6.58 7.47
9.77 7.94
9.20 5.40
7.91 6.16
5.04 8.41
8.20 6.21
5.47 6.83
8.22 6.31
9.97 9.63
5.23 7.74
7.49 6.12
5.73 8.21
5.12 9.39
9.37 5.68
9.77 8.78
9.77 9.77
9.14 6.68
8.84 7.97
6.65 7.85
6.39 6.26
8.21 8.31
8.36 9.29
5.16 8.73
5.12 7.93
8.51 6.28
5.93 7.82
9.17 7.65
6.08 5.70
7.00 9.71
5.98 6.20
9.35 8.61
9.79 5.29
5.54 7.18
6.50 7.97
9.19 5.16
7.70 6.41
9.32 6.10
9.22 6.47
8.95 9.58
8.22 9.72
7.08 7.54
7.86 9.68
5.50 8.06
8.90 5.84
6.63 5.66
6.05 5.89
7.29 7.12
6.87 6.55
5.59 7.58
7.35 5.88
9.87 7.35
5.84 9.84
8.47 5.43
6.59 9.04
8.87 7.13
9.18 6.67
7.42 8.89
7.48 6.84
8.19 5.03
9.97 8.52
5.30 7.43
7.99 8.20
7.89 5.82
9.90 5.96
5.88 8.04
6.22 7.96
7.00 6.65
5.54 9.96
7.36 5.30
5.60 5.49
8.30 5.52
6.34 8.72
6.50 6.88
9.67 6.95
7.76 6.18
5.26 9.00
7.00 8.94
7.87 5.91
8.04 9.23
9.06 7.50
7.00 7.09
9.88 8.24
6.56 5.79
6.55 8.66
6.85 9.63
7.63 8.60
9.73 6.27
9.35 6.84
9.41 6.50
5.06 6.81
6.55 7.94
5.95 6.88
6.61 8.09
7.00 8.96
5.55 6.47
6.18 8.46
7.03 9.63
9.95 9.14
5.81 7.41
9.25 5.79
5.69 8.14
8.65 9.00
8.64 5.57
5.07 5.38
8.43 9.93
8.57 8.65
7.97 5.60
9.60 6.24
9.33 8.21
5.82 8.54
8.65 9.17
6.23 7.43
6.29 6.31
7.10 8.30
8.21 9.78
6.49 9.99
5.66 8.47
8.62 9.75
8.77 7.82
9.75 5.71
8.38 6.39
9.22 7.59
7.06 9.65
7.62 7.05
6.29 5.84
9.04 7.37
6.91 5.68
5.08 8.48
8.29 9.00
6.48 6.77
9.54 8.76
6.68 5.74
7.76 9.54
7.31 7.37
8.50 5.36
7.42 5.99
8.29 8.38
6.20 5.44
7.19 8.35
9.00 7.85
6.53 9.68
6.98 6.30
8.25 6.35
8.55 6.67
6.99 7.66
9.40 8.36
5.29 5.99
8.12 6.59
9.85 6.17
6.27 9.00
8.62 9.52
9.52 7.34
9.16 9.06
6.19 5.68
8.10 6.61
5.27 9.62
5.14 5.86
8.22 7.10
7.28 5.29
7.71 9.75
5.26 8.34
6.28 5.28
9.28 8.38
9.63 9.77
5.35 9.93
7.08 5.81
6.23 7.87
5.85 6.15
8.15 5.97
6.89 9.70
5.20 6.01
6.71 5.99
7.69 9.43
8.46 6.54
9.90 8.18
5.37 6.16
9.61 7.53
5.81 5.00
8.59 8.81
7.33 6.91
8.39 6.25
5.82 7.76
9.96 7.78
6.68 7.70
8.90 5.90
6.84 9.34
5.01 6.20
9.82 9.61
5.88 7.07
5.63 6.72
9.09 6.48
8.85 9.24
6.20 7.65
5.40 8.42
9.65 8.05
7.78 6.09
9.99 7.82
