14.14
6.52 1.91
6.28 4.34
5.02 3.08
8.36 4.77
9.15 3.81
7.13 1.63
9.80 2.26
6.26 4.86
7.84 2.85
5.22 3.00
9.84 3.09
7.40 3.77
8.85 4.44
7.56 2.47
7.71 3.09
5.61 4.53
5.54 2.75
6.80 5.00
8.30 2.81
6.17 4.09
5.36 1.78
6.50 2.44
6.98 3.51
9.24 4.34
6.59 4.29
7.16 2.22
7.38 3.02
5.57 4.18
9.76 3.32
6.09 3.78
9.37 4.86
7.77 4.24
5.36 4.09
5.23 2.60
9.61 1.14
7.32 4.63
5.40 1.06
7.46 3.10
7.66 2.16
8.20 1.36
7.78 3.83
8.26 2.21
7.35 3.35
9.65 3.84
8.66 2.77
5.46 2.68
9.29 4.51
6.63 1.08
9.24 2.04
6.53 4.25
6.33 1.82
7.76 1.01
9.62 4.81
8.83 1.59
5.58 1.71
7.02 4.50
8.73 4.49
9.51 2.96
6.21 3.08
6.42 4.57
5.35 4.60
8.14 4.85
9.15 2.89
8.35 2.31
6.85 3.23
6.20 2.32
5.46 1.56
7.37 4.00
8.14 2.72
9.05 4.32
6.91 1.39
7.75 1.03
9.94 2.32
7.00 3.78
8.15 4.22
8.83 2.98
6.32 4.72
8.50 1.62
6.30 3.72
7.11 3.62
8.15 4.09
9.74 4.74
5.16 4.39
9.75 4.02
5.03 4.46
6.08 2.80
7.07 4.71
5.62 2.58
9.61 2.17
7.15 2.05
7.25 2.66
6.33 2.38
9.56 3.19
8.38 3.03
6.25 2.75
5.78 3.29
8.51 3.06
8.56 2.30
7.56 1.03
8.15 3.50
8.72 2.20
8.56 3.11
8.80 1.18
5.36 3.88
9.37 2.40
8.12 1.07
5.93 4.05
6.54 1.71
5.65 3.18
8.81 3.88
6.32 1.86
7.83 1.39
5.08 1.87
7.05 1.02
7.74 1.28
7.71 2.40
8.73 2.14
8.14 4.55
6.52 4.84
8.72 2.39
6.27 4.70
7.58 2.90
9.53 4.70
8.03 1.54
5.01 3.02
8.01 2.84
5.68 4.20
5.48 3.96
9.39 3.82
5.86 3.43
9.06 3.41
8.99 4.60
8.57 4.97
8.21 3.14
6.93 1.98
8.27 3.05
6.07 4.76
6.58 2.10
7.27 1.42
9.47 2.93
6.53 1.17
5.70 2.45
6.52 2.32
9.17 4.25
6.26 4.99
6.51 2.86
9.64 4.53
7.63 1.37
9.95 3.42
8.70 4.25
5.83 3.70
7.45 3.94
7.67 4.10
9.80 4.64
9.39 2.44
5.00 3.44
7.34 2.23
8.59 2.25
6.51 3.30
8.17 4.84
8.91 2.50
7.20 2.82
5.17 3.93
5.37 3.78
8.17 4.71
7.25 4.09
6.23 3.57
6.86 2.95
8.94 2.79
6.98 3.62
5.54 3.25
5.79 2.05
8.87 3.95
7.12 4.82
7.58 2.87
7.55 4.88
5.31 3.80
9.89 1.28
7.93 3.54
7.30 4.18
8.87 2.13
6.62 4.37
7.67 4.28
6.82 1.54
8.62 1.20
5.65 4.20
9.43 3.53
7.93 1.07
9.16 1.23
8.49 2.84
5.79 4.56
6.30 4.27
5.82 4.87
8.63 3.97
7.06 1.24
5.30 2.61
5.90 3.45
8.30 3.77
6.82 1.22
6.12 1.35
