14.14
7.47 8.66
5.91 8.23
7.99 8.97
5.35 7.93
8.44 9.24
9.29 5.11
7.19 6.04
8.11 7.33
8.63 5.78
9.89 5.53
8.95 7.28
8.78 8.51
8.22 9.53
7.78 8.22
7.23 8.89
8.58 5.42
5.51 6.59
8.91 9.65
6.21 6.62
5.05 7.74
9.40 5.69
7.51 9.90
7.12 6.85
8.08 7.63
7.41 5.11
9.53 8.15
9.27 8.40
7.15 5.45
6.80 9.75
7.62 8.92
8.63 6.52
5.76 6.02
7.89 5.39
9.44 6.77
8.37 7.18
5.54 8.81
9.64 8.83
7.21 8.02
7.27 5.38
8.58 6.32
8.87 8.37
7.75 9.70
8.07 8.11
7.86 6.36
6.01 5.83
8.58 6.86
8.96 8.41
6.90 5.05
6.01 7.07
6.73 5.89
7.78 8.31
5.97 8.81
9.85 9.68
8.26 7.44
9.89 9.89
8.52 9.60
7.88 7.47
7.78 9.13
6.52 9.64
7.60 9.11
7.85 7.63
8.38 9.27
7.06 7.81
8.58 8.83
6.36 7.88
8.84 9.05
9.77 5.47
5.23 9.12
9.04 7.08
5.88 7.02
6.84 8.52
8.08 6.61
5.86 8.89
5.99 5.89
5.58 8.79
9.70 5.71
9.22 9.51
7.03 7.90
9.35 9.01
8.18 5.94
8.76 6.79
6.58 6.29
7.59 9.30
6.01 8.45
8.07 8.92
9.85 6.56
5.80 9.40
8.11 5.92
9.68 7.72
6.47 7.75
7.53 6.91
8.82 6.59
6.13 7.28
6.73 9.71
6.65 8.10
8.93 9.34
5.91 5.13
8.78 9.18
9.51 9.19
5.18 7.82
9.46 9.64
5.04 8.19
7.75 7.11
5.80 8.22
6.77 8.04
6.84 5.02
8.77 5.16
6.95 6.17
9.14 6.23
7.96 8.85
7.26 5.04
6.20 9.75
9.07 7.58
8.64 5.59
7.28 8.15
5.41 6.73
8.46 9.05
8.19 8.86
5.65 5.28
6.59 5.38
6.49 9.42
5.36 5.90
8.81 9.93
5.63 9.60
5.01 5.62
6.96 9.83
6.34 6.88
5.05 5.23
5.11 9.33
6.52 5.72
5.78 8.89
8.00 5.55
5.35 7.24
5.91 9.28
9.48 5.54
7.35 5.63
7.78 9.77
9.21 8.14
5.60 9.58
9.46 5.91
9.68 9.24
9.28 7.04
6.45 7.37
9.00 7.06
9.73 9.53
8.84 9.35
8.88 6.20
7.00 9.25
9.01 5.89
8.93 8.93
7.37 7.70
5.78 5.10
7.98 9.41
9.08 6.94
7.00 7.47
5.79 7.23
7.41 7.29
9.70 5.38
9.42 7.70
5.14 6.88
6.97 5.99
8.28 9.38
6.63 5.51
9.56 7.26
6.72 5.79
7.61 7.39
8.12 6.09
6.13 5.52
7.99 6.38
5.03 9.09
8.59 6.07
5.72 9.36
6.27 9.55
8.38 7.31
9.44 8.55
5.32 5.02
9.93 6.11
5.27 6.59
8.66 7.75
7.57 9.73
5.21 5.54
8.75 7.00
9.90 7.31
6.05 8.20
8.65 7.99
8.52 8.34
7.72 7.56
6.35 8.61
9.75 9.72
8.23 5.95
7.40 8.39
8.79 5.10
7.80 9.10
5.64 5.64
8.83 5.49
5.44 9.88
8.00 6.62
8.55 6.60
5.21 9.07
9.81 9.33
8.31 8.69
5.74 7.12
8.73 5.45
9.24 9.82
9.77 6.09
8.55 9.64
6.48 7.98
5.95 9.97
9.11 9.37
9.61 7.40
6.13 5.21
9.30 7.72
8.93 9.57
6.88 6.65
7.10 5.39
7.70 6.41
6.76 9.07
7.24 9.34
9.52 7.63
5.14 5.64
5.80 8.38
9.95 7.58
8.98 6.19
8.38 8.73
6.19 6.29
6.96 7.41
6.81 5.97
7.28 9.96
7.00 6.58
7.83 5.60
6.66 8.00
6.68 6.01
5.34 6.22
8.66 9.62
9.35 5.53
9.97 7.14
5.36 5.89
5.42 6.83
9.43 7.02
5.18 5.16
5.95 5.07
8.51 5.67
7.85 9.22
6.15 6.21
7.38 5.16
6.44 7.41
6.68 9.00
7.35 7.75
8.27 5.29
7.89 8.61
7.79 9.63
7.09 5.55
5.64 6.87
7.78 5.47
8.89 7.90
5.47 7.31
6.86 9.00
8.80 7.67
6.54 9.92
9.21 6.36
8.77 8.21
6.69 5.42
6.69 9.76
7.06 9.58
5.33 7.30
8.37 9.70
5.07 6.21
5.71 5.36
6.47 9.17
8.29 7.12
5.62 9.21
7.20 8.36
7.21 7.85
5.02 6.68
6.42 8.87
5.30 9.30
6.95 5.24
5.85 7.42
9.09 6.12
9.37 9.21
5.69 8.22
8.63 6.89
8.60 5.25
5.69 8.61
9.51 7.09
6.53 6.59
6.84 5.05
7.21 8.75
9.58 7.60
7.28 7.19
9.43 6.31
9.26 7.85
9.56 9.89
9.87 7.01
6.69 9.74
9.72 6.88
8.05 9.27
8.16 8.91
5.71 9.72
8.49 5.41
8.67 9.56
6.59 6.88
6.86 5.35
7.49 9.53
6.64 6.37
9.97 9.80
9.32 6.80
8.49 9.90
7.18 8.68
5.26 6.14
6.40 5.83
7.31 9.36
7.03 8.50
9.47 9.67
7.71 6.01
9.39 5.79
6.79 9.44
9.36 7.37
6.40 9.05
7.76 6.99
8.09 6.59
9.54 7.12
6.27 5.26
5.79 5.84
5.65 6.02
7.03 8.97
9.18 7.00
8.30 5.16
5.73 8.61
6.42 9.85
5.15 5.69
6.01 7.71
8.58 9.22
6.27 8.26
8.23 8.74
9.24 8.49
8.94 8.49
8.40 6.13
7.85 9.38
8.50 7.30
9.62 5.45
7.96 6.93
6.27 8.47
5.24 6.05
9.68 6.00
8.76 9.84
9.37 8.46
7.99 6.39
9.81 7.89
9.13 6.33
8.94 6.35
9.70 9.62
8.99 9.74
5.13 6.66
6.11 8.18
8.83 6.98
7.34 7.16
9.15 5.11
6.66 9.43
7.69 9.77
6.90 6.10
8.03 8.85
5.27 6.38
8.02 9.85
7.76 9.04
6.24 6.83
7.09 5.27
9.75 7.53
8.60 6.42
5.95 6.16
6.04 6.88
5.49 9.90
6.76 6.74
6.75 9.77
5.79 5.75
9.20 9.03
9.33 9.95
9.54 5.33
5.31 9.33
9.04 5.71
7.87 5.24
9.84 6.75
7.50 8.58
5.40 5.58
5.65 5.21
7.38 5.74
5.18 7.97
6.54 5.81
7.79 5.17
9.97 7.22
5.54 8.88
5.44 6.78
5.38 7.00
5.79 8.62
9.85 6.77
7.75 9.25
6.67 8.72
9.70 9.25
6.89 8.61
6.84 9.15
8.84 6.84
5.26 7.42
9.54 8.59
8.47 7.85
5.91 5.12
5.37 8.88
5.42 5.99
8.63 7.64
8.88 9.16
5.97 6.79
8.61 5.67
9.29 7.71
6.02 8.18
8.04 9.35
5.70 7.73
8.47 7.79
7.14 5.77
9.86 7.66
5.76 9.12
6.60 7.48
6.96 8.39
7.35 7.63
5.06 6.38
8.19 5.70
9.13 6.17
6.82 5.89
8.49 9.77
8.29 5.83
8.50 7.00
5.63 5.92
6.17 5.36
5.24 8.61
5.54 6.13
7.41 7.13
9.52 8.01
6.66 5.68
8.16 9.73
9.91 5.39
7.90 9.18
7.70 8.44
7.33 7.10
9.71 5.23
7.59 5.02
6.05 7.66
9.09 7.52
9.22 9.88
6.69 6.30
5.14 5.82
7.08 8.91
7.75 6.74
5.16 7.92
7.64 5.34
5.50 6.79
9.70 6.93
6.17 7.22
8.03 7.06
9.16 8.24
8.96 9.10
5.49 6.34
9.03 9.62
8.14 6.78
5.13 8.65
7.39 5.21
8.03 6.68
6.08 5.44
8.30 9.89
6.61 8.00
5.91 9.97
7.23 6.42
5.22 9.99
7.13 7.21
6.79 7.88
8.69 7.10
6.38 9.66
9.75 5.57
8.60 9.80
5.51 8.30
9.21 6.85
6.99 7.44
5.67 8.53
7.61 7.01
9.25 6.00
9.55 7.57
5.59 8.62
8.69 7.13
7.39 6.58
5.48 6.15
8.97 5.13
8.46 7.79
7.17 6.05
8.76 5.68
7.01 8.48
6.04 5.29
7.88 8.29
5.87 6.06
8.02 7.24
8.30 5.90
5.04 5.28
9.78 5.91
5.12 7.03
8.39 7.89
6.28 5.59
7.12 8.99
8.87 9.93
5.90 7.51
6.91 9.80
5.67 6.28
9.62 9.98
6.24 9.97
5.62 9.14
5.45 5.13
5.77 6.74
8.27 7.51
7.02 9.78
7.91 8.38
5.14 5.10
5.30 8.10
9.15 6.60
9.10 7.54
8.28 5.54
5.91 9.46
9.96 6.51
8.75 5.34
8.40 5.68
7.17 9.23
8.51 7.42
8.71 9.25
9.16 9.96
9.40 8.80
7.42 5.59
5.24 8.77
7.61 5.53
7.40 8.87
9.67 9.98
5.84 5.62
5.89 8.80
9.73 6.82
8.98 8.68
7.87 7.11
6.61 8.34
8.69 6.52
9.20 8.67
7.13 9.32
7.99 5.89
9.87 8.02
9.54 6.43
5.93 7.89
6.13 8.75
6.52 5.50
8.47 8.22
6.60 5.50
7.95 7.94
5.13 8.15
5.77 9.93
7.33 6.42
9.84 7.64
9.86 9.95
8.01 7.96
8.67 9.63
7.95 7.96
9.83 5.65
9.22 8.39
5.37 8.43
7.57 9.14
9.37 6.26
9.89 8.48
9.18 5.53
5.21 6.52
7.68 8.87
8.39 5.34
9.81 9.09
8.22 6.97
5.62 6.68
5.30 8.06
7.21 6.09
8.13 8.66
8.46 6.55
7.53 5.96
9.89 6.04
9.93 7.39
9.86 7.38
5.01 6.50
9.91 9.08
6.06 8.68
8.46 9.15
9.40 8.09
6.72 8.71
9.90 6.51
9.76 8.58
5.15 8.89
8.07 5.79
9.85 5.43
7.20 8.45
9.71 9.27
7.60 6.71
6.44 9.23
7.69 9.29
5.87 6.61
9.82 9.67
5.99 5.64
7.89 7.95
5.52 7.43
9.69 9.55
5.76 7.52
9.05 9.05
5.22 8.27
9.91 7.79
6.66 7.70
9.21 6.60
5.38 7.67
5.60 5.33
5.90 5.34
8.08 9.18
6.02 8.07
7.18 7.40
8.21 8.43
5.84 8.32
8.39 7.72
8.37 5.84
5.43 7.89
8.72 6.20
7.89 8.85
7.74 5.17
5.67 5.34
5.19 9.76
9.99 9.44
8.34 5.57
9.32 7.51
7.93 9.69
7.27 7.70
6.15 6.62
5.62 6.88
8.03 8.99
6.70 8.93
9.44 7.21
9.52 8.93
9.13 7.23
7.66 6.30
7.36 8.25
5.09 8.20
5.30 7.36
7.53 7.84
7.31 5.97
7.75 6.10
8.05 8.94
7.72 8.67
6.77 9.81
8.92 9.86
8.67 7.20
9.45 8.20
6.89 5.44
8.04 8.44
8.70 9.01
9.76 8.81
5.88 9.23
8.00 7.05
7.46 7.92
9.45 8.39
6.89 7.27
6.39 8.67
6.76 6.81
5.98 5.61
6.17 7.78
6.08 6.78
9.26 7.73
5.61 7.78
8.57 7.40
5.21 5.00
8.10 5.02
5.09 7.77
8.57 7.88
7.43 5.61
6.83 8.81
9.89 7.37
6.56 6.05
9.95 9.97
9.69 7.40
6.74 5.92
6.06 6.05
8.00 5.30
8.79 8.23
9.86 9.17
8.94 9.30
5.41 8.55
5.68 8.45
6.30 9.74
6.98 8.62
7.60 9.00
6.55 7.14
7.12 6.60
9.29 9.51
9.28 8.04
5.85 7.82
7.47 7.36
6.41 7.53
5.41 5.36
5.06 5.82
9.72 8.52
8.12 7.16
5.40 7.13
9.17 6.58
5.20 9.66
8.26 8.83
6.54 8.27
9.75 6.97
6.23 9.44
6.17 6.66
9.18 6.73
9.89 8.18
6.48 6.90
5.44 6.40
7.04 9.39
7.33 9.86
8.86 8.24
7.14 8.53
7.80 5.01
8.58 6.40
6.42 5.28
5.75 8.32
9.82 6.33
7.79 7.73
8.12 8.10
7.32 5.59
7.53 9.27
5.74 7.85
7.19 5.77
5.82 8.34
9.06 8.78
5.19 6.03
6.66 9.96
9.52 5.46
5.85 6.93
5.42 6.53
7.27 7.90
5.82 5.18
5.60 5.05
9.76 8.95
9.62 7.15
9.06 7.10
5.67 8.30
6.36 7.95
8.58 5.83
7.16 6.85
5.72 6.70
8.67 6.70
9.07 8.61
8.99 8.71
9.37 8.66
8.13 5.29
8.88 9.34
5.98 7.78
5.96 8.60
8.21 6.18
5.04 8.24
7.32 9.56
9.95 6.96
9.82 5.13
7.02 7.13
9.69 6.00
6.31 6.99
9.60 7.40
5.65 7.85
8.56 8.27
6.99 8.85
8.73 5.16
8.59 5.08
9.20 8.08
9.43 8.06
6.18 8.19
8.80 6.20
7.24 10.00
9.66 6.38
6.60 6.55
9.25 6.75
9.26 9.25
8.29 9.47
9.27 9.73
7.92 6.71
5.76 5.04
9.64 7.02
5.80 8.31
8.60 8.81
9.50 6.13
9.77 7.35
5.42 5.39
9.38 6.25
9.14 6.42
6.06 9.33
8.16 6.16
6.65 8.86
8.54 9.70
6.72 6.38
7.28 5.36
8.90 7.51
9.21 8.81
5.27 7.91
8.65 8.57
5.85 8.06
8.82 5.90
6.00 5.25
