14.14
4.54 7.80
2.02 5.37
4.29 7.98
4.40 7.31
1.25 9.99
3.99 8.19
1.37 8.32
1.01 7.14
3.86 5.59
2.64 5.02
3.23 7.25
1.58 7.19
2.09 7.28
4.09 9.55
1.15 9.06
3.72 5.37
4.14 8.39
4.34 6.37
4.00 6.06
2.58 7.38
1.98 5.50
1.53 5.77
2.36 6.63
3.97 7.61
4.80 5.72
1.87 9.69
1.87 6.83
1.16 8.01
2.84 9.33
3.61 5.20
4.36 7.22
4.36 6.78
4.77 5.16
4.43 7.91
4.40 7.63
4.69 5.02
4.59 7.12
2.71 9.21
1.99 9.12
3.51 5.75
3.47 6.56
3.98 7.29
4.94 8.26
3.12 5.98
4.37 6.45
4.99 8.18
3.60 5.48
3.62 8.62
2.79 9.59
4.82 9.38
1.67 5.25
3.77 7.58
1.73 9.27
1.36 9.87
3.57 7.17
4.91 5.12
4.00 7.11
4.53 6.44
4.15 8.30
1.73 7.49
3.93 9.06
2.79 7.68
3.36 8.38
4.71 5.42
1.82 6.74
4.06 8.11
1.38 5.64
4.25 7.82
1.11 7.57
1.77 6.24
3.10 7.40
3.35 7.98
1.41 8.39
1.12 6.57
1.36 5.79
2.66 7.93
1.64 8.60
2.15 6.84
1.69 5.02
2.87 7.88
4.36 9.93
4.91 7.92
4.21 8.29
2.25 8.88
1.35 6.33
3.15 5.30
3.33 8.14
4.39 8.08
1.77 8.76
1.98 7.07
2.77 5.82
3.78 7.22
4.84 5.69
3.70 9.64
4.74 6.08
2.37 6.27
4.32 6.67
3.49 8.85
4.72 5.30
2.83 5.42
4.83 7.31
1.02 5.11
4.68 7.02
1.52 9.63
3.28 5.45
3.66 7.65
2.20 5.29
4.91 6.62
1.42 9.48
1.46 9.15
2.20 7.15
2.56 5.06
4.69 5.89
3.47 8.22
3.00 7.49
2.29 6.07
3.53 9.72
1.62 8.62
1.22 9.95
2.70 7.53
2.36 7.44
1.70 5.04
1.23 9.53
2.66 6.80
2.18 8.31
1.74 6.97
3.78 8.22
4.91 8.73
4.09 6.35
3.18 7.87
1.47 6.74
3.47 7.09
1.90 6.49
1.33 8.74
1.66 6.22
1.91 8.88
4.74 9.46
2.30 5.83
2.50 5.35
2.16 7.10
4.14 6.58
3.08 8.94
4.67 9.50
1.02 8.91
4.41 6.37
3.82 7.69
2.53 9.60
4.01 7.31
4.67 6.76
3.05 9.74
3.31 9.95
3.65 5.71
1.59 7.36
2.93 5.66
3.90 5.26
1.89 6.13
2.97 7.85
1.12 7.10
4.04 8.45
1.69 7.78
3.35 9.70
2.58 5.41
3.35 7.12
1.66 9.31
1.73 9.64
1.67 9.74
3.04 7.75
4.52 8.97
2.56 9.64
2.04 9.59
1.78 7.89
3.42 8.53
2.25 9.28
2.56 7.92
4.48 8.03
2.92 7.62
4.07 7.80
2.81 7.58
3.54 5.97
4.52 6.81
1.95 9.22
2.41 9.64
1.29 7.61
3.69 8.76
1.96 5.30
1.70 8.75
3.20 9.76
2.25 8.06
3.86 7.21
4.04 6.71
4.49 6.31
4.99 6.72
1.77 8.23
1.22 6.89
1.89 5.76
2.41 8.42
4.08 5.82
4.28 8.12
3.00 9.07
2.52 5.83
1.78 7.88
3.25 8.24
3.12 8.24
3.54 6.86
3.34 9.05
4.03 8.36
3.97 7.17
4.43 6.49
3.27 9.33
3.97 5.64
2.11 7.68
3.05 7.48
4.52 8.47
4.48 8.02
3.63 9.65
1.01 9.32
3.83 5.79
4.00 6.27
2.67 5.77
2.94 6.04
2.20 6.42
3.78 9.31
2.65 7.40
3.12 9.78
3.64 6.23
3.89 5.55
3.54 9.29
1.43 8.29
2.23 8.74
3.78 8.91
4.06 7.47
3.41 5.74
2.82 8.88
2.83 9.57
4.32 5.36
4.33 7.47
1.30 9.54
1.21 5.72
3.60 9.96
2.29 5.57
3.76 7.96
2.61 8.76
4.85 5.70
2.07 8.55
4.55 5.63
4.98 5.92
2.65 5.21
4.69 9.23
4.47 6.26
2.90 5.02
4.14 7.27
2.65 6.80
3.18 7.83
1.84 7.95
1.67 8.53
1.56 9.78
4.97 5.96
1.74 5.11
4.80 6.83
2.26 7.98
2.07 6.95
4.28 9.82
4.15 5.23
2.14 8.00
4.62 5.34
3.30 7.55
1.00 7.00
3.67 7.83
3.42 6.80
2.66 6.29
1.02 8.26
2.99 7.38
4.60 8.71
2.99 5.66
3.94 6.08
4.42 8.29
4.43 6.72
3.70 8.39
1.70 6.02
3.83 7.15
1.27 7.18
3.69 9.27
2.82 9.53
4.75 7.98
2.96 6.20
1.09 7.87
1.52 7.86
4.08 5.79
4.63 7.73
1.39 7.44
3.34 5.14
1.32 9.35
1.22 9.00
4.50 8.93
3.79 9.81
2.22 7.57
3.75 8.06
1.98 9.90
1.75 9.79
4.67 5.16
1.49 9.38
4.82 9.89
2.27 7.85
3.86 9.48
1.25 9.75
3.39 9.51
4.32 5.08
2.43 6.62
3.82 7.84
1.60 7.17
2.24 6.53
4.64 6.25
2.78 7.26
4.97 8.40
2.44 9.36
2.37 5.80
3.78 8.93
2.82 9.12
2.05 5.10
1.86 5.81
3.48 5.14
2.08 5.19
1.15 8.74
1.13 9.79
4.21 8.58
2.95 7.29
1.18 8.94
4.86 7.73
1.55 6.16
4.04 5.85
3.24 9.47
4.76 9.11
3.00 8.54
1.16 7.51
4.83 8.62
2.21 7.18
4.74 7.61
1.28 5.61
2.80 9.30
3.05 7.77
2.85 5.31
1.97 8.32
3.01 9.08
3.61 6.85
3.88 8.54
3.79 9.60
2.40 5.22
3.53 7.70
1.10 6.16
3.97 9.26
2.17 6.60
2.62 9.38
3.47 5.17
4.78 9.47
3.63 5.14
3.35 9.81
1.53 9.67
2.97 6.64
3.35 5.86
2.10 7.75
3.25 7.18
3.69 8.70
1.33 6.02
4.86 9.35
2.17 8.36
3.31 8.95
4.78 9.70
4.45 6.19
4.74 7.29
2.42 9.04
3.16 5.91
4.98 7.96
1.19 5.82
3.53 9.88
3.09 9.06
4.59 9.08
4.92 6.62
4.79 5.49
4.82 7.37
4.29 5.04
2.73 5.95
2.15 6.02
2.93 5.58
3.74 5.28
2.80 8.37
1.32 7.47
2.74 9.92
1.98 5.74
4.80 6.71
1.93 6.99
1.26 9.41
1.91 5.52
1.07 7.28
1.29 8.55
2.24 8.79
2.45 8.29
3.15 5.91
2.19 5.48
3.95 9.67
3.23 5.27
4.74 7.42
1.99 7.30
3.31 7.72
3.77 8.04
1.19 6.60
1.56 9.55
1.09 5.06
3.97 5.52
2.82 5.75
1.31 6.80
1.77 8.06
1.86 5.70
3.94 9.46
4.85 9.89
2.69 7.22
1.40 9.15
3.01 9.00
3.52 5.19
4.10 6.94
4.43 7.35
1.91 9.77
4.31 9.37
4.93 9.21
1.34 5.24
1.39 6.37
4.44 9.91
1.64 6.70
4.72 8.72
3.12 6.45
1.11 7.52
4.99 6.62
2.53 8.87
1.12 5.44
1.73 7.99
2.38 8.40
4.97 6.14
3.03 5.58
1.03 7.32
2.25 9.02
3.75 8.87
2.18 9.03
4.51 9.99
2.31 6.66
3.70 6.76
2.57 6.03
2.50 6.86
4.18 8.88
3.69 6.18
4.12 5.22
4.31 5.00
2.15 8.46
4.66 5.55
4.08 9.67
2.87 8.40
2.60 5.81
3.64 5.05
3.84 8.27
1.16 9.39
3.76 8.35
1.71 6.45
3.39 8.50
4.93 7.27
2.53 8.43
2.83 9.81
2.32 7.74
3.03 6.47
3.89 7.61
1.26 5.33
3.81 6.52
1.73 8.11
1.57 6.41
4.69 9.63
2.43 8.55
4.53 9.95
3.64 9.81
4.69 7.18
2.20 8.44
1.65 6.01
1.71 5.18
3.74 8.75
3.77 9.20
2.84 8.38
3.26 5.32
4.34 5.01
1.07 8.16
3.70 9.99
3.79 5.86
3.36 9.68
4.45 5.87
4.95 8.32
4.55 7.22
3.41 7.97
4.56 9.09
1.15 6.38
2.30 7.80
2.19 6.94
3.95 9.82
4.09 8.48
2.83 6.16
1.55 6.30
4.67 9.20
3.39 9.49
2.89 6.34
3.43 8.71
4.98 5.55
3.55 7.64
2.24 6.61
4.24 5.43
3.25 7.98
2.05 7.22
4.23 8.24
4.84 9.08
4.32 7.30
1.64 8.53
4.81 7.10
1.91 6.82
4.22 8.07
3.42 9.00
2.48 7.27
3.52 8.15
2.75 6.31
3.98 5.43
2.82 6.82
4.91 8.12
1.65 8.83
1.05 8.60
4.26 7.51
1.40 7.77
3.91 6.45
1.04 7.83
4.79 6.16
4.11 9.98
1.97 9.55
2.78 9.26
2.11 6.78
1.63 5.12
4.26 5.58
4.99 7.73
4.99 8.74
3.38 7.12
2.09 9.65
1.81 8.78
2.47 7.76
1.57 6.88
3.97 5.22
3.71 8.02
2.42 7.24
1.77 6.18
1.65 8.48
2.26 6.87
4.23 9.33
4.69 6.38
4.90 6.07
2.17 9.51
3.29 5.80
3.51 7.76
3.19 7.13
4.85 7.43
1.71 5.51
1.13 6.15
1.52 6.81
1.05 9.05
1.14 6.21
1.72 5.22
2.36 9.82
2.87 8.17
2.21 9.65
3.08 8.60
2.96 8.62
2.57 6.29
4.29 5.64
1.93 7.72
2.19 7.29
2.49 5.08
4.08 6.24
4.93 7.05
3.95 8.17
1.65 6.50
4.95 8.24
3.34 10.00
1.34 9.85
1.22 9.30
1.27 7.90
2.16 9.85
2.83 6.21
4.35 7.06
3.80 8.16
3.82 6.36
2.35 7.33
2.75 8.82
4.42 5.12
2.99 9.91
4.63 9.66
3.45 5.04
4.07 6.48
2.76 6.43
1.92 8.73
1.96 7.54
4.46 6.05
2.82 7.31
