14.14
1.19 1.62
3.19 4.85
1.36 4.99
4.64 4.84
1.39 1.57
2.47 3.88
4.36 4.26
3.63 3.85
4.84 4.99
3.44 2.54
3.79 1.97
2.06 3.99
3.91 2.44
3.37 2.24
4.68 4.72
2.09 1.31
1.13 2.20
1.25 3.81
3.47 1.66
1.65 2.73
1.42 3.49
3.70 4.76
4.86 1.06
3.50 3.78
5.00 4.36
2.23 1.55
2.43 2.64
3.68 2.67
3.36 4.93
2.00 1.93
1.61 3.30
4.01 4.34
1.17 4.01
3.62 1.29
4.66 2.16
2.76 4.93
4.48 3.52
4.37 2.12
2.31 4.44
2.26 4.22
4.19 4.79
2.14 4.57
1.65 4.30
1.32 2.55
1.07 1.29
2.64 1.09
1.02 3.95
1.49 3.70
3.36 1.70
3.11 1.24
3.42 3.29
4.87 2.33
1.18 1.95
2.97 1.55
1.11 3.37
2.48 3.38
2.80 2.12
4.90 4.64
1.14 3.89
1.05 2.05
2.97 4.90
2.57 4.45
2.29 4.05
1.15 1.81
2.46 1.37
4.56 3.66
3.20 4.98
4.42 1.01
2.91 2.90
4.78 2.31
2.24 1.04
1.03 3.54
2.14 2.94
2.78 1.67
2.83 4.26
1.01 2.10
4.11 1.38
2.40 4.31
2.74 3.12
2.48 3.59
2.58 1.38
2.07 4.42
3.20 2.10
2.67 3.13
2.67 1.35
3.25 3.39
2.25 4.98
2.59 2.23
1.50 1.81
4.25 2.71
2.10 2.53
1.17 3.60
1.95 4.04
4.03 3.11
1.12 1.49
3.95 4.21
2.73 2.08
1.15 4.07
2.06 1.37
4.02 4.90
4.96 3.09
2.44 2.56
1.21 2.19
2.16 4.39
4.28 3.56
4.64 3.25
4.04 3.50
2.14 1.83
2.72 2.42
1.54 4.99
2.08 3.87
2.02 1.72
3.47 4.57
1.87 1.66
2.59 3.25
3.25 3.53
4.61 1.76
4.42 4.47
3.69 3.28
4.64 3.62
1.07 2.49
1.79 1.61
4.59 1.99
4.97 1.88
4.80 3.77
1.09 4.35
1.61 4.04
3.16 2.78
2.46 2.44
3.00 1.56
1.47 4.79
1.83 1.14
2.62 4.86
1.67 1.68
4.74 3.59
1.34 4.31
1.76 2.68
4.72 2.17
4.88 2.27
3.89 3.14
3.03 3.58
1.83 3.45
1.56 2.42
4.88 1.33
3.07 2.56
3.21 1.28
4.01 3.54
1.22 1.72
3.01 4.73
2.50 4.76
4.87 1.31
3.52 4.89
4.63 3.21
3.29 3.76
2.33 2.36
4.13 4.70
2.07 1.05
1.83 2.92
1.08 4.76
1.83 2.31
4.02 2.79
3.22 4.27
3.85 2.38
1.12 1.08
2.67 2.57
1.46 1.33
2.00 4.61
4.92 1.95
2.44 4.42
2.84 4.90
2.97 3.51
4.69 3.81
2.75 3.62
4.98 1.38
1.12 1.72
4.75 2.31
1.91 2.76
4.93 1.74
3.71 3.47
2.78 1.77
2.21 1.44
2.75 4.14
4.46 3.81
1.31 3.52
1.55 3.18
3.89 2.21
2.61 4.47
2.13 3.31
1.44 4.47
4.89 3.99
1.87 1.51
4.54 3.29
2.86 3.62
3.62 3.50
1.04 3.05
1.27 1.04
1.82 4.25
4.62 4.13
4.92 4.45
3.00 3.18
1.99 1.09
2.76 1.65
1.07 4.98
3.37 4.10
2.34 1.00
1.81 3.98
1.24 3.54
1.32 3.28
3.10 4.79
1.09 1.74
2.84 3.40
2.78 3.77
2.09 4.79
4.80 4.50
3.41 1.44
4.41 3.29
2.60 1.83
1.26 2.85
1.44 2.06
3.44 2.52
2.89 2.38
4.54 1.29
2.37 1.04
2.44 4.03
2.57 1.71
3.80 3.89
1.32 1.66
2.90 4.41
1.87 3.72
2.90 3.77
3.29 2.22
2.57 3.20
3.06 1.32
1.34 4.46
2.24 3.42
4.30 4.88
4.07 2.02
1.34 2.06
2.05 4.66
1.49 3.74
3.50 4.62
2.10 2.40
2.64 3.71
1.90 1.95
1.11 1.57
3.80 3.88
4.16 2.84
4.67 4.39
3.05 3.01
4.72 2.43
2.68 1.85
2.60 2.81
1.79 3.07
3.84 3.25
4.22 3.14
2.41 2.75
2.04 2.27
2.29 1.55
4.62 3.08
1.01 3.81
4.76 4.74
2.10 3.19
3.91 1.11
4.61 4.70
2.34 2.16
1.62 1.36
4.88 2.60
2.48 1.77
3.20 4.94
3.96 2.18
2.46 4.90
4.43 2.21
4.83 2.70
3.87 1.31
3.49 4.83
3.73 2.81
3.51 4.53
3.51 2.61
1.66 2.76
4.51 1.52
1.83 3.05
4.35 2.78
1.11 3.74
1.36 2.45
4.04 2.81
3.78 3.09
3.41 4.73
4.18 3.78
2.59 3.01
1.65 2.12
1.58 2.39
2.08 3.14
3.77 1.12
3.23 4.64
1.72 4.50
1.26 3.97
1.73 1.26
2.00 2.50
1.96 1.54
4.71 3.24
3.05 4.10
2.50 4.75
3.30 3.34
2.71 2.32
4.77 4.09
4.92 2.73
4.08 3.47
3.93 3.25
2.39 4.57
1.43 1.42
2.59 2.22
2.04 2.07
4.61 2.91
4.10 4.90
1.62 4.86
1.83 3.64
1.20 2.03
4.34 4.97
1.39 4.05
1.48 3.60
3.08 2.35
1.62 2.97
4.72 4.93
1.22 3.82
2.60 4.85
3.60 3.83
2.91 4.07
4.89 4.99
3.48 4.94
1.30 2.24
4.06 2.55
2.66 4.74
2.17 2.06
3.42 2.19
2.44 2.38
3.46 2.95
4.13 2.55
3.49 3.65
4.53 4.67
3.32 4.69
2.83 2.81
1.97 3.54
4.44 4.61
4.20 4.18
2.94 4.33
2.97 3.04
2.30 3.76
3.55 2.62
1.60 1.44
1.70 2.09
4.21 4.71
3.12 1.02
3.01 3.46
4.24 3.28
3.54 2.48
3.26 2.80
2.52 2.21
1.95 4.08
4.04 3.93
1.27 1.61
1.24 4.37
3.94 1.30
2.56 3.41
2.04 2.84
1.47 1.69
3.87 1.05
1.90 3.89
1.48 4.38
1.93 4.70
2.69 3.97
1.51 1.96
1.04 3.16
1.04 2.73
1.51 4.89
2.64 3.80
3.86 2.92
1.40 1.91
4.08 2.91
1.57 4.48
4.65 3.82
1.46 2.13
1.28 2.85
1.66 3.87
2.14 3.29
1.72 2.44
2.97 2.18
3.66 1.37
3.91 2.75
1.48 1.93
3.60 2.41
3.19 4.77
2.68 3.65
3.29 3.62
1.03 4.88
4.71 1.47
3.70 1.35
3.29 2.34
4.85 4.11
3.00 1.33
4.33 2.36
2.55 2.16
3.62 4.59
3.38 1.50
3.66 3.50
3.50 2.31
1.56 4.14
1.67 4.31
4.98 4.40
4.72 3.26
3.82 3.74
1.31 4.70
3.00 1.97
4.06 1.72
2.94 4.95
2.34 4.33
4.93 4.24
1.44 4.42
3.82 4.87
1.94 2.58
2.89 2.19
1.23 3.27
1.54 3.68
3.04 3.94
1.02 3.03
3.56 3.87
3.53 4.78
4.80 1.78
4.77 1.44
2.59 3.95
4.33 4.51
1.45 3.89
1.51 2.29
2.87 3.61
2.48 1.54
1.27 2.14
2.31 1.42
2.04 2.15
1.89 4.85
2.23 1.38
3.69 3.87
4.85 1.12
4.97 4.43
1.98 3.89
1.28 4.20
2.80 2.49
2.05 1.52
4.88 2.67
4.36 2.35
2.43 3.70
2.47 4.75
1.60 1.90
1.02 1.56
2.46 4.20
1.59 2.71
2.07 3.63
4.96 3.88
4.84 3.47
3.33 1.52
3.23 1.22
3.77 3.76
2.02 3.14
2.37 3.90
2.50 4.58
1.54 1.32
3.36 2.98
3.71 4.11
4.26 3.63
1.79 1.66
4.98 1.59
1.64 1.64
4.31 1.15
1.47 3.87
4.16 1.49
1.83 1.67
1.75 3.36
4.14 4.21
4.37 3.48
2.65 3.27
4.95 1.39
4.91 2.95
2.15 3.86
1.39 1.53
3.35 2.04
1.35 1.41
3.92 1.44
3.50 2.42
1.59 2.95
1.05 4.67
1.85 2.09
2.40 2.50
1.72 4.63
1.77 2.58
3.09 1.40
2.27 2.55
4.08 4.40
1.14 2.47
3.20 3.55
1.10 4.99
2.48 2.66
1.69 4.08
4.27 2.82
4.45 2.26
2.37 4.74
2.23 4.34
2.52 3.76
1.33 4.07
3.61 2.49
3.31 4.37
3.87 4.62
2.55 4.54
2.47 1.02
3.77 4.31
2.34 1.89
2.99 3.39
4.50 4.74
2.32 4.48
1.54 2.70
2.07 3.92
4.94 2.06
2.84 4.36
4.39 4.85
1.93 4.08
2.34 4.91
3.45 3.90
1.26 1.15
3.65 1.47
3.88 4.43
2.26 4.76
3.47 2.05
2.94 2.37
2.22 1.08
1.57 1.84
2.61 3.03
3.58 1.73
4.41 4.40
1.46 4.78
4.44 4.80
4.18 2.27
2.53 2.76
2.73 1.84
3.93 2.86
2.48 1.54
4.72 4.21
4.00 3.73
4.16 4.32
2.71 1.08
2.12 2.93
2.86 1.84
3.56 2.70
4.31 4.68
4.60 2.33
4.02 4.49
4.47 2.43
3.42 1.72
2.71 3.17
2.29 3.59
1.09 1.91
3.61 4.53
2.52 1.96
1.33 1.35
2.21 4.84
1.12 2.06
1.08 1.91
2.01 3.47
4.56 2.54
3.05 4.49
3.13 3.63
3.32 2.32
2.20 3.14
1.98 3.11
4.55 3.93
3.69 2.73
1.81 4.32
3.19 2.36
1.42 3.93
3.62 3.74
3.29 3.36
2.17 2.02
4.13 4.83
3.50 3.03
1.67 3.35
2.53 4.63
1.29 2.42
3.54 3.33
3.40 3.22
1.84 4.11
3.08 4.84
1.66 1.48
3.35 4.41
1.84 4.62
2.64 2.65
2.27 1.64
1.54 3.99
4.26 3.66
3.10 1.59
1.78 3.02
3.70 4.89
2.75 2.48
3.06 1.30
1.81 1.89
2.95 3.05
2.33 3.67
1.92 4.14
1.93 4.16
4.56 4.37
2.59 1.17
3.93 3.54
4.76 2.16
1.12 4.98
2.29 4.49
4.44 2.07
3.53 2.15
2.09 1.87
3.48 4.28
3.09 2.44
2.73 1.99
2.96 1.41
2.73 3.31
1.47 3.81
3.96 3.56
4.16 2.70
1.75 1.71
4.05 4.59
1.68 1.41
2.85 1.43
2.85 2.63
1.86 2.00
2.96 2.20
1.71 4.98
3.58 1.31
3.65 3.78
1.89 2.33
3.86 2.68
1.98 1.49
4.20 4.05
4.77 4.45
4.14 3.78
4.87 4.33
4.29 4.92
2.78 2.26
3.80 1.08
4.39 3.68
2.09 1.84
2.09 4.02
4.74 2.90
1.47 2.86
4.62 4.06
2.43 2.56
4.50 1.15
3.33 4.85
4.80 2.55
3.72 4.01
2.09 4.31
3.60 1.06
2.85 2.48
1.96 4.95
1.88 1.05
2.36 4.46
3.60 2.65
4.06 4.46
3.51 1.24
4.54 2.36
2.44 1.05
4.57 2.49
3.24 2.20
3.96 4.62
1.45 2.96
4.27 1.23
4.54 4.85
1.63 4.48
2.41 4.62
3.38 2.87
1.42 1.58
3.37 1.88
4.33 2.98
3.34 2.29
2.35 2.63
3.51 4.42
2.11 2.62
4.12 2.22
4.06 4.64
1.71 1.86
4.01 4.22
4.78 3.40
1.31 2.33
1.60 3.26
2.54 3.75
4.42 3.17
3.82 4.84
4.37 2.75
2.39 4.76
1.13 1.16
4.42 3.66
3.90 4.91
2.14 2.87
4.05 3.40
3.66 3.89
2.68 1.80
3.28 2.94
2.29 1.52
4.88 3.53
5.00 2.72
1.18 1.96
3.76 4.51
3.09 2.59
4.79 2.58
1.79 4.15
1.54 1.55
3.58 4.93
2.40 4.01
4.54 3.29
3.01 3.37
3.52 4.29
1.90 1.19
1.18 4.80
1.34 2.76
2.70 3.58
1.08 2.42
1.15 4.65
2.40 3.73
2.50 1.03
3.70 1.39
3.19 3.43
4.93 1.69
1.23 2.02
4.31 4.27
1.79 2.85
4.86 2.37
3.07 4.31
1.04 4.56
2.01 4.93
3.68 3.91
2.58 1.51
4.77 2.70
1.57 3.17
1.69 3.53
4.12 2.49
1.99 4.57
3.59 3.91
2.18 3.49
4.15 1.50
1.91 1.73
4.79 1.16
1.23 3.75
1.71 2.83
3.01 1.57
4.65 1.25
3.14 1.77
2.99 4.71
3.57 4.26
2.38 2.41
2.40 1.17
3.46 4.20
1.51 4.63
1.06 3.74
1.99 3.55
3.36 1.93
1.90 1.90
3.86 2.59
2.99 3.12
1.95 2.38
3.63 1.32
3.81 4.89
1.35 4.66
4.45 2.43
1.50 4.73
1.78 1.50
4.70 2.19
1.07 2.06
1.25 4.09
4.47 4.87
3.14 5.00
1.97 3.91
1.83 4.91
2.72 1.39
4.89 2.59
1.50 1.41
4.33 3.67
4.19 3.57
4.57 4.82
1.86 4.31
3.96 4.24
2.73 3.35
1.23 3.04
3.11 3.38
2.47 3.24
4.19 4.86
3.80 2.53
3.99 1.02
3.45 3.53
1.41 3.83
2.98 1.90
2.39 3.54
1.77 3.57
3.78 1.94
1.44 3.84
1.84 3.89
3.67 3.96
4.37 1.36
3.14 2.83
