14.14
2.02 8.80
2.12 7.21
3.44 7.03
2.92 6.10
4.33 9.12
2.87 9.30
3.68 6.06
3.30 7.77
1.99 9.12
2.55 9.03
4.10 9.42
2.73 6.05
3.05 9.21
4.94 7.91
2.61 9.52
4.16 9.51
3.04 9.86
1.46 7.09
1.50 5.49
4.53 6.23
3.51 8.97
4.23 9.11
3.51 7.71
2.82 7.96
3.05 6.14
4.00 7.03
3.55 5.84
1.22 5.84
3.28 9.85
1.77 7.23
2.59 6.93
4.32 9.57
4.65 9.78
3.12 8.30
3.46 6.53
2.35 8.34
4.39 7.66
1.98 9.99
1.23 6.75
1.15 7.67
1.64 6.37
4.88 7.01
1.64 6.71
3.00 8.09
3.98 8.37
4.41 9.13
2.47 6.85
2.89 7.25
2.43 5.48
3.02 9.99
1.24 5.13
2.52 8.85
3.07 8.56
1.69 8.43
2.05 8.91
4.50 7.68
4.50 6.86
4.81 7.40
3.16 8.13
3.00 6.40
3.17 7.84
1.72 6.61
3.89 6.20
3.46 6.00
1.83 9.83
2.16 6.54
2.58 6.47
1.48 8.04
1.08 5.86
4.20 7.57
2.16 8.39
3.60 8.11
3.40 8.47
1.96 9.15
1.01 8.67
1.98 6.16
3.57 6.36
1.38 5.48
3.81 9.00
3.78 5.50
4.72 5.17
1.76 9.94
3.85 8.23
1.24 8.73
4.18 5.78
1.05 7.31
1.66 8.02
1.24 9.95
2.25 9.92
4.66 8.63
1.43 7.30
2.28 8.86
3.95 8.92
1.86 5.08
3.96 7.22
3.80 8.72
1.02 7.94
3.45 8.22
3.69 9.24
1.67 6.22
2.23 9.11
2.85 5.65
2.54 5.65
4.78 7.75
1.13 8.11
4.11 6.76
2.19 7.65
4.61 7.64
3.47 5.51
1.28 5.21
1.36 7.78
2.69 5.30
1.31 9.66
2.42 5.30
1.80 9.29
1.77 9.44
2.04 9.92
4.71 6.27
3.68 6.84
3.71 8.64
1.48 9.72
4.01 9.42
3.83 8.46
1.85 9.07
3.06 5.58
3.34 9.38
3.72 5.83
4.89 6.16
2.38 9.11
1.55 6.93
2.65 5.26
1.99 8.39
1.22 5.63
4.65 7.35
4.80 8.74
4.18 7.55
4.12 8.98
3.24 9.09
1.90 5.32
1.83 6.25
3.70 8.56
4.25 9.22
2.01 9.34
3.14 9.38
1.86 5.74
2.60 8.03
4.15 8.43
3.48 7.82
3.00 8.21
3.03 6.67
3.42 5.29
4.53 8.73
4.39 6.78
3.49 7.74
4.14 8.62
3.10 8.09
1.85 5.83
4.59 5.23
3.82 9.81
2.52 7.30
1.83 9.44
2.39 6.17
3.45 8.12
4.40 7.16
4.11 6.71
2.92 7.92
4.88 8.58
3.82 8.46
4.24 5.95
1.96 5.98
4.77 7.80
3.74 9.81
1.73 8.81
2.29 8.70
3.93 9.34
1.47 9.87
1.37 6.41
1.89 6.36
3.61 6.51
1.18 6.69
3.62 6.01
3.53 8.32
1.24 6.58
3.40 9.02
1.31 7.86
4.98 8.47
3.62 6.82
3.13 9.85
4.70 8.34
2.46 9.97
3.74 8.96
1.83 9.30
2.22 6.38
4.47 7.04
1.32 9.75
2.85 9.96
4.78 6.82
2.64 7.41
3.34 6.96
1.37 9.01
3.05 5.22
2.71 5.54
2.44 5.86
4.72 7.81
3.61 5.31
4.36 7.83
3.73 8.08
3.89 5.91
3.32 6.05
2.99 7.42
3.68 5.32
2.25 7.49
1.87 6.94
3.96 7.17
1.69 7.33
4.20 9.74
1.82 6.15
4.76 6.09
2.08 9.33
3.85 8.83
2.15 7.56
1.30 5.26
4.95 5.34
2.42 5.22
4.45 8.79
3.98 5.90
1.84 5.58
4.39 6.65
4.03 8.77
1.61 8.33
4.51 6.64
3.21 8.04
2.96 9.50
4.87 6.77
4.71 5.04
4.52 9.10
3.14 7.98
1.53 6.38
3.51 5.64
3.69 6.35
2.80 5.57
4.82 9.94
1.81 7.70
3.71 7.90
4.17 8.05
1.46 7.95
4.64 7.79
4.14 5.23
1.91 6.41
2.60 7.32
1.06 9.75
1.16 7.69
1.99 8.93
2.16 9.67
2.02 8.39
3.52 6.62
2.58 7.15
3.88 6.99
4.09 9.69
2.35 7.18
4.74 8.89
3.59 8.28
3.58 6.60
1.65 7.32
2.30 8.13
1.93 7.26
2.64 5.82
1.44 9.56
4.93 7.81
4.07 7.41
2.07 7.09
2.30 7.39
1.62 7.56
3.68 6.86
4.49 7.76
1.43 9.57
4.61 9.98
1.66 6.82
4.41 6.92
2.89 6.58
3.06 5.11
2.95 8.76
2.94 9.23
2.04 9.91
4.45 9.00
3.83 6.40
1.72 5.07
1.06 6.23
2.97 8.72
3.05 5.13
3.76 9.95
1.38 9.27
2.94 7.16
3.36 7.65
1.77 7.11
3.99 9.19
2.49 7.27
2.54 5.81
3.68 8.78
1.43 9.71
3.57 6.95
2.59 9.91
1.96 7.59
2.45 5.21
3.47 6.47
2.33 8.02
2.38 5.95
3.18 5.72
3.99 7.10
3.81 9.04
4.86 7.61
3.65 9.31
3.40 5.62
4.00 9.58
2.03 6.58
1.67 7.50
1.25 5.60
4.03 5.90
2.19 5.05
4.83 5.61
3.39 7.67
1.45 8.34
4.27 8.21
2.66 6.06
3.00 7.37
3.94 7.24
1.39 9.94
1.65 9.25
3.15 5.03
3.72 5.11
2.81 9.75
3.19 7.44
2.72 8.94
1.20 6.45
4.67 7.59
1.28 8.68
4.99 8.73
3.16 7.80
1.47 9.29
1.79 8.80
1.00 7.66
1.93 6.62
2.57 6.80
2.36 6.01
4.81 8.35
2.83 9.15
3.74 8.43
4.57 8.61
2.80 7.98
4.50 8.52
4.04 5.83
3.61 7.82
4.16 5.25
1.17 5.52
3.91 5.44
4.97 8.74
4.71 7.30
1.61 5.94
1.05 8.50
3.32 8.99
1.22 6.65
3.91 9.37
1.65 9.96
3.34 5.59
2.28 8.81
2.56 5.85
1.72 7.95
3.46 6.94
2.95 7.95
1.29 7.79
2.13 6.48
4.29 8.16
3.33 8.99
1.89 5.97
1.93 5.63
4.74 8.99
4.09 5.88
4.56 9.69
3.69 9.40
1.74 5.21
1.26 7.01
4.16 7.20
1.47 7.93
2.27 5.06
3.26 9.93
3.63 9.10
2.97 6.88
1.84 9.23
2.42 8.84
3.12 8.35
2.71 7.98
4.08 8.46
2.10 9.62
4.14 7.00
3.59 6.22
1.53 9.64
1.48 8.27
1.10 5.81
1.78 5.13
2.35 7.16
1.35 5.03
1.70 9.41
2.32 8.09
4.98 7.71
2.77 7.60
2.58 5.59
2.26 9.65
3.50 7.97
4.00 8.17
3.41 8.97
2.83 7.27
3.74 5.71
1.70 5.28
4.17 5.11
1.40 5.04
2.91 6.32
3.48 7.60
2.65 7.68
2.84 7.19
2.65 7.85
4.18 8.18
2.79 7.49
2.83 5.53
2.50 8.95
2.74 8.88
1.16 8.26
4.91 6.04
1.52 5.40
2.01 5.85
4.04 5.63
1.80 6.32
1.08 7.08
2.51 8.36
4.35 6.62
4.66 6.69
2.62 8.58
2.37 9.38
1.00 8.66
4.96 8.91
3.38 7.68
4.49 7.68
3.91 7.90
2.55 8.10
1.86 7.68
1.22 7.29
1.14 8.28
2.62 9.14
1.97 5.06
3.51 6.67
1.62 8.72
1.15 5.64
1.80 5.93
2.81 5.94
3.59 7.41
3.52 5.42
1.81 5.57
2.81 6.94
4.53 7.92
1.92 7.83
4.39 6.58
3.16 7.05
4.61 8.76
2.16 9.62
1.69 7.78
2.29 8.92
1.32 8.53
3.58 7.00
1.51 6.74
3.55 9.74
1.43 5.77
4.62 8.16
2.34 5.57
1.72 9.52
1.94 8.26
3.85 6.41
1.21 5.45
4.07 9.59
4.19 8.30
2.87 5.71
3.38 6.83
1.08 8.26
2.57 6.17
2.89 6.23
3.78 8.52
3.10 7.34
2.34 5.87
3.63 9.15
2.97 10.00
3.81 9.08
1.76 7.91
2.07 6.02
1.60 7.54
4.92 9.52
3.12 5.58
1.77 9.16
2.27 6.22
1.10 5.51
1.90 7.10
4.41 6.10
4.64 5.70
1.24 8.74
4.48 7.51
4.14 6.97
4.65 9.44
3.29 6.64
1.94 5.30
2.42 5.33
1.87 7.80
4.78 5.97
4.09 9.96
1.99 8.85
3.68 6.98
4.12 6.37
3.37 8.13
3.55 7.85
4.35 7.01
4.89 7.37
2.77 6.99
1.90 5.68
1.84 8.08
4.16 8.44
3.45 9.96
3.08 6.23
4.12 5.90
3.14 8.21
4.10 5.94
1.19 5.30
2.07 8.01
3.12 9.85
1.76 9.73
2.56 8.51
2.78 9.15
2.96 6.32
4.30 7.20
1.86 9.95
2.03 5.10
3.26 9.96
1.95 5.41
3.78 6.77
4.01 5.58
3.28 7.56
2.41 8.88
1.06 6.45
1.11 8.25
1.82 7.98
2.76 9.51
4.23 9.48
3.62 6.78
2.19 5.90
4.71 8.92
4.06 6.51
2.28 7.49
2.39 6.25
4.40 8.29
4.06 5.42
3.58 5.17
4.62 5.49
1.42 6.92
1.77 9.74
2.64 9.98
3.36 6.75
4.07 7.00
2.61 6.41
3.68 8.61
4.01 7.35
1.64 8.46
2.69 6.81
2.76 9.01
1.37 8.52
2.80 8.79
2.43 6.54
1.00 9.40
4.04 8.03
4.60 9.21
1.48 5.35
4.79 8.49
3.80 8.28
1.58 9.69
2.76 5.28
3.19 9.90
2.35 7.89
1.13 6.45
1.99 5.91
1.29 5.42
4.20 6.92
4.75 7.25
4.64 7.07
1.39 7.47
2.25 6.37
3.41 5.39
4.78 5.74
4.93 7.89
2.82 9.27
4.57 5.26
1.43 9.76
1.08 6.09
2.53 6.90
1.02 7.94
1.24 7.62
4.84 5.98
2.10 9.65
1.19 7.09
4.91 9.54
4.57 7.30
3.16 8.75
1.18 6.26
4.16 6.46
3.79 8.27
3.23 5.74
3.81 5.16
4.84 9.79
3.28 7.75
1.11 8.51
3.35 8.73
4.79 5.99
2.12 6.20
1.64 8.25
3.06 8.96
4.11 6.30
1.86 6.13
2.16 8.59
2.02 5.75
2.51 8.19
2.44 9.04
3.62 8.89
4.76 9.31
3.33 6.46
3.96 6.75
2.69 5.30
3.81 7.94
4.93 7.89
1.07 6.79
1.82 9.16
2.88 6.10
1.01 9.93
1.87 7.33
3.53 8.89
4.78 9.15
4.57 9.99
4.32 8.56
3.93 7.37
1.72 7.20
3.16 8.08
3.86 8.68
1.80 8.32
2.11 6.87
1.97 6.95
3.41 8.96
4.19 6.55
1.49 6.01
4.50 5.05
1.30 8.40
2.77 7.83
1.91 7.53
1.42 8.86
2.31 9.98
4.08 5.64
5.00 5.07
3.16 7.54
1.56 6.54
1.75 8.35
1.41 9.07
1.12 8.75
4.19 5.85
3.92 6.41
3.71 8.34
2.83 6.22
4.68 5.31
1.95 5.67
3.36 8.48
3.93 5.53
2.76 8.38
3.53 8.77
1.04 9.52
4.52 5.90
1.77 5.66
2.43 8.40
4.72 6.65
2.53 7.17
4.31 5.30
1.91 6.82
2.93 9.06
1.78 7.23
1.20 8.04
2.02 7.84
1.56 8.07
1.25 6.48
2.51 9.11
1.90 8.27
1.62 7.21
1.45 7.26
4.59 9.89
1.23 7.46
4.32 7.91
4.24 7.12
4.04 8.85
1.91 9.56
2.83 5.79
3.93 6.50
2.47 7.40
4.23 9.40
1.25 9.01
4.29 7.25
2.91 7.45
4.57 9.37
2.01 5.93
4.96 9.83
3.82 8.99
2.82 5.53
4.17 6.13
2.12 8.39
1.59 6.96
4.56 7.89
4.04 9.54
4.89 8.88
1.31 8.04
4.41 5.59
2.45 5.17
2.16 6.94
4.89 9.39
1.26 9.40
4.09 6.83
3.53 8.31
2.27 7.34
2.03 9.83
3.31 9.67
2.90 5.85
4.62 5.47
2.57 5.66
3.77 7.50
2.46 8.55
3.53 7.80
4.35 8.75
4.33 7.24
3.68 9.03
4.98 8.85
1.65 7.54
4.55 7.97
4.88 7.45
3.97 8.86
3.70 7.35
4.27 8.31
2.10 5.86
2.78 8.41
4.73 7.58
4.48 7.28
2.94 8.32
4.76 8.22
4.15 6.45
2.14 9.75
3.84 8.42
4.35 5.96
3.94 5.70
4.07 9.09
2.66 6.95
3.53 8.20
3.53 8.57
2.50 5.84
3.04 8.90
1.27 6.95
1.08 5.83
3.56 7.25
4.27 5.03
4.15 6.39
3.55 5.84
1.12 9.17
3.24 9.66
2.84 6.70
4.50 5.76
1.40 7.60
4.18 7.49
4.39 8.11
1.89 7.48
4.77 8.84
4.76 8.50
3.32 9.61
4.95 7.85
3.97 8.20
4.32 6.31
3.24 7.95
4.30 9.32
3.40 8.50
4.63 6.56
1.97 8.79
4.44 8.00
4.61 5.89
3.14 8.16
2.10 8.20
2.74 7.85
4.55 6.84
3.05 6.44
1.78 8.81
4.12 5.43
1.90 6.24
2.05 8.58
1.68 6.42
1.50 6.39
3.94 7.87
2.32 7.94
1.04 8.77
