14.14
4.74 7.20
1.02 5.36
4.82 9.95
2.22 5.17
2.16 7.67
1.76 7.70
3.11 8.48
2.44 9.81
2.66 5.66
4.32 7.16
1.08 5.32
3.23 6.57
1.44 9.38
2.92 6.96
4.46 7.67
2.70 6.18
3.94 5.90
2.02 6.83
2.92 6.47
1.86 5.12
4.15 7.35
4.43 8.60
2.96 5.04
1.37 9.48
2.67 5.82
4.70 7.27
1.61 5.71
1.57 6.12
2.58 8.31
4.04 8.99
3.33 5.95
2.61 8.14
2.31 8.63
4.12 8.43
3.91 6.97
2.62 7.52
1.70 9.80
2.24 9.25
1.91 8.68
4.70 9.70
2.30 6.80
3.27 7.76
3.37 6.55
4.81 5.42
4.09 5.37
4.62 5.99
2.35 6.81
1.29 6.86
1.80 9.29
3.79 6.75
1.05 7.82
3.94 6.31
4.91 9.46
2.71 9.37
1.95 6.84
1.61 6.49
2.45 9.57
4.54 6.16
1.87 7.32
4.10 8.53
2.90 9.23
2.92 5.99
2.41 8.46
3.32 9.17
4.07 6.92
1.51 7.24
4.42 9.81
3.63 5.52
1.38 5.99
1.83 9.21
3.23 9.98
4.14 6.73
3.44 8.62
2.99 6.71
2.24 9.79
4.96 8.20
1.27 8.64
1.72 9.31
3.47 6.48
2.28 5.22
2.10 5.32
1.95 7.71
2.73 6.80
2.12 9.21
4.11 6.74
4.42 5.94
2.13 8.04
3.65 5.93
1.08 7.31
3.75 9.49
1.43 7.32
4.06 6.32
3.14 5.53
1.28 5.57
3.02 5.79
1.75 6.87
4.79 9.04
3.09 8.11
1.98 5.50
3.76 7.60
4.33 5.57
1.61 6.16
2.14 8.03
4.43 7.21
3.78 9.42
4.22 5.82
3.45 5.30
3.03 5.80
3.49 9.40
1.20 6.84
3.58 9.02
1.35 7.29
2.58 5.52
2.43 6.55
1.24 6.64
3.13 9.53
1.33 7.79
1.23 9.79
1.90 8.01
2.21 6.53
2.62 6.95
4.77 9.93
3.56 7.87
3.20 8.58
2.64 7.96
3.36 7.14
1.14 5.93
3.78 6.88
2.01 8.60
4.10 6.57
1.30 7.27
4.31 6.11
1.34 6.46
3.18 5.12
4.15 7.21
3.68 9.21
2.49 9.21
4.35 6.81
1.54 5.89
1.44 9.94
1.66 8.99
3.82 8.12
2.66 9.31
2.88 5.29
1.32 8.16
3.06 5.67
2.47 9.38
1.13 5.69
1.33 9.87
3.90 5.15
1.68 7.44
3.05 7.62
2.18 8.15
1.21 6.39
3.90 6.20
2.90 9.07
2.68 8.48
1.73 6.04
4.54 6.94
4.61 9.87
3.09 6.09
2.26 5.07
3.24 9.76
2.51 9.99
1.91 5.31
1.74 5.18
4.35 5.80
3.56 5.22
3.42 9.89
2.52 8.93
3.06 7.03
2.84 5.84
2.24 5.02
1.24 9.95
4.06 9.92
1.13 5.24
3.79 8.46
2.75 5.71
4.05 6.04
2.71 6.55
1.15 9.07
3.38 6.65
3.00 8.52
4.05 6.76
1.08 7.57
3.04 6.65
1.64 9.79
1.35 8.88
1.64 5.41
2.43 6.19
3.91 7.18
1.81 9.17
4.40 8.98
2.91 5.58
3.98 9.13
4.64 7.42
1.44 7.68
3.26 7.21
2.50 6.17
2.46 9.80
