14.14
2.16 1.32
4.77 2.32
1.61 2.61
3.20 4.90
2.30 2.23
1.17 4.23
1.59 2.03
1.31 4.75
2.01 3.96
2.56 3.53
2.49 2.39
4.12 4.23
1.30 1.36
3.94 2.63
3.65 1.04
4.37 2.93
1.97 4.18
1.65 1.02
2.60 2.24
2.59 4.27
2.11 3.84
2.10 3.20
3.96 1.35
4.53 3.74
2.41 2.53
4.13 2.82
2.12 3.60
3.18 3.78
4.30 3.53
1.57 2.17
2.20 4.89
4.55 2.79
1.18 2.50
1.17 2.84
1.02 2.70
4.96 2.77
4.73 4.35
4.47 4.74
2.65 2.45
4.75 1.22
1.67 3.71
2.84 3.44
4.25 1.69
4.35 1.64
4.84 3.54
4.25 4.82
4.80 3.11
1.51 2.30
3.94 3.73
3.05 1.02
2.37 4.95
1.74 3.72
2.02 4.53
1.09 4.82
2.57 1.85
2.57 4.39
4.80 2.45
1.84 4.36
1.79 2.48
1.90 3.23
3.02 1.46
3.50 1.23
1.98 3.28
4.99 4.37
4.97 3.23
2.90 3.98
2.42 2.43
2.15 4.63
1.30 1.27
2.26 2.08
3.37 3.49
2.01 1.40
1.25 4.56
4.38 2.26
4.93 2.80
2.22 3.29
4.49 1.58
2.59 2.37
2.12 4.08
4.53 3.09
1.66 4.47
4.90 2.60
1.45 4.31
2.01 1.66
1.77 2.05
4.61 3.32
1.90 4.34
3.50 4.08
1.62 3.49
2.96 3.32
3.83 2.33
1.00 2.77
1.33 3.45
2.02 1.57
2.43 1.46
2.98 2.95
3.17 4.31
3.43 2.56
3.44 3.99
1.50 3.08
3.81 4.43
1.09 2.17
3.73 1.05
1.98 3.61
3.16 2.07
1.50 4.04
4.38 4.47
1.59 2.82
1.82 1.81
1.90 1.60
4.92 3.69
3.08 3.00
4.50 3.25
1.74 1.65
4.33 4.37
3.93 3.66
3.35 4.62
3.83 2.56
3.54 1.60
1.84 3.23
4.41 3.27
2.51 1.06
4.87 2.25
2.24 3.74
1.36 3.67
1.35 2.73
1.35 3.56
2.93 2.07
1.65 4.67
3.62 4.08
1.25 4.31
3.58 4.17
3.22 2.90
4.05 3.36
2.67 1.86
1.04 3.90
4.82 1.96
3.22 2.00
1.78 1.21
4.41 4.87
2.29 2.24
2.93 3.80
3.25 3.47
4.59 4.94
3.66 3.10
2.03 3.80
2.68 1.99
2.41 3.78
1.47 2.19
5.00 3.90
3.58 3.29
4.11 3.01
1.31 1.65
4.76 1.23
4.45 3.23
2.05 1.55
2.73 4.00
2.06 4.29
4.84 1.58
3.56 1.54
1.71 1.48
4.82 4.82
3.75 3.25
3.92 1.51
4.75 3.52
3.85 2.56
1.26 3.52
4.19 2.09
1.87 4.25
2.33 4.72
2.83 3.47
3.88 3.10
2.45 4.67
1.39 3.35
3.05 2.91
3.36 3.16
3.26 1.39
1.32 2.51
2.42 3.00
3.88 2.68
2.65 2.55
2.61 4.31
3.80 4.01
2.04 3.47
4.18 4.83
4.32 3.84
4.18 4.22
4.67 3.71
1.69 2.21
2.25 3.94
2.45 3.51
3.04 3.59
3.12 2.31
2.06 1.96
4.68 3.63
2.15 2.35
3.05 3.05
4.02 1.34
1.76 2.66
2.12 3.98
