Instance: CBPP
Bin radius: 14.14
Rotate enable: true
Bin num: 24
Bin id,X coordinate of lower left corner,Y coordinate of lower left corner,Item's width,Item's height
1,-13.14,-5.140000000000001,4.97,4.89
1,-13.14,-0.14000000000000057,4.88,4.92
1,-9.14,-10.14,4.84,4.83
1,-9.14,4.859999999999999,4.87,4.77
1,-8.14,-5.140000000000001,4.86,4.77
1,-8.14,-0.14000000000000057,4.88,4.72
1,-4.140000000000001,-13.14,4.64,4.92
1,-4.140000000000001,4.859999999999999,4.83,4.71
1,-3.1400000000000006,-8.14,4.59,4.9
1,-3.1400000000000006,-3.1400000000000006,4.62,4.85
1,0.8599999999999994,1.8599999999999994,4.51,4.94
1,0.8599999999999994,6.859999999999999,4.73,4.71
1,1.8599999999999994,-12.14,4.99,4.46
1,1.8599999999999994,-7.140000000000001,4.88,4.56
1,5.859999999999999,-2.1400000000000006,4.54,4.9
1,5.859999999999999,2.8599999999999994,4.96,4.47
1,6.859999999999999,-7.140000000000001,4.81,4.56
1,1.8599999999999994,-2.1400000000000006,3.97,3.74
1,-5.140000000000001,9.86,4.9,2.99
1,10.86,-2.1400000000000006,2.94,3.91
1,-3.1400000000000006,1.8599999999999994,3.87,2.96
1,5.859999999999999,7.859999999999999,2.98,2.99
1,10.86,1.8599999999999994,1.99,3.76
1,-12.14,-7.140000000000001,2.97,1.95
1,-11.14,4.859999999999999,1.96,2.94
1,-7.140000000000001,-12.14,2.91,1.95
1,6.859999999999999,-10.14,1.82,2.9
1,-7.140000000000001,9.86,1.88,1.96
1,-0.14000000000000057,11.86,1.93,1.85
2,-13.14,-5.140000000000001,4.92,4.44
2,-13.14,-0.14000000000000057,4.42,4.89
2,-9.14,-10.14,4.37,4.92
2,-9.14,4.859999999999999,4.83,4.45
2,-8.14,-5.140000000000001,4.3,4.99
2,-8.14,-0.14000000000000057,4.68,4.54
2,-4.140000000000001,-13.14,4.97,4.27
2,-4.140000000000001,4.859999999999999,4.67,4.54
2,-3.1400000000000006,-8.14,4.69,4.51
2,-3.1400000000000006,-3.1400000000000006,4.87,4.34
2,0.8599999999999994,1.8599999999999994,4.77,4.42
2,0.8599999999999994,6.859999999999999,4.61,4.5
2,1.8599999999999994,-12.14,4.22,4.9
2,1.8599999999999994,-7.140000000000001,4.55,4.54
2,5.859999999999999,-2.1400000000000006,4.7,4.39
2,5.859999999999999,2.8599999999999994,4.84,4.25
2,6.859999999999999,-7.140000000000001,4.9,4.19
2,1.8599999999999994,-2.1400000000000006,3.83,3.84
2,-5.140000000000001,9.86,4.9,2.91
2,10.86,-2.1400000000000006,2.89,3.95
2,-3.1400000000000006,1.8599999999999994,3.85,2.94
2,5.859999999999999,7.859999999999999,2.88,2.96
2,10.86,1.8599999999999994,1.93,3.87
2,-11.14,-8.14,1.96,2.68
2,-11.14,4.859999999999999,1.75,2.95
2,6.859999999999999,-10.14,1.83,2.82
2,-7.140000000000001,-12.14,2.54,1.98
2,-7.140000000000001,9.86,1.85,1.92
2,-0.14000000000000057,11.86,1.9,1.83
3,-13.14,-5.140000000000001,4.99,4.11
3,-13.14,-0.14000000000000057,4.94,4.15
3,-8.14,-11.14,4.1,5.0
3,-9.14,4.859999999999999,4.37,4.67
3,-8.14,-5.140000000000001,4.45,4.56
3,-8.14,-0.14000000000000057,4.5,4.5
3,-4.140000000000001,4.859999999999999,4.58,4.41
3,-3.1400000000000006,-13.14,4.62,4.31
3,-3.1400000000000006,-8.14,4.92,4.04
3,-3.1400000000000006,-3.1400000000000006,4.01,4.93
3,0.8599999999999994,1.8599999999999994,4.85,4.06
3,0.8599999999999994,6.859999999999999,4.47,4.33
3,1.8599999999999994,-12.14,4.74,4.08
3,1.8599999999999994,-7.140000000000001,4.56,4.23
3,1.8599999999999994,-2.1400000000000006,5.0,3.85
3,5.859999999999999,1.8599999999999994,4.53,4.24
3,6.859999999999999,-8.14,3.91,4.91
3,7.859999999999999,-3.1400000000000006,4.96,3.87
3,-5.140000000000001,9.86,5.0,2.82
3,-3.1400000000000006,1.8599999999999994,3.75,2.97
3,5.859999999999999,6.859999999999999,3.73,2.97
3,10.86,0.8599999999999994,1.98,4.7
3,-11.14,-8.14,2.77,2.97
3,-12.14,4.859999999999999,2.79,1.8
3,-7.140000000000001,9.86,1.98,1.74
3,-5.140000000000001,-13.14,1.76,1.83
3,6.859999999999999,-10.14,1.72,1.87
3,10.86,-5.140000000000001,1.79,1.68
4,-13.14,-5.140000000000001,3.89,4.92
4,-13.14,-0.14000000000000057,4.23,4.52
4,-9.14,-10.14,4.52,4.23
4,-9.14,-5.140000000000001,4.09,4.67
4,-9.14,4.859999999999999,4.03,4.7
4,-8.14,-0.14000000000000057,4.32,4.38
4,-4.140000000000001,-13.14,4.35,4.34
4,-4.140000000000001,-8.14,4.98,3.79
4,-4.140000000000001,4.859999999999999,4.44,4.24
4,-3.1400000000000006,-4.140000000000001,4.44,4.24
4,0.8599999999999994,-13.14,3.88,4.85
4,0.8599999999999994,0.8599999999999994,3.91,4.81
4,0.8599999999999994,5.859999999999999,3.9,4.81
4,1.8599999999999994,-8.14,3.78,4.94
4,4.859999999999999,-3.1400000000000006,4.43,4.21
4,4.859999999999999,1.8599999999999994,3.89,4.79
4,5.859999999999999,-8.14,4.92,3.73
4,-3.1400000000000006,0.8599999999999994,3.71,3.83
4,4.859999999999999,6.859999999999999,3.61,3.93
4,8.86,1.8599999999999994,2.86,4.93
4,9.86,-2.1400000000000006,3.62,3.89
4,-5.140000000000001,9.86,4.92,2.86
4,1.8599999999999994,-3.1400000000000006,2.91,3.69
4,-0.14000000000000057,10.86,4.79,1.9
4,4.859999999999999,-11.14,2.88,2.8
4,-11.14,-8.14,1.81,2.75
4,-11.14,4.859999999999999,1.89,2.63
4,10.86,-5.140000000000001,1.91,2.57
4,-7.140000000000001,-12.14,2.45,1.94
4,-7.140000000000001,9.86,1.51,1.96
4,8.86,6.859999999999999,1.85,1.54
5,-13.14,-5.140000000000001,4.76,3.85
5,-13.14,-1.1400000000000006,4.23,4.33
5,-10.14,3.8599999999999994,4.24,4.31
5,-9.14,-10.14,3.98,4.59
5,-8.14,-5.140000000000001,4.56,4.0
5,-5.140000000000001,-13.14,3.96,4.59
5,-8.14,-0.14000000000000057,4.78,3.8
5,-5.140000000000001,3.8599999999999994,4.24,4.28
5,-3.1400000000000006,-8.14,4.0,4.52
5,-5.140000000000001,8.86,4.93,3.65
5,-3.1400000000000006,-3.1400000000000006,3.72,4.83
5,-1.1400000000000006,-13.14,3.92,4.55
5,-0.14000000000000057,1.8599999999999994,4.0,4.42
5,-0.14000000000000057,6.859999999999999,3.56,4.94
5,0.8599999999999994,-3.1400000000000006,4.94,3.55
5,1.8599999999999994,-8.14,4.76,3.67
5,3.8599999999999994,6.859999999999999,4.86,3.59
5,4.859999999999999,0.8599999999999994,4.46,3.88
5,5.859999999999999,-4.140000000000001,4.27,4.05
5,6.859999999999999,-9.14,2.98,4.72
5,2.8599999999999994,-12.14,3.98,3.51
5,9.86,0.8599999999999994,2.91,4.76
5,4.859999999999999,4.859999999999999,4.58,1.98
5,10.86,-5.140000000000001,1.83,4.85
5,-12.14,3.8599999999999994,1.98,2.39
5,-12.14,-7.140000000000001,2.87,1.63
5,-7.140000000000001,8.86,1.89,2.45
5,-5.140000000000001,-8.14,1.76,2.63
5,-3.1400000000000006,1.8599999999999994,2.47,1.86
5,-7.140000000000001,-12.14,1.81,1.55
5,-0.14000000000000057,11.86,1.92,1.45
5,3.8599999999999994,10.86,1.8,1.51
5,8.86,6.859999999999999,1.48,1.83
5,9.86,-7.140000000000001,1.48,1.83
6,-13.14,-5.140000000000001,4.88,3.54
6,-13.14,-1.1400000000000006,4.55,3.79
6,-11.14,2.8599999999999994,3.59,4.74
6,-9.14,-10.14,3.75,4.5
6,-8.14,-5.140000000000001,3.79,4.45
6,-7.140000000000001,-0.14000000000000057,3.65,4.62
6,-7.140000000000001,4.859999999999999,4.84,3.48
6,-5.140000000000001,-13.14,3.63,4.64
6,-4.140000000000001,-8.14,3.34,4.99
6,-5.140000000000001,8.86,4.26,3.91
6,-3.1400000000000006,-3.1400000000000006,3.36,4.95
6,-2.1400000000000006,1.8599999999999994,3.78,4.39
6,-1.1400000000000006,-13.14,3.44,4.82
6,-0.14000000000000057,-8.14,4.33,3.81
6,-0.14000000000000057,6.859999999999999,3.43,4.8
6,0.8599999999999994,-4.140000000000001,4.53,3.61
6,1.8599999999999994,-0.14000000000000057,3.9,4.19
6,3.8599999999999994,4.859999999999999,3.79,4.31
6,4.859999999999999,-9.14,4.78,3.41
6,5.859999999999999,-5.140000000000001,3.92,4.15
6,5.859999999999999,-0.14000000000000057,3.4,4.78
6,9.86,-2.1400000000000006,3.56,3.89
6,7.859999999999999,4.859999999999999,2.91,3.68
6,2.8599999999999994,-12.14,3.93,2.71
6,9.86,-7.140000000000001,1.86,4.69
6,9.86,1.8599999999999994,2.97,2.69
6,-11.14,-8.14,1.58,2.9
6,-7.140000000000001,8.86,1.61,2.84
6,3.8599999999999994,9.86,2.89,1.57
6,-13.14,2.8599999999999994,1.41,1.92
6,-9.14,7.859999999999999,1.59,1.69
6,-7.140000000000001,-12.14,1.43,1.86
6,-2.1400000000000006,6.859999999999999,1.79,1.48
6,-0.14000000000000057,11.86,1.51,1.72
6,1.8599999999999994,4.859999999999999,1.33,1.95
7,-13.14,-5.140000000000001,3.57,4.55
7,-13.14,-0.14000000000000057,4.72,3.44
7,-11.14,3.8599999999999994,4.68,3.45
7,-9.14,-10.14,3.38,4.75
7,-9.14,-5.140000000000001,4.82,3.31
7,-8.14,-1.1400000000000006,3.48,4.56
7,-6.140000000000001,3.8599999999999994,3.67,4.32
7,-5.140000000000001,-13.14,3.88,4.08
7,-4.140000000000001,-8.14,3.89,4.04
7,-4.140000000000001,-3.1400000000000006,3.65,4.29
7,-5.140000000000001,8.86,4.35,3.59
7,-2.1400000000000006,1.8599999999999994,3.18,4.91
7,-1.1400000000000006,-13.14,3.52,4.43
7,-0.14000000000000057,-8.14,4.19,3.72
7,-0.14000000000000057,-4.140000000000001,4.96,3.14
7,-0.14000000000000057,6.859999999999999,3.25,4.79
7,1.8599999999999994,-0.14000000000000057,4.36,3.57
7,3.8599999999999994,3.8599999999999994,4.4,3.53
7,4.859999999999999,-10.14,3.11,4.99
7,4.859999999999999,-5.140000000000001,4.64,3.34
7,6.859999999999999,-1.1400000000000006,3.12,4.96
7,3.8599999999999994,7.859999999999999,4.66,2.97
7,9.86,-5.140000000000001,2.99,3.52
7,2.8599999999999994,-13.14,1.93,4.5
7,8.86,3.8599999999999994,1.79,4.85
7,10.86,-1.1400000000000006,1.79,4.81
7,-12.14,-7.140000000000001,2.63,1.72
7,-8.14,7.859999999999999,1.91,2.36
7,8.86,-7.140000000000001,2.69,1.67
7,1.8599999999999994,3.8599999999999994,1.55,2.88
7,-7.140000000000001,-12.14,1.36,1.89
7,-4.140000000000001,1.8599999999999994,1.34,1.91
7,-2.1400000000000006,6.859999999999999,1.62,1.57
7,-0.14000000000000057,-0.14000000000000057,1.94,1.31
7,-0.14000000000000057,11.86,1.32,1.92
7,3.8599999999999994,10.86,1.84,1.36
7,4.859999999999999,-12.14,1.3,1.92
7,10.86,3.8599999999999994,1.3,1.89
8,-13.14,-5.140000000000001,3.28,4.71
8,-13.14,-0.14000000000000057,4.1,3.75
8,-10.14,3.8599999999999994,3.1,4.94
8,-10.14,-9.14,4.0,3.82
8,-9.14,-5.140000000000001,3.49,4.34
8,-6.140000000000001,-0.14000000000000057,3.29,4.6
8,-6.140000000000001,4.859999999999999,3.19,4.74
8,-5.140000000000001,-13.14,3.01,5.0
8,-5.140000000000001,-7.140000000000001,3.37,4.44
8,-2.1400000000000006,-2.1400000000000006,4.05,3.69
8,-2.1400000000000006,1.8599999999999994,4.64,3.21
8,-2.1400000000000006,5.859999999999999,4.74,3.14
8,-1.1400000000000006,-13.14,3.58,4.14
8,-1.1400000000000006,-8.14,4.89,3.03
8,2.8599999999999994,-4.140000000000001,4.3,3.44
8,2.8599999999999994,-0.14000000000000057,4.59,3.22
8,2.8599999999999994,3.8599999999999994,3.26,4.52
8,3.8599999999999994,-10.14,4.63,3.18
8,7.859999999999999,-5.140000000000001,4.23,3.48
8,6.859999999999999,3.8599999999999994,3.01,4.85
8,7.859999999999999,-1.1400000000000006,3.18,4.57
8,-5.140000000000001,9.86,4.76,2.9
8,-0.14000000000000057,9.86,4.87,2.83
8,-8.14,-0.14000000000000057,1.88,3.9
8,-1.1400000000000006,-4.140000000000001,3.79,1.9
8,2.8599999999999994,-12.14,3.45,1.99
8,3.8599999999999994,-6.140000000000001,3.75,1.83
8,4.859999999999999,8.86,3.79,1.81
8,-8.14,-11.14,2.39,1.86
8,-12.14,3.8599999999999994,1.61,2.74
8,8.86,-8.14,1.52,2.9
8,11.86,-1.1400000000000006,1.52,2.9
8,-5.140000000000001,-2.1400000000000006,2.26,1.94
8,-12.14,-7.140000000000001,1.5,1.62
8,-8.14,8.86,1.84,1.32
8,10.86,3.8599999999999994,1.82,1.31
9,-13.14,-5.140000000000001,3.08,4.69
9,-13.14,-0.14000000000000057,3.09,4.66
9,-9.14,-10.14,3.07,4.69
9,-10.14,4.859999999999999,4.72,3.04
9,-9.14,-5.140000000000001,4.61,3.11
9,-9.14,-1.1400000000000006,4.23,3.38
9,-5.140000000000001,-13.14,4.29,3.3
9,-5.140000000000001,-9.14,4.54,3.11
9,-5.140000000000001,2.8599999999999994,3.19,4.4
9,-5.140000000000001,7.859999999999999,4.13,3.38
9,-4.140000000000001,-5.140000000000001,4.19,3.33
9,-4.140000000000001,-1.1400000000000006,4.2,3.31
9,-1.1400000000000006,2.8599999999999994,3.3,4.2
9,-0.14000000000000057,-13.14,3.42,4.05
9,-0.14000000000000057,7.859999999999999,4.14,3.34
9,0.8599999999999994,-8.14,4.28,3.22
9,0.8599999999999994,-4.140000000000001,3.52,3.91
9,2.8599999999999994,-0.14000000000000057,2.9,4.74
9,4.859999999999999,-4.140000000000001,3.66,3.74
9,4.859999999999999,4.859999999999999,3.34,4.09
9,5.859999999999999,-8.14,4.49,3.04
9,5.859999999999999,-0.14000000000000057,2.98,4.58
9,8.86,-2.1400000000000006,4.64,2.94
9,8.86,0.8599999999999994,2.94,4.64
9,3.8599999999999994,-11.14,3.77,2.78
9,-9.14,2.8599999999999994,3.58,1.9
9,-2.1400000000000006,11.86,3.93,1.73
9,8.86,-4.140000000000001,3.48,1.95
9,-11.14,-8.14,1.62,2.67
9,-7.140000000000001,8.86,1.95,2.21
9,0.8599999999999994,-0.14000000000000057,1.54,2.76
9,2.8599999999999994,4.859999999999999,1.64,2.57
9,8.86,5.859999999999999,1.52,2.77
9,-12.14,4.859999999999999,1.35,1.75
9,-7.140000000000001,-12.14,1.38,1.69
9,4.859999999999999,9.86,1.67,1.38
10,-13.14,-5.140000000000001,2.89,4.71
10,-13.14,-0.14000000000000057,3.57,3.81
10,-12.14,3.8599999999999994,4.75,2.86
10,-10.14,-9.14,3.44,3.94
10,-10.14,-5.140000000000001,3.46,3.9
10,-9.14,-1.1400000000000006,2.79,4.83
10,-8.14,6.859999999999999,4.08,3.3
10,-6.140000000000001,-12.14,3.11,4.28
10,-6.140000000000001,-7.140000000000001,2.82,4.68
10,-7.140000000000001,3.8599999999999994,4.74,2.78
10,-6.140000000000001,-2.1400000000000006,4.67,2.82
10,-3.1400000000000006,-7.140000000000001,3.54,3.72
10,-3.1400000000000006,6.859999999999999,3.18,4.13
10,-6.140000000000001,0.8599999999999994,4.88,2.68
10,-2.1400000000000006,-13.14,2.84,4.59
10,-1.1400000000000006,-3.1400000000000006,4.05,3.21
10,-1.1400000000000006,0.8599999999999994,3.1,4.18
10,0.8599999999999994,-13.14,3.65,3.55
10,0.8599999999999994,-9.14,4.64,2.79
10,0.8599999999999994,5.859999999999999,3.39,3.81
10,0.8599999999999994,-6.140000000000001,5.0,2.57
10,2.8599999999999994,0.8599999999999994,3.24,3.96
10,3.8599999999999994,-3.1400000000000006,3.84,3.34
10,4.859999999999999,4.859999999999999,3.36,3.81
10,6.859999999999999,-9.14,2.69,4.75
10,7.859999999999999,-4.140000000000001,3.16,4.04
10,8.86,0.8599999999999994,2.97,4.29
10,0.8599999999999994,9.86,4.28,2.97
10,6.859999999999999,0.8599999999999994,1.9,3.57
10,11.86,-2.1400000000000006,1.78,3.78
10,-2.1400000000000006,11.86,2.17,1.94
10,4.859999999999999,-12.14,1.57,2.68
10,5.859999999999999,8.86,2.28,1.84
10,8.86,5.859999999999999,1.6,2.6
10,9.86,-7.140000000000001,1.99,2.07
10,-12.14,-7.140000000000001,1.98,1.15
10,-10.14,6.859999999999999,1.32,1.6
10,-8.14,-11.14,1.3,1.62
10,-5.140000000000001,10.86,1.63,1.28
11,-13.14,-5.140000000000001,3.42,3.72
11,-13.14,-1.1400000000000006,2.78,4.57
11,-12.14,3.8599999999999994,4.4,2.88
11,-10.14,-9.14,3.44,3.68
11,-10.14,-1.1400000000000006,4.67,2.71
11,-9.14,-5.140000000000001,3.7,3.42
11,-9.14,6.859999999999999,4.94,2.56
11,-7.140000000000001,1.8599999999999994,3.16,4.0
11,-6.140000000000001,-12.14,3.19,3.96
11,-6.140000000000001,-8.14,4.95,2.55
11,-5.140000000000001,-5.140000000000001,2.59,4.87
11,-4.140000000000001,6.859999999999999,4.11,3.05
11,-3.1400000000000006,-0.14000000000000057,3.48,3.6
11,-2.1400000000000006,-13.14,2.84,4.39
11,-3.1400000000000006,3.8599999999999994,4.79,2.6
11,-2.1400000000000006,-5.140000000000001,3.04,4.09
11,0.8599999999999994,-13.14,3.6,3.45
11,0.8599999999999994,-9.14,3.19,3.88
11,0.8599999999999994,6.859999999999999,2.61,4.73
11,0.8599999999999994,-0.14000000000000057,3.62,3.41
11,1.8599999999999994,-5.140000000000001,3.29,3.75
11,3.8599999999999994,3.8599999999999994,3.95,3.11
11,4.859999999999999,-10.14,3.8,3.22
11,3.8599999999999994,7.859999999999999,4.63,2.64
11,4.859999999999999,-1.1400000000000006,3.22,3.79
11,5.859999999999999,-6.140000000000001,4.8,2.54
11,7.859999999999999,2.8599999999999994,4.41,2.76
11,8.86,-3.1400000000000006,2.66,4.57
11,-5.140000000000001,10.86,4.25,1.98
11,11.86,-2.1400000000000006,1.98,3.39
11,-10.14,1.8599999999999994,2.67,1.54
11,-1.1400000000000006,-8.14,1.53,2.68
11,1.8599999999999994,3.8599999999999994,1.38,2.95
11,5.859999999999999,-3.1400000000000006,2.43,1.66
11,8.86,5.859999999999999,1.47,2.74
11,-12.14,-7.140000000000001,1.14,1.83
11,-8.14,-11.14,1.1,1.78
11,-7.140000000000001,9.86,1.29,1.49
11,-5.140000000000001,-0.14000000000000057,1.44,1.31
11,-0.14000000000000057,11.86,1.57,1.19
11,3.8599999999999994,10.86,1.11,1.67
11,4.859999999999999,-12.14,1.77,1.03
11,8.86,-8.14,1.3,1.39
11,10.86,-5.140000000000001,1.05,1.71
12,-13.14,-5.140000000000001,3.98,3.05
12,-13.14,-1.1400000000000006,2.96,4.1
12,-12.14,3.8599999999999994,4.36,2.78
12,-10.14,-9.14,3.29,3.68
12,-10.14,-1.1400000000000006,2.89,4.18
12,-9.14,-5.140000000000001,3.26,3.7
12,-9.14,6.859999999999999,4.33,2.78
12,-7.140000000000001,-12.14,4.33,2.78
12,-7.140000000000001,-1.1400000000000006,4.25,2.82
12,-7.140000000000001,1.8599999999999994,4.09,2.93
12,-6.140000000000001,-9.14,4.9,2.44
12,-5.140000000000001,-6.140000000000001,3.31,3.6
12,-5.140000000000001,9.86,4.33,2.75
12,-4.140000000000001,4.859999999999999,3.43,3.47
12,-2.1400000000000006,-13.14,3.26,3.65
12,-2.1400000000000006,-2.1400000000000006,2.71,4.38
12,-1.1400000000000006,-9.14,4.12,2.88
12,-1.1400000000000006,-6.140000000000001,4.86,2.44
12,-0.14000000000000057,2.8599999999999994,2.45,4.84
12,-0.14000000000000057,7.859999999999999,3.21,3.69
12,0.8599999999999994,-3.1400000000000006,2.65,4.45
12,2.8599999999999994,1.8599999999999994,3.0,3.88
12,3.8599999999999994,-12.14,2.55,4.56
12,3.8599999999999994,-7.140000000000001,4.12,2.81
12,3.8599999999999994,-4.140000000000001,4.58,2.52
12,3.8599999999999994,5.859999999999999,2.34,4.93
12,6.859999999999999,-1.1400000000000006,2.88,4.0
12,6.859999999999999,3.8599999999999994,3.37,3.41
12,8.86,-7.140000000000001,2.83,4.04
12,9.86,-2.1400000000000006,2.71,4.21
12,3.8599999999999994,-1.1400000000000006,2.78,2.84
12,1.8599999999999994,-13.14,1.85,3.6
12,-7.140000000000001,4.859999999999999,2.56,1.57
12,6.859999999999999,-10.14,1.82,2.19
12,6.859999999999999,7.859999999999999,2.34,1.7
12,10.86,2.8599999999999994,1.75,2.27
12,-12.14,-7.140000000000001,1.6,1.1
12,-7.140000000000001,9.86,1.05,1.6
12,-2.1400000000000006,2.8599999999999994,1.23,1.3
12,-0.14000000000000057,11.86,1.13,1.41
12,3.8599999999999994,10.86,1.12,1.42
13,-13.14,-5.140000000000001,4.65,2.45
13,-13.14,-2.1400000000000006,4.5,2.53
13,-13.14,0.8599999999999994,4.01,2.83
13,-12.14,3.8599999999999994,4.51,2.51
13,-10.14,-9.14,3.71,3.05
13,-8.14,-5.140000000000001,3.66,3.08
13,-8.14,-1.1400000000000006,2.35,4.79
13,-9.14,6.859999999999999,4.7,2.39
13,-6.140000000000001,-12.14,2.26,4.97
13,-5.140000000000001,-1.1400000000000006,3.65,3.06
13,-5.140000000000001,2.8599999999999994,3.6,3.1
13,-4.140000000000001,-7.140000000000001,2.4,4.63
13,-4.140000000000001,6.859999999999999,3.7,3.0
13,-3.1400000000000006,-13.14,3.49,3.18
13,-1.1400000000000006,-9.14,3.23,3.43
13,-1.1400000000000006,-5.140000000000001,3.43,3.23
13,-1.1400000000000006,-1.1400000000000006,2.64,4.19
13,-0.14000000000000057,3.8599999999999994,2.29,4.81
13,1.8599999999999994,-1.1400000000000006,2.71,4.04
13,-0.14000000000000057,8.86,3.33,3.28
13,0.8599999999999994,-13.14,3.36,3.23
13,2.8599999999999994,-9.14,2.56,4.23
13,2.8599999999999994,3.8599999999999994,3.4,3.18
13,2.8599999999999994,-4.140000000000001,4.63,2.33
13,4.859999999999999,-1.1400000000000006,3.46,3.11
13,5.859999999999999,-9.14,3.04,3.53
13,6.859999999999999,2.8599999999999994,3.18,3.37
13,8.86,-5.140000000000001,2.16,4.96
13,3.8599999999999994,7.859999999999999,4.71,2.27
13,8.86,-0.14000000000000057,3.62,2.89
13,-5.140000000000001,10.86,4.99,1.68
13,-7.140000000000001,3.8599999999999994,1.78,2.23
13,4.859999999999999,-11.14,2.82,1.4
13,10.86,2.8599999999999994,1.86,2.12
13,-12.14,-7.140000000000001,1.55,1.01
13,-8.14,-11.14,1.04,1.37
13,-7.140000000000001,9.86,1.08,1.3
13,-6.140000000000001,-7.140000000000001,1.09,1.13
13,-3.1400000000000006,-9.14,1.1,1.1
13,3.8599999999999994,10.86,1.12,1.02
14,-13.14,-5.140000000000001,3.46,3.09
14,-13.14,-1.1400000000000006,4.45,2.4
14,-12.14,1.8599999999999994,3.17,3.36
14,-10.14,-9.14,3.52,3.0
14,-9.14,-5.140000000000001,3.16,3.32
14,-8.14,-1.1400000000000006,2.15,4.87
14,-8.14,3.8599999999999994,2.51,4.17
14,-6.140000000000001,-12.14,3.2,3.27
14,-7.140000000000001,8.86,4.19,2.49
14,-6.140000000000001,-8.14,3.55,2.93
14,-5.140000000000001,-5.140000000000001,3.32,3.13
14,-5.140000000000001,-1.1400000000000006,2.99,3.46
14,-5.140000000000001,2.8599999999999994,4.9,2.11
14,-2.1400000000000006,-13.14,3.19,3.24
14,-2.1400000000000006,5.859999999999999,2.42,4.27
14,-1.1400000000000006,-9.14,2.3,4.48
14,-2.1400000000000006,-1.1400000000000006,3.52,2.92
14,0.8599999999999994,1.8599999999999994,2.23,4.59
14,0.8599999999999994,6.859999999999999,2.64,3.87
14,1.8599999999999994,-13.14,2.25,4.54
14,1.8599999999999994,-8.14,2.49,4.1
14,1.8599999999999994,-3.1400000000000006,3.0,3.4
14,-2.1400000000000006,10.86,3.53,2.88
14,3.8599999999999994,0.8599999999999994,4.09,2.48
14,3.8599999999999994,3.8599999999999994,2.04,4.97
14,4.859999999999999,-11.14,2.3,4.39
14,4.859999999999999,-6.140000000000001,3.36,2.99
14,5.859999999999999,-3.1400000000000006,3.94,2.54
14,6.859999999999999,3.8599999999999994,3.56,2.8
14,8.86,-0.14000000000000057,3.01,3.31
14,8.86,-7.140000000000001,2.64,3.77
14,3.8599999999999994,8.86,4.44,1.88
14,-5.140000000000001,5.859999999999999,2.9,2.71
14,-1.1400000000000006,-4.140000000000001,2.75,2.83
14,9.86,-3.1400000000000006,2.74,2.84
14,1.8599999999999994,10.86,3.7,1.79
14,6.859999999999999,6.859999999999999,3.56,1.86
14,-10.14,5.859999999999999,1.76,2.24
15,-13.14,-5.140000000000001,2.67,3.72
15,-13.14,-1.1400000000000006,4.15,2.39
15,-12.14,1.8599999999999994,2.88,3.41
15,-10.14,-9.14,2.88,3.4
15,-9.14,1.8599999999999994,2.01,4.86
15,-10.14,-5.140000000000001,3.45,2.83
15,-9.14,6.859999999999999,4.59,2.12
15,-8.14,-2.1400000000000006,3.63,2.68
15,-7.140000000000001,-12.14,2.52,3.86
15,-7.140000000000001,-8.14,4.17,2.33
15,-6.140000000000001,-5.140000000000001,3.71,2.61
15,-6.140000000000001,0.8599999999999994,3.87,2.5
15,-4.140000000000001,-13.14,3.04,3.18
15,-6.140000000000001,3.8599999999999994,4.48,2.15
15,-4.140000000000001,6.859999999999999,3.11,3.09
15,-2.1400000000000006,-9.14,2.08,4.62
15,-4.140000000000001,-2.1400000000000006,3.48,2.76
15,-1.1400000000000006,0.8599999999999994,3.2,3.0
15,-2.1400000000000006,10.86,3.71,2.57
15,-0.14000000000000057,-13.14,2.76,3.45
15,-0.14000000000000057,-4.140000000000001,2.42,3.93
15,-0.14000000000000057,4.859999999999999,3.04,3.12
15,0.8599999999999994,-9.14,2.86,3.31
15,1.8599999999999994,8.86,4.36,2.17
15,2.8599999999999994,-5.140000000000001,3.08,3.07
15,2.8599999999999994,-12.14,3.93,2.4
15,2.8599999999999994,-1.1400000000000006,3.7,2.53
15,2.8599999999999994,1.8599999999999994,4.27,2.19
15,3.8599999999999994,-9.14,4.45,2.1
15,3.8599999999999994,4.859999999999999,4.19,2.23
15,6.859999999999999,-6.140000000000001,2.08,4.48
15,6.859999999999999,-1.1400000000000006,3.8,2.45
15,7.859999999999999,1.8599999999999994,3.86,2.41
15,9.86,-5.140000000000001,2.4,3.86
15,10.86,-1.1400000000000006,2.83,2.74
15,8.86,4.859999999999999,1.87,3.51
15,6.859999999999999,7.859999999999999,1.75,2.25
15,-7.140000000000001,9.86,2.28,1.71
16,-13.14,-5.140000000000001,2.56,3.61
16,-13.14,-1.1400000000000006,2.98,3.1
16,-12.14,2.8599999999999994,4.12,2.24
16,-10.14,-9.14,2.29,4.03
16,-10.14,-4.140000000000001,2.05,4.5
16,-10.14,5.859999999999999,3.28,2.81
16,-7.140000000000001,-12.14,2.47,3.73
16,-7.140000000000001,-8.14,3.05,3.02
16,-7.140000000000001,-4.140000000000001,2.37,3.88
16,-7.140000000000001,-0.14000000000000057,3.58,2.56
16,-7.140000000000001,2.8599999999999994,3.62,2.52
16,-7.140000000000001,8.86,3.83,2.38
16,-6.140000000000001,5.859999999999999,3.54,2.57
16,-4.140000000000001,-13.14,2.28,3.99
16,-4.140000000000001,-4.140000000000001,3.03,3.0
16,-3.1400000000000006,-9.14,4.4,2.06
16,-3.1400000000000006,-0.14000000000000057,2.81,3.22
16,-3.1400000000000006,8.86,2.59,3.49
16,-2.1400000000000006,3.8599999999999994,2.71,3.32
16,-1.1400000000000006,-13.14,4.22,2.13
16,-0.14000000000000057,-6.140000000000001,4.34,2.07
16,-0.14000000000000057,-3.1400000000000006,2.91,3.08
16,-0.14000000000000057,7.859999999999999,2.31,3.87
16,-0.14000000000000057,0.8599999999999994,4.1,2.18
16,0.8599999999999994,3.8599999999999994,3.33,2.68
16,1.8599999999999994,-10.14,4.05,2.2
16,2.8599999999999994,-3.1400000000000006,2.42,3.67
16,2.8599999999999994,6.859999999999999,2.03,4.36
16,4.859999999999999,-7.140000000000001,3.23,2.74
16,4.859999999999999,0.8599999999999994,3.61,2.45
16,4.859999999999999,3.8599999999999994,4.42,2.0
16,5.859999999999999,-4.140000000000001,2.27,3.89
16,8.86,-7.140000000000001,2.2,4.01
16,8.86,-2.1400000000000006,2.01,4.38
16,5.859999999999999,6.859999999999999,2.39,3.68
16,9.86,2.8599999999999994,2.81,2.72
16,11.86,-2.1400000000000006,1.7,3.85
16,-10.14,0.8599999999999994,2.01,1.91
16,6.859999999999999,-10.14,1.42,2.7
16,-3.1400000000000006,-6.140000000000001,2.86,1.32
16,3.8599999999999994,-12.14,2.6,1.45
17,-13.14,-5.140000000000001,3.31,2.64
17,-13.14,-2.1400000000000006,2.68,3.24
17,-12.14,1.8599999999999994,2.36,3.67
17,-10.14,-9.14,2.72,3.17
17,-10.14,-2.1400000000000006,3.99,2.16
17,-9.14,0.8599999999999994,2.52,3.42
17,-9.14,4.859999999999999,2.17,3.96
17,-9.14,-5.140000000000001,3.72,2.3
17,-7.140000000000001,-12.14,4.17,2.04
17,-7.140000000000001,-9.14,2.53,3.36
17,-6.140000000000001,-2.1400000000000006,2.36,3.6
17,-7.140000000000001,8.86,3.62,2.31
17,-6.140000000000001,1.8599999999999994,2.01,4.15
17,-4.140000000000001,-9.14,2.1,3.95
17,-3.1400000000000006,-5.140000000000001,2.53,3.27
17,-3.1400000000000006,-1.1400000000000006,3.28,2.52
17,-6.140000000000001,6.859999999999999,4.86,1.7
17,-3.1400000000000006,1.8599999999999994,3.72,2.22
17,-2.1400000000000006,8.86,1.96,4.21
17,-2.1400000000000006,-13.14,3.85,2.14
17,-1.1400000000000006,-10.14,1.83,4.49
17,-3.1400000000000006,4.859999999999999,4.92,1.67
17,-0.14000000000000057,6.859999999999999,2.02,4.06
17,0.8599999999999994,-10.14,1.95,4.2
17,-0.14000000000000057,-5.140000000000001,3.22,2.54
17,0.8599999999999994,-2.1400000000000006,3.81,2.14
17,1.8599999999999994,0.8599999999999994,1.79,4.55
17,2.8599999999999994,-11.14,4.01,2.03
17,2.8599999999999994,5.859999999999999,2.63,3.09
17,3.8599999999999994,-8.14,2.38,3.41
17,3.8599999999999994,0.8599999999999994,1.68,4.83
17,4.859999999999999,-4.140000000000001,3.79,2.14
17,5.859999999999999,-1.1400000000000006,2.02,4.01
17,5.859999999999999,3.8599999999999994,2.05,3.95
17,6.859999999999999,-8.14,2.09,3.87
17,8.86,-2.1400000000000006,4.75,1.7
17,8.86,-0.14000000000000057,2.28,3.54
17,8.86,3.8599999999999994,1.93,4.17
17,9.86,-7.140000000000001,1.75,4.59
17,2.8599999999999994,9.86,2.68,2.84
17,5.859999999999999,7.859999999999999,2.83,2.68
17,1.8599999999999994,-13.14,2.22,1.69
17,-5.140000000000001,-5.140000000000001,1.38,2.7
18,-13.14,-5.140000000000001,2.67,3.02
18,-13.14,-1.1400000000000006,2.11,3.81
18,-12.14,2.8599999999999994,2.27,3.54
18,-10.14,-9.14,2.33,3.44
18,-10.14,-5.140000000000001,1.87,4.28
18,-9.14,-0.14000000000000057,2.57,3.11
18,-9.14,3.8599999999999994,1.65,4.82
18,-8.14,-11.14,4.82,1.64
18,-8.14,-5.140000000000001,3.67,2.15
18,-8.14,-2.1400000000000006,4.16,1.89
18,-8.14,8.86,4.19,1.87
18,-7.140000000000001,3.8599999999999994,1.92,4.08
18,-7.140000000000001,-9.14,3.26,2.4
18,-6.140000000000001,-0.14000000000000057,3.6,2.17
18,-5.140000000000001,2.8599999999999994,3.15,2.48
18,-4.140000000000001,-6.140000000000001,2.41,3.24
18,-5.140000000000001,5.859999999999999,3.05,2.56
18,-3.1400000000000006,-13.14,3.02,2.58
18,-3.1400000000000006,-10.14,2.41,3.22
18,-2.1400000000000006,-2.1400000000000006,1.86,4.15
18,-5.140000000000001,10.86,4.76,1.62
18,-1.1400000000000006,2.8599999999999994,1.84,4.18
18,-1.1400000000000006,-6.140000000000001,3.34,2.3
18,-0.14000000000000057,-10.14,2.11,3.63
18,-0.14000000000000057,-3.1400000000000006,2.38,3.21
18,-0.14000000000000057,7.859999999999999,2.02,3.78
18,0.8599999999999994,-13.14,3.53,2.16
18,-0.14000000000000057,0.8599999999999994,4.98,1.53
18,0.8599999999999994,2.8599999999999994,4.89,1.55
18,0.8599999999999994,4.859999999999999,4.48,1.69
18,2.8599999999999994,-10.14,2.43,3.11
18,2.8599999999999994,-6.140000000000001,3.01,2.51
18,2.8599999999999994,-3.1400000000000006,2.88,2.62
18,2.8599999999999994,6.859999999999999,3.75,2.01
18,4.859999999999999,-0.14000000000000057,4.71,1.6
18,5.859999999999999,-9.14,3.55,2.12
18,5.859999999999999,-3.1400000000000006,3.59,2.09
18,5.859999999999999,1.8599999999999994,4.63,1.62
18,6.859999999999999,3.8599999999999994,2.33,3.21
18,6.859999999999999,-6.140000000000001,4.16,1.79
18,9.86,-4.140000000000001,2.2,3.37
18,10.86,-0.14000000000000057,1.55,4.78
18,2.8599999999999994,9.86,2.71,2.73
18,-3.1400000000000006,8.86,2.95,1.26
18,6.859999999999999,7.859999999999999,1.59,2.33
19,-13.14,-5.140000000000001,3.05,2.43
19,-13.14,-2.1400000000000006,2.41,3.05
19,-12.14,1.8599999999999994,2.2,3.33
19,-10.14,-9.14,2.41,3.03
19,-9.14,-5.140000000000001,1.47,4.89
19,-11.14,5.859999999999999,4.72,1.52
19,-9.14,-0.14000000000000057,3.46,2.07
19,-7.140000000000001,-12.14,1.46,4.89
19,-7.140000000000001,-7.140000000000001,2.04,3.48
19,-9.14,2.8599999999999994,3.06,2.32
19,-8.14,7.859999999999999,2.68,2.64
19,-5.140000000000001,-13.14,1.48,4.76
19,-5.140000000000001,-3.1400000000000006,1.54,4.57
19,-6.140000000000001,5.859999999999999,4.23,1.66
19,-5.140000000000001,1.8599999999999994,2.83,2.48
19,-5.140000000000001,7.859999999999999,1.67,4.2
19,-4.140000000000001,-8.14,2.4,2.91
19,-3.1400000000000006,-13.14,2.32,3.0
19,-3.1400000000000006,-5.140000000000001,2.8,2.47
19,-3.1400000000000006,7.859999999999999,1.66,4.14
19,-2.1400000000000006,-2.1400000000000006,1.57,4.37
19,-2.1400000000000006,2.8599999999999994,2.48,2.76
19,-1.1400000000000006,5.859999999999999,1.64,4.17
19,-1.1400000000000006,-9.14,4.41,1.55
19,-0.14000000000000057,-7.140000000000001,1.7,4.02
19,-1.1400000000000006,10.86,4.13,1.64
19,-0.14000000000000057,-13.14,2.57,2.63
19,-0.14000000000000057,-2.1400000000000006,4.37,1.54
19,-0.14000000000000057,-0.14000000000000057,2.32,2.9
19,0.8599999999999994,2.8599999999999994,4.27,1.57
19,0.8599999999999994,4.859999999999999,4.2,1.59
19,0.8599999999999994,6.859999999999999,4.36,1.53
19,1.8599999999999994,-7.140000000000001,1.52,4.36
19,2.8599999999999994,-12.14,2.6,2.54
19,2.8599999999999994,-0.14000000000000057,2.26,2.91
19,3.8599999999999994,-9.14,2.93,2.24
19,4.859999999999999,-6.140000000000001,1.49,4.4
19,5.859999999999999,-1.1400000000000006,1.57,4.17
19,0.8599999999999994,8.86,3.78,1.73
19,5.859999999999999,3.8599999999999994,2.96,2.19
19,6.859999999999999,-10.14,1.34,4.83
19,5.859999999999999,6.859999999999999,3.22,2.01
19,6.859999999999999,-5.140000000000001,2.21,2.92
19,7.859999999999999,-2.1400000000000006,1.51,4.27
19,8.86,2.8599999999999994,2.13,3.02
19,9.86,-5.140000000000001,2.91,2.21
19,9.86,-2.1400000000000006,1.52,4.23
19,11.86,-2.1400000000000006,1.9,3.38
19,8.86,-7.140000000000001,2.43,1.5
19,-7.140000000000001,-3.1400000000000006,1.34,2.71
20,-13.14,-5.140000000000001,2.58,2.49
20,-13.14,-2.1400000000000006,1.46,4.4
20,-12.14,2.8599999999999994,2.37,2.71
20,-12.14,-7.140000000000001,3.22,1.99
20,-11.14,-2.1400000000000006,2.98,2.15
20,-11.14,0.8599999999999994,3.23,1.98
20,-10.14,-5.140000000000001,3.02,2.11
20,-9.14,2.8599999999999994,1.74,3.66
20,-10.14,-9.14,4.58,1.39
20,-8.14,6.859999999999999,1.85,3.44
20,-7.140000000000001,-2.1400000000000006,1.62,3.92
20,-7.140000000000001,-12.14,2.98,2.13
20,-7.140000000000001,1.8599999999999994,2.78,2.28
20,-8.14,-7.140000000000001,4.98,1.27
20,-6.140000000000001,-5.140000000000001,3.11,2.03
20,-7.140000000000001,4.859999999999999,4.02,1.56
20,-6.140000000000001,6.859999999999999,4.88,1.28
20,-6.140000000000001,8.86,2.75,2.27
20,-5.140000000000001,-2.1400000000000006,3.09,2.02
20,-4.140000000000001,-13.14,2.32,2.68
20,-4.140000000000001,-10.14,2.51,2.47
20,-4.140000000000001,0.8599999999999994,3.69,1.68
20,-4.140000000000001,2.8599999999999994,3.16,1.96
20,-3.1400000000000006,-7.140000000000001,3.72,1.66
20,-2.1400000000000006,8.86,1.3,4.75
20,-2.1400000000000006,-5.140000000000001,4.37,1.41
20,-1.1400000000000006,-13.14,1.33,4.61
20,-2.1400000000000006,4.859999999999999,4.31,1.42
20,-1.1400000000000006,-3.1400000000000006,3.6,1.7
20,-0.14000000000000057,-1.1400000000000006,2.87,2.13
20,-0.14000000000000057,6.859999999999999,1.87,3.26
20,0.8599999999999994,-13.14,1.41,4.32
20,1.8599999999999994,6.859999999999999,1.32,4.61
20,2.8599999999999994,-13.14,1.95,3.12
20,-0.14000000000000057,1.8599999999999994,4.54,1.34
20,0.8599999999999994,-8.14,3.8,1.6
20,2.8599999999999994,-6.140000000000001,2.31,2.63
20,2.8599999999999994,-3.1400000000000006,3.21,1.89
20,2.8599999999999994,-1.1400000000000006,2.89,2.09
20,3.8599999999999994,3.8599999999999994,1.61,3.74
20,3.8599999999999994,7.859999999999999,1.83,3.29
20,4.859999999999999,-12.14,1.72,3.5
20,4.859999999999999,-8.14,3.83,1.57
20,5.859999999999999,-6.140000000000001,2.51,2.39
20,5.859999999999999,-1.1400000000000006,2.48,2.4
20,5.859999999999999,1.8599999999999994,1.83,3.25
20,5.859999999999999,5.859999999999999,3.54,1.68
20,8.86,-8.14,1.37,4.33
20,5.859999999999999,7.859999999999999,2.41,2.46
20,6.859999999999999,-3.1400000000000006,4.41,1.34
20,7.859999999999999,1.8599999999999994,3.21,1.84
20,7.859999999999999,3.8599999999999994,4.36,1.35
20,8.86,-1.1400000000000006,3.25,1.81
20,-0.14000000000000057,10.86,1.54,2.35
21,-13.14,-5.140000000000001,2.28,2.58
21,-13.14,-2.1400000000000006,3.53,1.66
21,-13.14,-0.14000000000000057,3.29,1.78
21,-12.14,1.8599999999999994,1.19,4.92
21,-12.14,-7.140000000000001,3.48,1.67
21,-10.14,-5.140000000000001,2.13,2.72
21,-10.14,1.8599999999999994,1.44,4.01
21,-8.14,-11.14,1.26,4.58
21,-10.14,6.859999999999999,4.89,1.18
21,-8.14,-2.1400000000000006,1.19,4.84
21,-8.14,2.8599999999999994,4.33,1.33
21,-7.140000000000001,-6.140000000000001,2.33,2.47
21,-8.14,4.859999999999999,3.91,1.47
21,-8.14,8.86,3.28,1.75
21,-6.140000000000001,-12.14,2.45,2.34
21,-6.140000000000001,-9.14,3.39,1.69
21,-6.140000000000001,-3.1400000000000006,2.04,2.79
21,-6.140000000000001,-0.14000000000000057,2.0,2.84
21,-4.140000000000001,-7.140000000000001,1.63,3.48
21,-5.140000000000001,6.859999999999999,4.22,1.34
21,-3.1400000000000006,-3.1400000000000006,1.19,4.75
21,-5.140000000000001,10.86,4.97,1.13
21,-3.1400000000000006,-13.14,2.75,2.04
21,-3.1400000000000006,1.8599999999999994,1.53,3.66
21,-2.1400000000000006,-10.14,2.19,2.54
21,-4.140000000000001,8.86,3.37,1.65
21,-2.1400000000000006,-7.140000000000001,4.66,1.19
21,-1.1400000000000006,-5.140000000000001,1.64,3.38
21,-1.1400000000000006,-1.1400000000000006,1.7,3.24
21,-1.1400000000000006,2.8599999999999994,4.55,1.21
21,-0.14000000000000057,4.859999999999999,1.75,3.13
21,-0.14000000000000057,-13.14,3.98,1.37
21,-0.14000000000000057,8.86,1.78,3.06
21,0.8599999999999994,-11.14,2.42,2.25
21,0.8599999999999994,-5.140000000000001,1.44,3.78
21,0.8599999999999994,-1.1400000000000006,1.43,3.79
21,1.8599999999999994,4.859999999999999,4.2,1.29
21,1.8599999999999994,6.859999999999999,1.16,4.67
21,2.8599999999999994,-8.14,2.05,2.63
21,2.8599999999999994,-5.140000000000001,1.13,4.77
21,2.8599999999999994,-0.14000000000000057,3.49,1.54
21,3.8599999999999994,-12.14,2.17,2.47
21,3.8599999999999994,1.8599999999999994,4.21,1.27
21,3.8599999999999994,6.859999999999999,4.9,1.09
21,3.8599999999999994,8.86,2.21,2.41
21,4.859999999999999,-5.140000000000001,1.21,4.4
21,5.859999999999999,-9.14,3.98,1.33
21,6.859999999999999,-7.140000000000001,1.47,3.59
21,6.859999999999999,-3.1400000000000006,1.74,3.03
21,8.86,-7.140000000000001,1.17,4.5
21,8.86,-2.1400000000000006,1.25,4.2
21,8.86,2.8599999999999994,1.65,3.17
21,10.86,-5.140000000000001,1.18,4.43
21,10.86,-0.14000000000000057,1.59,3.28
21,6.859999999999999,3.8599999999999994,1.49,2.42
22,-13.14,-5.140000000000001,3.0,1.73
22,-13.14,-3.1400000000000006,4.71,1.1
22,-13.14,-1.1400000000000006,3.89,1.33
22,-13.14,0.8599999999999994,1.51,3.42
22,-11.14,-8.14,2.25,2.29
22,-11.14,0.8599999999999994,2.18,2.36
22,-12.14,4.859999999999999,4.51,1.14
22,-9.14,6.859999999999999,2.02,2.54
22,-8.14,-11.14,1.35,3.8
22,-8.14,-7.140000000000001,1.19,4.31
22,-9.14,-1.1400000000000006,3.77,1.36
22,-8.14,0.8599999999999994,3.46,1.48
22,-7.140000000000001,2.8599999999999994,2.35,2.17
22,-7.140000000000001,9.86,4.0,1.27
22,-6.140000000000001,-12.14,1.35,3.73
22,-6.140000000000001,-8.14,1.16,4.31
22,-6.140000000000001,-3.1400000000000006,4.31,1.16
22,-6.140000000000001,5.859999999999999,4.75,1.05
22,-6.140000000000001,7.859999999999999,4.61,1.08
22,-4.140000000000001,-13.14,1.6,3.1
22,-4.140000000000001,-9.14,1.34,3.7
22,-5.140000000000001,-1.1400000000000006,3.05,1.62
22,-4.140000000000001,-5.140000000000001,4.93,1.0
22,-4.140000000000001,0.8599999999999994,4.88,1.01
22,-4.140000000000001,2.8599999999999994,3.04,1.62
22,-2.1400000000000006,-13.14,1.02,4.82
22,-2.1400000000000006,-8.14,2.03,2.42
22,-2.1400000000000006,9.86,1.33,3.69
22,-1.1400000000000006,-3.1400000000000006,2.05,2.39
22,-1.1400000000000006,4.859999999999999,4.08,1.2
22,-0.14000000000000057,-13.14,1.08,4.53
22,-0.14000000000000057,6.859999999999999,1.43,3.42
22,0.8599999999999994,-8.14,1.22,4.0
22,-0.14000000000000057,2.8599999999999994,4.78,1.02
22,1.8599999999999994,-13.14,1.08,4.51
22,0.8599999999999994,-0.14000000000000057,2.01,2.42
22,1.8599999999999994,-3.1400000000000006,2.14,2.27
22,-0.14000000000000057,10.86,4.36,1.11
22,1.8599999999999994,6.859999999999999,2.04,2.37
22,2.8599999999999994,-8.14,4.51,1.07
22,3.8599999999999994,-12.14,1.27,3.79
22,4.859999999999999,-6.140000000000001,1.2,4.0
22,3.8599999999999994,-0.14000000000000057,4.57,1.04
22,4.859999999999999,1.8599999999999994,2.21,2.15
22,4.859999999999999,4.859999999999999,1.17,4.06
22,6.859999999999999,-6.140000000000001,3.59,1.32
22,6.859999999999999,4.859999999999999,1.04,4.55
22,6.859999999999999,-4.140000000000001,1.38,3.42
22,7.859999999999999,1.8599999999999994,3.42,1.38
22,8.86,-2.1400000000000006,4.61,1.02
22,8.86,3.8599999999999994,1.07,4.37
22,8.86,-0.14000000000000057,4.21,1.11
22,8.86,-4.140000000000001,3.33,1.4
22,5.859999999999999,-10.14,2.06,1.74
22,2.8599999999999994,-6.140000000000001,1.55,2.31
22,7.859999999999999,-8.14,2.52,1.42
23,-13.14,-5.140000000000001,3.45,1.35
23,-13.14,-3.1400000000000006,4.3,1.08
23,-13.14,-1.1400000000000006,1.46,3.18
23,-13.14,2.8599999999999994,4.22,1.1
23,-12.14,-7.140000000000001,3.29,1.41
23,-12.14,4.859999999999999,3.15,1.46
23,-11.14,-1.1400000000000006,2.18,2.1
23,-8.14,-11.14,1.32,3.44
23,-10.14,6.859999999999999,3.75,1.21
23,-9.14,-5.140000000000001,3.54,1.28
23,-8.14,-3.1400000000000006,2.22,2.04
23,-8.14,-0.14000000000000057,1.22,3.71
23,-6.140000000000001,-12.14,1.07,4.22
23,-6.140000000000001,-0.14000000000000057,1.22,3.7
23,-8.14,-7.140000000000001,3.73,1.21
23,-8.14,3.8599999999999994,4.0,1.12
23,-8.14,8.86,3.1,1.44
23,-6.140000000000001,5.859999999999999,3.37,1.32
23,-5.140000000000001,-5.140000000000001,3.09,1.43
23,-5.140000000000001,-3.1400000000000006,4.09,1.08
23,-5.140000000000001,10.86,3.64,1.21
23,-4.140000000000001,-13.14,2.16,2.03
23,-4.140000000000001,-10.14,1.14,3.83
23,-4.140000000000001,-1.1400000000000006,1.31,3.32
23,-2.1400000000000006,-10.14,1.29,3.36
23,-2.1400000000000006,-1.1400000000000006,1.25,3.43
23,-4.140000000000001,7.859999999999999,3.93,1.09
23,-3.1400000000000006,2.8599999999999994,2.03,2.11
23,-1.1400000000000006,-13.14,2.14,2.0
23,-1.1400000000000006,9.86,1.37,3.1
23,-2.1400000000000006,5.859999999999999,3.04,1.39
23,-0.14000000000000057,-10.14,1.28,3.29
23,-0.14000000000000057,-6.140000000000001,1.03,4.08
23,-0.14000000000000057,-1.1400000000000006,1.33,3.15
23,0.8599999999999994,7.859999999999999,1.03,4.06
23,1.8599999999999994,-13.14,1.16,3.6
23,1.8599999999999994,-9.14,1.28,3.23
23,1.8599999999999994,-5.140000000000001,1.34,3.06
23,-0.14000000000000057,2.8599999999999994,3.2,1.28
23,1.8599999999999994,-1.1400000000000006,1.05,3.88
23,1.8599999999999994,4.859999999999999,3.79,1.07
23,2.8599999999999994,6.859999999999999,1.28,3.13
23,3.8599999999999994,-12.14,1.33,3.01
23,3.8599999999999994,-8.14,3.11,1.28
23,3.8599999999999994,-6.140000000000001,3.82,1.04
23,3.8599999999999994,-4.140000000000001,1.08,3.6
23,3.8599999999999994,-0.14000000000000057,1.18,3.29
23,4.859999999999999,6.859999999999999,3.61,1.07
23,5.859999999999999,-4.140000000000001,1.01,3.82
23,5.859999999999999,-0.14000000000000057,1.26,3.05
23,7.859999999999999,-9.14,1.0,3.76
23,7.859999999999999,-5.140000000000001,1.17,3.17
23,4.859999999999999,8.86,3.15,1.17
23,5.859999999999999,3.8599999999999994,3.11,1.17
23,7.859999999999999,-1.1400000000000006,3.32,1.09
23,9.86,-7.140000000000001,1.06,3.38
23,2.8599999999999994,10.86,2.12,1.67
23,7.859999999999999,0.8599999999999994,2.44,1.45
23,9.86,-3.1400000000000006,2.08,1.7
23,9.86,2.8599999999999994,1.05,3.36
23,5.859999999999999,-11.14,1.32,2.66
23,11.86,-1.1400000000000006,1.43,2.43
24,-13.14,-5.140000000000001,3.47,1.01
24,-13.14,-3.1400000000000006,1.3,2.66
24,-13.14,-0.14000000000000057,1.58,2.18
24,-12.14,2.8599999999999994,1.06,3.24
24,-12.14,-7.140000000000001,2.19,1.56
24,-11.14,-3.1400000000000006,1.09,3.13
24,-10.14,0.8599999999999994,1.36,2.49
24,-10.14,-9.14,3.16,1.07
24,-10.14,3.8599999999999994,2.11,1.6
24,-10.14,5.859999999999999,1.22,2.76
24,-9.14,-7.140000000000001,1.53,2.19
24,-9.14,-4.140000000000001,3.16,1.06
24,-9.14,-2.1400000000000006,1.26,2.64
24,-8.14,-11.14,2.14,1.55
24,-8.14,0.8599999999999994,1.11,2.94
24,-8.14,5.859999999999999,1.04,3.11
24,-7.140000000000001,-7.140000000000001,1.27,2.53
24,-7.140000000000001,-2.1400000000000006,3.15,1.02
24,-6.140000000000001,-0.14000000000000057,1.43,2.24
24,-7.140000000000001,3.8599999999999994,3.08,1.04
24,-6.140000000000001,5.859999999999999,1.05,3.03
24,-7.140000000000001,9.86,2.57,1.23
24,-6.140000000000001,-9.14,2.42,1.29
24,-5.140000000000001,-13.14,3.06,1.02
24,-5.140000000000001,-11.14,2.85,1.07
24,-5.140000000000001,-7.140000000000001,2.05,1.48
24,-5.140000000000001,-5.140000000000001,1.33,2.27
24,-4.140000000000001,-0.14000000000000057,2.77,1.08
24,-4.140000000000001,1.8599999999999994,2.68,1.11
24,-4.140000000000001,5.859999999999999,2.14,1.38
24,-4.140000000000001,7.859999999999999,1.34,2.2
24,-3.1400000000000006,-5.140000000000001,1.09,2.68
24,-4.140000000000001,10.86,2.33,1.25
24,-3.1400000000000006,-9.14,2.12,1.35
24,-3.1400000000000006,-2.1400000000000006,2.23,1.28
24,-3.1400000000000006,3.8599999999999994,2.77,1.03
24,-2.1400000000000006,7.859999999999999,1.09,2.6
24,-1.1400000000000006,-13.14,1.26,2.24
24,-1.1400000000000006,-7.140000000000001,1.14,2.47
24,-1.1400000000000006,-0.14000000000000057,1.28,2.16
24,-1.1400000000000006,-4.140000000000001,2.48,1.1
24,-1.1400000000000006,5.859999999999999,2.32,1.16
24,-1.1400000000000006,10.86,1.04,2.56
24,-0.14000000000000057,-10.14,2.5,1.06
24,-0.14000000000000057,-2.1400000000000006,2.43,1.08
24,-0.14000000000000057,2.8599999999999994,2.05,1.28
24,-0.14000000000000057,7.859999999999999,2.59,1.01
24,0.8599999999999994,-13.14,1.21,2.14
24,0.8599999999999994,-8.14,1.22,2.12
24,0.8599999999999994,-0.14000000000000057,2.52,1.02
24,0.8599999999999994,9.86,2.33,1.06
24,1.8599999999999994,-5.140000000000001,1.07,2.26
24,1.8599999999999994,4.859999999999999,2.06,1.16
24,2.8599999999999994,-13.14,1.14,2.08
24,2.8599999999999994,-10.14,1.12,2.04
24,2.8599999999999994,-7.140000000000001,2.18,1.04
24,2.8599999999999994,-2.1400000000000006,2.08,1.04
24,2.8599999999999994,1.8599999999999994,2.0,1.06
