Instance: CBPP
Bin radius: 14.14
Rotate enable: true
Bin num: 48
Bin id,X coordinate of lower left corner,Y coordinate of lower left corner,Item's width,Item's height
1,-8.14,-11.14,4.82,9.94
1,6.859999999999999,2.8599999999999994,3.98,5.9
1,-13.14,-5.140000000000001,4.96,9.83
1,-8.14,-1.1400000000000006,4.84,9.79
1,-3.1400000000000006,7.859999999999999,8.91,4.96
1,-3.1400000000000006,-13.14,4.91,9.54
1,-3.1400000000000006,-3.1400000000000006,4.92,9.52
1,1.8599999999999994,-12.14,4.61,9.98
1,1.8599999999999994,-2.1400000000000006,4.89,9.39
1,6.859999999999999,-7.140000000000001,4.57,9.99
2,-13.14,-5.140000000000001,4.65,9.78
2,-8.14,-11.14,4.59,9.89
2,-8.14,-1.1400000000000006,4.76,9.31
2,-3.1400000000000006,7.859999999999999,8.74,4.97
2,6.859999999999999,1.8599999999999994,3.88,6.99
2,-3.1400000000000006,-13.14,4.56,9.69
2,-3.1400000000000006,-3.1400000000000006,4.98,8.85
2,1.8599999999999994,-12.14,4.65,9.44
2,1.8599999999999994,-2.1400000000000006,4.78,9.15
2,6.859999999999999,-7.140000000000001,4.99,8.73
3,-13.14,-5.140000000000001,4.89,8.88
3,-8.14,-11.14,4.57,9.37
3,-8.14,-1.1400000000000006,4.74,8.99
3,-3.1400000000000006,-13.14,4.6,9.21
3,-3.1400000000000006,-3.1400000000000006,4.98,8.47
3,1.8599999999999994,-12.14,4.77,8.84
3,1.8599999999999994,-3.1400000000000006,4.74,8.89
3,6.859999999999999,-7.140000000000001,4.71,8.92
3,-5.140000000000001,7.859999999999999,8.74,4.8
3,6.859999999999999,1.8599999999999994,3.96,6.75
3,-3.1400000000000006,5.859999999999999,9.99,1.98
4,-13.14,-5.140000000000001,4.88,8.58
4,-8.14,-11.14,4.32,9.57
4,-8.14,-1.1400000000000006,4.52,9.1
4,-3.1400000000000006,6.859999999999999,9.13,4.41
4,6.859999999999999,1.8599999999999994,3.68,6.98
4,-3.1400000000000006,-13.14,4.2,9.74
4,-3.1400000000000006,-3.1400000000000006,4.09,9.96
4,1.8599999999999994,-12.14,4.79,8.49
4,1.8599999999999994,-3.1400000000000006,4.76,8.5
4,6.859999999999999,-7.140000000000001,4.61,8.76
5,-13.14,-5.140000000000001,4.66,8.63
5,-8.14,-11.14,4.81,8.35
5,-8.14,-2.1400000000000006,4.23,9.48
5,-3.1400000000000006,-13.14,4.3,9.32
5,-3.1400000000000006,-3.1400000000000006,4.45,9.0
5,1.8599999999999994,-12.14,4.23,9.4
5,1.8599999999999994,-2.1400000000000006,4.09,9.69
5,6.859999999999999,-7.140000000000001,4.16,9.51
5,-5.140000000000001,7.859999999999999,8.73,4.53
5,6.859999999999999,2.8599999999999994,3.89,5.91
6,-13.14,-5.140000000000001,4.33,9.12
6,-8.14,-11.14,4.57,8.61
6,-8.14,-2.1400000000000006,4.7,8.34
6,-3.1400000000000006,-13.14,4.25,9.22
6,-3.1400000000000006,-3.1400000000000006,4.76,8.22
6,1.8599999999999994,-12.14,4.45,8.79
6,1.8599999999999994,-3.1400000000000006,4.94,7.91
6,6.859999999999999,-7.140000000000001,4.07,9.59
6,-7.140000000000001,6.859999999999999,7.89,4.93
6,0.8599999999999994,5.859999999999999,7.89,4.93
6,6.859999999999999,2.8599999999999994,5.85,2.9
7,-13.14,-5.140000000000001,4.95,7.85
7,-8.14,-11.14,4.1,9.42
7,-8.14,-1.1400000000000006,4.04,9.54
7,-3.1400000000000006,4.859999999999999,4.98,7.71
7,6.859999999999999,1.8599999999999994,3.78,6.77
7,1.8599999999999994,6.859999999999999,3.94,5.7
7,-10.14,2.8599999999999994,1.99,5.91
7,-3.1400000000000006,-13.14,4.23,9.11
7,-3.1400000000000006,-3.1400000000000006,4.93,7.81
7,1.8599999999999994,-12.14,4.5,8.52
7,1.8599999999999994,-3.1400000000000006,4.0,9.58
7,6.859999999999999,-7.140000000000001,4.35,8.75
8,-8.14,-11.14,4.62,8.16
8,-3.1400000000000006,-13.14,4.77,7.8
8,4.859999999999999,-9.14,4.07,9.09
8,4.859999999999999,0.8599999999999994,4.86,7.61
8,9.86,-5.140000000000001,2.97,10.0
8,1.8599999999999994,-13.14,2.95,7.95
8,-13.14,-5.140000000000001,4.01,9.42
8,-8.14,-2.1400000000000006,3.82,9.81
8,-4.140000000000001,-2.1400000000000006,3.76,9.95
8,-0.14000000000000057,-5.140000000000001,4.78,7.75
8,-0.14000000000000057,2.8599999999999994,4.12,8.98
8,-7.140000000000001,7.859999999999999,6.5,3.93
9,-8.14,-11.14,4.72,7.81
9,-3.1400000000000006,-13.14,3.99,9.19
9,0.8599999999999994,-12.14,4.4,8.29
9,3.8599999999999994,-3.1400000000000006,4.88,7.45
9,8.86,-5.140000000000001,3.95,8.92
9,0.8599999999999994,6.859999999999999,7.87,3.94
9,5.859999999999999,-10.14,2.97,6.88
9,3.8599999999999994,4.859999999999999,7.83,1.92
9,-13.14,-5.140000000000001,4.32,8.56
9,-8.14,-3.1400000000000006,3.93,9.34
9,-4.140000000000001,-3.1400000000000006,3.74,9.81
9,-0.14000000000000057,-3.1400000000000006,3.91,9.37
9,-7.140000000000001,6.859999999999999,7.97,4.55
10,-13.14,-5.140000000000001,4.64,7.79
10,-8.14,-11.14,4.89,7.37
10,-8.14,-3.1400000000000006,4.56,7.89
10,-5.140000000000001,4.859999999999999,4.53,7.92
10,-3.1400000000000006,-13.14,4.73,7.58
10,-3.1400000000000006,-5.140000000000001,4.04,8.85
10,-0.14000000000000057,3.8599999999999994,4.14,8.62
10,1.8599999999999994,-12.14,4.39,8.11
10,4.859999999999999,-3.1400000000000006,4.81,7.4
10,9.86,-5.140000000000001,2.85,9.96
10,4.859999999999999,4.859999999999999,3.93,5.53
10,1.8599999999999994,-3.1400000000000006,2.81,6.94
10,-8.14,4.859999999999999,2.81,5.94
10,6.859999999999999,-9.14,2.87,5.71
10,-10.14,2.8599999999999994,1.96,5.98
11,0.8599999999999994,3.8599999999999994,4.16,8.44
11,1.8599999999999994,-12.14,4.27,8.21
11,5.859999999999999,-3.1400000000000006,4.29,8.16
11,1.8599999999999994,-3.1400000000000006,3.68,6.86
11,10.86,-5.140000000000001,1.86,9.95
11,6.859999999999999,-9.14,2.83,5.79
11,-8.14,-11.14,4.27,8.31
11,-3.1400000000000006,-13.14,4.03,8.77
11,-13.14,-5.140000000000001,4.44,8.0
11,-8.14,-2.1400000000000006,4.67,7.59
11,-3.1400000000000006,-4.140000000000001,4.61,7.64
11,-3.1400000000000006,3.8599999999999994,3.97,8.86
11,-7.140000000000001,5.859999999999999,3.72,5.83
12,-13.14,-5.140000000000001,4.15,8.43
12,-8.14,-11.14,4.49,7.76
12,-8.14,-3.1400000000000006,4.19,8.3
12,-3.1400000000000006,-13.14,3.69,9.4
12,-3.1400000000000006,-3.1400000000000006,3.81,9.08
12,0.8599999999999994,-13.14,3.55,9.74
12,0.8599999999999994,-3.1400000000000006,4.5,7.68
12,5.859999999999999,-8.14,4.08,8.46
12,0.8599999999999994,4.859999999999999,4.49,7.68
12,5.859999999999999,0.8599999999999994,4.75,7.25
12,-7.140000000000001,6.859999999999999,7.3,4.71
12,10.86,-5.140000000000001,1.91,9.56
13,-5.140000000000001,4.859999999999999,4.65,7.35
13,-0.14000000000000057,3.8599999999999994,4.36,7.83
13,4.859999999999999,-10.14,3.69,9.24
13,4.859999999999999,-0.14000000000000057,3.85,8.83
13,8.86,-5.140000000000001,3.65,9.31
13,-13.14,-5.140000000000001,3.81,9.04
13,-9.14,-10.14,3.45,9.96
13,-9.14,-0.14000000000000057,3.82,8.99
13,-5.140000000000001,-13.14,3.81,9.0
13,-5.140000000000001,-3.1400000000000006,4.88,7.01
13,-1.1400000000000006,-13.14,4.18,8.18
13,-0.14000000000000057,-4.140000000000001,4.32,7.91
14,-13.14,-5.140000000000001,4.48,7.51
14,-8.14,-11.14,4.39,7.66
14,-8.14,-3.1400000000000006,4.17,8.05
14,-3.1400000000000006,-13.14,3.74,8.96
14,-3.1400000000000006,-4.140000000000001,3.86,8.68
14,-3.1400000000000006,4.859999999999999,4.57,7.3
14,0.8599999999999994,-13.14,3.98,8.37
14,1.8599999999999994,-4.140000000000001,3.68,9.03
14,5.859999999999999,-9.14,3.63,9.15
14,5.859999999999999,0.8599999999999994,3.8,8.72
14,9.86,-5.140000000000001,2.96,9.5
14,1.8599999999999994,5.859999999999999,3.68,6.84
14,-7.140000000000001,5.859999999999999,3.74,5.71
14,-10.14,2.8599999999999994,1.89,5.97
15,-13.14,-5.140000000000001,3.63,9.1
15,-9.14,-10.14,4.87,6.77
15,-9.14,-3.1400000000000006,4.64,7.07
15,-4.140000000000001,-13.14,4.0,8.17
15,-5.140000000000001,4.859999999999999,4.48,7.28
15,-4.140000000000001,-4.140000000000001,4.78,6.82
15,-0.14000000000000057,2.8599999999999994,3.97,8.2
15,0.8599999999999994,-13.14,3.26,9.96
15,3.8599999999999994,-3.1400000000000006,4.04,8.03
15,8.86,-5.140000000000001,3.83,8.46
15,4.859999999999999,-10.14,3.92,6.41
15,3.8599999999999994,5.859999999999999,5.44,3.91
15,-8.14,4.859999999999999,2.85,5.65
15,0.8599999999999994,-3.1400000000000006,2.83,5.53
16,-13.14,-5.140000000000001,3.26,9.93
16,-9.14,-10.14,3.84,8.42
16,-9.14,-1.1400000000000006,3.82,8.46
16,-5.140000000000001,-13.14,3.68,8.78
16,-5.140000000000001,-4.140000000000001,3.28,9.85
16,-1.1400000000000006,-13.14,3.78,8.52
16,-1.1400000000000006,-4.140000000000001,3.62,8.89
16,2.8599999999999994,-12.14,3.71,8.64
16,2.8599999999999994,-3.1400000000000006,3.31,9.67
16,6.859999999999999,-8.14,3.32,9.61
16,-5.140000000000001,5.859999999999999,7.57,4.2
16,6.859999999999999,1.8599999999999994,3.57,6.95
16,10.86,-5.140000000000001,1.99,9.12
16,-5.140000000000001,10.86,9.83,1.83
16,2.8599999999999994,8.86,5.67,1.95
17,-13.14,-5.140000000000001,3.85,8.23
17,-9.14,-10.14,3.68,8.61
17,-9.14,-1.1400000000000006,3.7,8.56
17,-5.140000000000001,-13.14,3.19,9.9
17,-5.140000000000001,-3.1400000000000006,4.18,7.55
17,-2.1400000000000006,4.859999999999999,3.74,8.43
17,1.8599999999999994,3.8599999999999994,4.47,7.04
17,-5.140000000000001,4.859999999999999,2.92,7.92
17,6.859999999999999,4.859999999999999,1.93,5.63
17,-1.1400000000000006,-13.14,4.4,7.16
17,-0.14000000000000057,-5.140000000000001,3.51,8.97
17,3.8599999999999994,-11.14,3.8,8.28
17,6.859999999999999,-2.1400000000000006,4.72,6.65
17,3.8599999999999994,-2.1400000000000006,2.8,5.57
17,7.859999999999999,-8.14,2.82,5.53
18,-13.14,-5.140000000000001,3.53,8.89
18,-9.14,-10.14,4.33,7.24
18,-9.14,-2.1400000000000006,3.79,8.27
18,-5.140000000000001,-2.1400000000000006,3.34,9.38
18,-4.140000000000001,-13.14,4.18,7.49
18,-1.1400000000000006,-5.140000000000001,3.24,9.66
18,-1.1400000000000006,4.859999999999999,4.66,6.69
18,0.8599999999999994,-12.14,4.55,6.84
18,2.8599999999999994,-5.140000000000001,4.29,7.25
18,3.8599999999999994,2.8599999999999994,4.3,7.2
18,7.859999999999999,-7.140000000000001,3.53,8.77
18,-7.140000000000001,7.859999999999999,5.5,3.78
18,8.86,1.8599999999999994,1.97,6.95
18,5.859999999999999,-11.14,1.9,5.68
19,-13.14,-5.140000000000001,3.71,8.34
19,-9.14,-10.14,3.91,7.9
19,-9.14,-2.1400000000000006,4.5,6.86
19,-5.140000000000001,-13.14,3.13,9.85
19,-4.140000000000001,-3.1400000000000006,3.12,9.85
19,-1.1400000000000006,-13.14,3.4,9.02
19,-0.14000000000000057,-3.1400000000000006,3.41,8.97
19,2.8599999999999994,-12.14,3.41,8.96
19,-0.14000000000000057,5.859999999999999,4.41,6.92
19,3.8599999999999994,-3.1400000000000006,4.35,7.01
19,-7.140000000000001,6.859999999999999,6.56,4.63
19,8.86,-5.140000000000001,3.53,8.57
19,4.859999999999999,4.859999999999999,3.55,5.84
19,-12.14,4.859999999999999,7.59,1.96
19,6.859999999999999,-10.14,1.91,6.82
20,-13.14,-5.140000000000001,3.81,7.94
20,-9.14,-10.14,4.24,7.12
20,-9.14,-2.1400000000000006,3.02,9.99
20,-5.140000000000001,-2.1400000000000006,4.07,7.41
20,-4.140000000000001,-13.14,3.73,8.08
20,-5.140000000000001,5.859999999999999,4.89,6.16
20,-0.14000000000000057,-13.14,3.04,9.86
20,-0.14000000000000057,-3.1400000000000006,4.16,7.2
20,-0.14000000000000057,4.859999999999999,4.51,6.64
20,4.859999999999999,-10.14,3.33,8.99
20,4.859999999999999,-1.1400000000000006,3.32,8.99
20,8.86,-5.140000000000001,3.59,8.28
21,-13.14,-5.140000000000001,4.39,6.78
21,-10.14,1.8599999999999994,4.91,6.04
21,-8.14,-11.14,4.71,6.27
21,-5.140000000000001,-4.140000000000001,4.01,7.35
21,-2.1400000000000006,3.8599999999999994,3.14,9.38
21,-0.14000000000000057,-13.14,3.24,9.09
21,1.8599999999999994,-3.1400000000000006,3.53,8.32
21,5.859999999999999,-9.14,3.53,8.31
21,5.859999999999999,-0.14000000000000057,3.71,7.9
21,9.86,-5.140000000000001,2.81,9.75
21,-5.140000000000001,3.8599999999999994,2.97,8.72
21,-3.1400000000000006,-13.14,2.95,8.76
21,1.8599999999999994,5.859999999999999,3.62,6.82
21,3.8599999999999994,-12.14,1.99,8.93
21,-8.14,-4.140000000000001,2.64,5.82
21,-0.14000000000000057,-3.1400000000000006,1.87,6.94
22,-13.14,-5.140000000000001,3.35,8.73
22,-9.14,-10.14,3.6,8.11
22,-9.14,-1.1400000000000006,4.39,6.65
22,-5.140000000000001,-13.14,4.2,6.92
22,-5.140000000000001,5.859999999999999,4.76,6.09
22,-4.140000000000001,-6.140000000000001,4.14,7.0
22,-0.14000000000000057,1.8599999999999994,3.93,7.37
22,0.8599999999999994,-13.14,3.53,8.2
22,0.8599999999999994,-4.140000000000001,4.84,5.98
22,3.8599999999999994,1.8599999999999994,3.4,8.5
22,5.859999999999999,-8.14,4.39,6.58
22,7.859999999999999,-1.1400000000000006,4.14,6.97
22,-7.140000000000001,5.859999999999999,1.85,5.83
22,-0.14000000000000057,10.86,5.74,1.86
23,-13.14,-5.140000000000001,3.4,8.47
23,-9.14,-10.14,4.35,6.62
23,-9.14,-3.1400000000000006,4.79,5.99
23,-8.14,2.8599999999999994,3.96,7.22
23,-4.140000000000001,-13.14,4.78,5.97
23,-4.140000000000001,-7.140000000000001,3.94,7.24
23,-4.140000000000001,0.8599999999999994,3.36,8.48
23,-0.14000000000000057,-7.140000000000001,4.07,7.0
23,-0.14000000000000057,0.8599999999999994,3.96,7.17
23,3.8599999999999994,0.8599999999999994,3.45,8.22
23,4.859999999999999,-10.14,3.99,7.1
23,7.859999999999999,-2.1400000000000006,3.77,7.5
23,-4.140000000000001,9.86,9.23,2.94
23,0.8599999999999994,-13.14,3.55,5.84
23,8.86,-8.14,1.8,5.93
24,-13.14,-5.140000000000001,3.61,7.82
24,-9.14,-10.14,4.53,6.23
24,-9.14,-3.1400000000000006,4.0,7.03
24,-4.140000000000001,-13.14,3.05,9.21
24,-4.140000000000001,-3.1400000000000006,3.45,8.12
24,-5.140000000000001,5.859999999999999,4.09,6.83
24,-0.14000000000000057,-13.14,3.5,7.97
24,-0.14000000000000057,-5.140000000000001,3.55,7.85
24,-0.14000000000000057,2.8599999999999994,4.11,6.76
24,3.8599999999999994,-11.14,3.16,8.75
24,4.859999999999999,-2.1400000000000006,4.11,6.71
24,9.86,-5.140000000000001,2.87,9.3
24,4.859999999999999,4.859999999999999,3.51,5.64
24,-8.14,4.859999999999999,2.71,5.54
24,7.859999999999999,-9.14,1.93,6.62
24,-0.14000000000000057,10.86,5.41,1.95
25,-13.14,-5.140000000000001,3.53,7.8
25,-9.14,-10.14,4.19,6.55
25,-10.14,2.8599999999999994,4.78,5.74
25,-5.140000000000001,-3.1400000000000006,3.06,8.96
25,-4.140000000000001,-13.14,3.37,8.13
25,-5.140000000000001,5.859999999999999,4.32,6.31
25,-1.1400000000000006,-4.140000000000001,3.48,7.82
25,-0.14000000000000057,-13.14,3.7,7.35
25,-0.14000000000000057,3.8599999999999994,4.61,5.89
25,2.8599999999999994,-5.140000000000001,4.83,5.61
25,4.859999999999999,0.8599999999999994,3.51,7.71
25,8.86,-5.140000000000001,3.04,8.9
25,-9.14,-3.1400000000000006,3.81,5.16
25,3.8599999999999994,-11.14,3.68,5.32
25,-0.14000000000000057,9.86,5.85,2.56
26,-13.14,-5.140000000000001,3.49,7.74
26,-9.14,-10.14,4.41,6.1
26,-9.14,-3.1400000000000006,4.16,6.46
26,-8.14,3.8599999999999994,4.15,6.45
26,-4.140000000000001,-13.14,4.52,5.9
26,-4.140000000000001,-7.140000000000001,3.59,7.41
26,-3.1400000000000006,0.8599999999999994,2.93,9.06
26,-0.14000000000000057,-7.140000000000001,4.15,6.39
26,4.859999999999999,-9.14,4.95,5.34
26,0.8599999999999994,-13.14,3.61,5.31
26,-0.14000000000000057,-0.14000000000000057,4.64,5.7
26,4.859999999999999,-3.1400000000000006,3.48,7.6
26,8.86,-3.1400000000000006,2.64,9.98
26,-0.14000000000000057,5.859999999999999,4.35,5.96
26,4.859999999999999,4.859999999999999,1.06,6.45
26,6.859999999999999,4.859999999999999,1.21,5.45
27,-13.14,-5.140000000000001,4.06,6.51
27,-8.14,-11.14,3.07,8.56
27,-8.14,-2.1400000000000006,2.76,9.51
27,-5.140000000000001,-2.1400000000000006,4.12,6.37
27,-4.140000000000001,-13.14,2.82,9.27
27,-2.1400000000000006,4.859999999999999,3.12,8.35
27,-1.1400000000000006,-13.14,3.39,7.67
27,-0.14000000000000057,-5.140000000000001,3.38,7.68
27,1.8599999999999994,2.8599999999999994,4.5,5.76
27,3.8599999999999994,-11.14,3.12,8.3
27,6.859999999999999,-2.1400000000000006,2.83,9.15
27,9.86,-5.140000000000001,2.59,9.91
27,-5.140000000000001,4.859999999999999,2.82,7.96
27,-11.14,1.8599999999999994,2.54,5.81
27,7.859999999999999,-9.14,1.91,6.41
27,1.8599999999999994,8.86,6.16,1.98
28,-13.14,-5.140000000000001,4.11,6.3
28,-9.14,1.8599999999999994,3.56,7.25
28,-8.14,-11.14,3.21,8.04
28,-5.140000000000001,-2.1400000000000006,3.14,8.21
28,-4.140000000000001,-13.14,3.24,7.95
28,-1.1400000000000006,-5.140000000000001,3.36,7.65
28,-1.1400000000000006,2.8599999999999994,3.16,8.13
28,-0.14000000000000057,-13.14,3.3,7.77
28,2.8599999999999994,-5.140000000000001,3.14,8.16
28,2.8599999999999994,3.8599999999999994,4.17,6.13
28,6.859999999999999,-8.14,3.16,8.08
28,7.859999999999999,0.8599999999999994,2.8,7.98
28,3.8599999999999994,-12.14,2.77,6.99
28,-5.140000000000001,6.859999999999999,3.47,5.51
28,10.86,-5.140000000000001,1.96,9.15
28,-11.14,1.8599999999999994,1.94,5.3
29,-13.14,-5.140000000000001,2.78,9.15
29,-10.14,-9.14,3.28,7.75
29,-10.14,-1.1400000000000006,4.62,5.49
29,-8.14,4.859999999999999,5.0,5.07
29,-6.140000000000001,-12.14,4.62,5.47
29,-5.140000000000001,-6.140000000000001,4.24,5.95
29,-2.1400000000000006,-0.14000000000000057,3.1,8.09
29,-0.14000000000000057,-13.14,3.58,7.0
29,1.8599999999999994,-5.140000000000001,3.14,7.98
29,1.8599999999999994,2.8599999999999994,2.76,9.01
29,4.859999999999999,2.8599999999999994,3.17,7.84
29,5.859999999999999,-8.14,4.68,5.31
29,8.86,-2.1400000000000006,3.28,7.56
29,3.8599999999999994,-12.14,1.89,6.36
29,-5.140000000000001,10.86,6.24,1.9
30,-7.140000000000001,3.8599999999999994,3.16,7.8
30,-3.1400000000000006,5.859999999999999,3.62,6.78
30,0.8599999999999994,-12.14,4.19,5.85
30,0.8599999999999994,3.8599999999999994,2.94,8.32
30,3.8599999999999994,-6.140000000000001,4.72,5.17
30,3.8599999999999994,-0.14000000000000057,4.1,5.94
30,8.86,-7.140000000000001,2.74,8.88
30,3.8599999999999994,5.859999999999999,5.62,3.4
30,-9.14,3.8599999999999994,1.84,5.58
30,-13.14,-5.140000000000001,2.61,9.52
30,-10.14,-9.14,3.85,6.41
30,-10.14,-2.1400000000000006,4.41,5.59
30,-6.140000000000001,-12.14,3.0,8.21
30,-3.1400000000000006,-3.1400000000000006,2.8,8.79
30,-2.1400000000000006,-13.14,2.46,9.97
30,-0.14000000000000057,-3.1400000000000006,3.83,6.4
30,-5.140000000000001,-3.1400000000000006,1.83,6.25
31,-10.14,-9.14,4.12,5.9
31,-5.140000000000001,-13.14,3.89,6.2
31,-2.1400000000000006,-6.140000000000001,4.09,5.88
31,-1.1400000000000006,-13.14,4.59,5.23
31,2.8599999999999994,-7.140000000000001,2.62,9.14
31,2.8599999999999994,2.8599999999999994,3.16,7.54
31,5.859999999999999,-8.14,4.03,5.9
31,6.859999999999999,-2.1400000000000006,4.71,5.04
31,6.859999999999999,3.8599999999999994,2.5,5.84
31,-13.14,-5.140000000000001,2.72,8.94
31,-10.14,-3.1400000000000006,3.0,8.09
31,-6.140000000000001,-3.1400000000000006,3.44,7.03
31,-7.140000000000001,5.859999999999999,4.18,5.78
31,-2.1400000000000006,-0.14000000000000057,4.57,5.26
31,-2.1400000000000006,5.859999999999999,3.46,6.94
32,-10.14,2.8599999999999994,4.04,5.83
32,-5.140000000000001,0.8599999999999994,3.51,6.67
32,-1.1400000000000006,2.8599999999999994,3.34,6.96
32,2.8599999999999994,2.8599999999999994,2.31,9.98
32,5.859999999999999,2.8599999999999994,4.08,5.64
32,-5.140000000000001,9.86,7.83,2.77
32,-13.14,-5.140000000000001,3.19,7.44
32,-9.14,-10.14,3.58,6.6
32,-5.140000000000001,-13.14,3.61,6.51
32,-5.140000000000001,-6.140000000000001,3.69,6.35
32,-9.14,-3.1400000000000006,3.52,5.42
32,-1.1400000000000006,-13.14,2.78,8.41
32,-1.1400000000000006,-4.140000000000001,3.52,6.62
32,1.8599999999999994,-13.14,2.76,8.38
32,2.8599999999999994,-4.140000000000001,3.38,6.83
32,6.859999999999999,-9.14,2.55,9.03
32,9.86,-5.140000000000001,2.99,7.42
32,4.859999999999999,-12.14,1.87,7.8
33,-13.14,-5.140000000000001,2.51,9.11
33,-10.14,-9.14,4.31,5.3
33,-10.14,-3.1400000000000006,3.1,7.34
33,-8.14,4.859999999999999,4.04,5.63
33,-6.140000000000001,-3.1400000000000006,4.5,5.05
33,-5.140000000000001,-13.14,3.57,6.36
33,-3.1400000000000006,2.8599999999999994,3.36,6.75
33,-1.1400000000000006,-13.14,3.46,6.53
33,-1.1400000000000006,-6.140000000000001,2.62,8.58
33,0.8599999999999994,2.8599999999999994,3.47,6.47
33,1.8599999999999994,-6.140000000000001,4.01,5.58
33,4.859999999999999,-0.14000000000000057,2.5,8.95
33,6.859999999999999,-7.140000000000001,4.12,5.43
33,7.859999999999999,-1.1400000000000006,3.59,6.22
33,-3.1400000000000006,9.86,8.85,2.52
33,2.8599999999999994,-12.14,3.72,5.11
34,-10.14,-9.14,3.68,6.06
34,-6.140000000000001,-12.14,2.37,9.38
34,-3.1400000000000006,-13.14,2.44,9.04
34,2.8599999999999994,3.8599999999999994,2.91,7.45
34,-0.14000000000000057,-13.14,2.26,9.65
34,2.8599999999999994,-12.14,2.56,8.51
34,1.8599999999999994,-3.1400000000000006,3.62,6.01
34,5.859999999999999,-10.14,2.38,9.11
34,5.859999999999999,-0.14000000000000057,4.14,5.23
34,8.86,-7.140000000000001,2.84,6.7
34,10.86,-0.14000000000000057,1.9,5.32
34,-13.14,-5.140000000000001,2.25,9.92
34,-10.14,-2.1400000000000006,3.16,7.05
34,-6.140000000000001,-2.1400000000000006,3.0,7.37
34,-7.140000000000001,5.859999999999999,4.06,5.42
34,-2.1400000000000006,-3.1400000000000006,3.29,6.64
34,-2.1400000000000006,3.8599999999999994,4.16,5.25
35,-13.14,-5.140000000000001,2.71,7.98
35,-10.14,-9.14,3.33,6.46
35,-10.14,-2.1400000000000006,2.74,7.85
35,-7.140000000000001,-2.1400000000000006,4.27,5.03
35,-6.140000000000001,-12.14,2.41,8.88
35,-5.140000000000001,3.8599999999999994,2.42,8.84
35,-3.1400000000000006,-13.14,4.17,5.11
35,-2.1400000000000006,-7.140000000000001,2.77,7.6
35,-2.1400000000000006,0.8599999999999994,2.94,7.16
35,0.8599999999999994,-7.140000000000001,2.46,8.55
35,0.8599999999999994,1.8599999999999994,2.51,8.36
35,3.8599999999999994,-12.14,2.89,7.25
35,3.8599999999999994,-4.140000000000001,2.79,7.49
35,6.859999999999999,-9.14,2.16,9.67
35,6.859999999999999,0.8599999999999994,2.6,8.03
35,9.86,-5.140000000000001,2.14,9.75
35,3.8599999999999994,3.8599999999999994,2.65,7.85
35,-7.140000000000001,3.8599999999999994,1.82,7.98
35,1.8599999999999994,-13.14,1.81,5.57
35,-2.1400000000000006,10.86,5.66,1.77
36,-13.14,-5.140000000000001,2.16,9.62
36,-10.14,-9.14,3.46,6.0
36,-10.14,-2.1400000000000006,2.55,8.1
36,-7.140000000000001,-2.1400000000000006,2.83,7.27
36,-6.140000000000001,-12.14,2.51,8.19
36,-4.140000000000001,-3.1400000000000006,2.29,8.92
36,-3.1400000000000006,-13.14,2.84,7.19
36,-1.1400000000000006,-5.140000000000001,2.43,8.4
36,-2.1400000000000006,5.859999999999999,2.65,7.68
36,1.8599999999999994,-13.14,2.23,9.11
36,1.8599999999999994,-3.1400000000000006,2.1,9.65
36,4.859999999999999,-11.14,2.04,9.92
36,4.859999999999999,-1.1400000000000006,2.04,9.91
36,7.859999999999999,-7.140000000000001,3.03,6.67
36,7.859999999999999,-0.14000000000000057,2.28,8.86
36,-5.140000000000001,5.859999999999999,2.89,6.58
36,0.8599999999999994,6.859999999999999,3.34,5.59
36,-0.14000000000000057,-13.14,1.91,7.53
36,-7.140000000000001,5.859999999999999,1.97,5.06
36,10.86,-0.14000000000000057,1.61,5.94
37,-13.14,-5.140000000000001,2.1,9.62
37,-10.14,-9.14,2.28,8.81
37,-10.14,-0.14000000000000057,3.32,6.05
37,-7.140000000000001,-12.14,2.03,9.83
37,-6.140000000000001,-2.1400000000000006,2.29,8.7
37,-4.140000000000001,-13.14,3.05,6.44
37,-3.1400000000000006,-6.140000000000001,2.35,8.34
37,-3.1400000000000006,2.8599999999999994,2.64,7.41
37,-0.14000000000000057,-13.14,2.08,9.33
37,-0.14000000000000057,-3.1400000000000006,3.0,6.4
37,-0.14000000000000057,3.8599999999999994,3.08,6.23
37,2.8599999999999994,-12.14,2.6,7.32
37,3.8599999999999994,-4.140000000000001,2.01,9.34
37,6.859999999999999,-9.14,2.32,8.09
37,6.859999999999999,-0.14000000000000057,3.05,6.14
37,10.86,-5.140000000000001,1.99,8.85
37,-5.140000000000001,10.86,9.94,1.76
37,-9.14,6.859999999999999,5.28,2.76
37,3.8599999999999994,6.859999999999999,5.66,2.57
38,-10.14,-9.14,2.3,8.13
38,-7.140000000000001,-12.14,2.16,8.59
38,-4.140000000000001,-13.14,3.58,5.17
38,-4.140000000000001,-7.140000000000001,2.66,6.95
38,-0.14000000000000057,-13.14,2.32,7.94
38,2.8599999999999994,-12.14,3.41,5.39
38,2.8599999999999994,-6.140000000000001,2.69,6.81
38,2.8599999999999994,0.8599999999999994,2.47,7.4
38,5.859999999999999,-6.140000000000001,2.05,8.91
38,5.859999999999999,2.8599999999999994,3.18,5.72
38,8.86,-7.140000000000001,2.53,7.17
38,9.86,0.8599999999999994,1.86,5.08
38,-13.14,-5.140000000000001,2.96,6.32
38,-10.14,-0.14000000000000057,2.33,8.02
38,-7.140000000000001,-3.1400000000000006,2.35,7.89
38,-7.140000000000001,4.859999999999999,3.23,5.74
38,-3.1400000000000006,-0.14000000000000057,2.58,7.15
38,-0.14000000000000057,-5.140000000000001,2.52,7.3
38,-0.14000000000000057,2.8599999999999994,2.91,6.32
38,-3.1400000000000006,9.86,8.39,2.16
39,-10.14,-9.14,3.42,5.29
39,-6.140000000000001,-12.14,2.12,8.39
39,-3.1400000000000006,-13.14,2.05,8.58
39,-0.14000000000000057,-13.14,2.53,6.9
39,0.8599999999999994,2.8599999999999994,3.12,5.58
39,1.8599999999999994,-6.140000000000001,1.97,8.79
39,3.8599999999999994,-12.14,1.83,9.44
39,4.859999999999999,-2.1400000000000006,1.77,9.74
39,6.859999999999999,-9.14,2.1,8.2
39,6.859999999999999,-0.14000000000000057,1.76,9.73
39,9.86,-5.140000000000001,2.28,7.49
39,0.8599999999999994,8.86,5.59,2.58
39,8.86,2.8599999999999994,1.78,5.13
39,-13.14,-5.140000000000001,2.49,7.27
39,-10.14,-3.1400000000000006,2.89,6.23
39,-8.14,3.8599999999999994,2.59,6.93
39,-7.140000000000001,-3.1400000000000006,2.92,6.1
39,-5.140000000000001,3.8599999999999994,2.02,8.8
39,-4.140000000000001,-3.1400000000000006,2.83,6.22
39,-2.1400000000000006,3.8599999999999994,2.88,6.1
39,-1.1400000000000006,-4.140000000000001,2.57,6.8
40,-10.14,0.8599999999999994,2.3,7.39
40,-4.140000000000001,1.8599999999999994,2.25,7.49
40,-1.1400000000000006,4.859999999999999,2.19,7.65
40,0.8599999999999994,-5.140000000000001,2.61,6.41
40,1.8599999999999994,1.8599999999999994,1.8,9.29
40,3.8599999999999994,-12.14,1.77,9.44
40,3.8599999999999994,-2.1400000000000006,1.99,8.39
40,5.859999999999999,-10.14,2.58,6.47
40,5.859999999999999,-3.1400000000000006,1.82,9.16
40,7.859999999999999,-3.1400000000000006,2.27,7.34
40,10.86,-5.140000000000001,1.65,9.96
40,3.8599999999999994,6.859999999999999,5.65,2.54
40,1.8599999999999994,-13.14,1.86,7.68
40,-12.14,0.8599999999999994,1.74,5.21
40,-7.140000000000001,9.86,5.28,1.7
40,-13.14,-5.140000000000001,3.06,5.58
40,-9.14,-10.14,1.83,9.3
40,-7.140000000000001,-12.14,1.84,9.23
40,-7.140000000000001,-2.1400000000000006,2.02,8.39
40,-5.140000000000001,-13.14,2.47,6.85
40,-4.140000000000001,-6.140000000000001,2.35,7.18
40,-1.1400000000000006,-13.14,2.35,7.16
40,-1.1400000000000006,-5.140000000000001,1.85,9.07
41,-13.14,-5.140000000000001,2.07,8.01
41,-10.14,-9.14,2.73,6.05
41,-10.14,-2.1400000000000006,1.72,9.52
41,-8.14,-2.1400000000000006,2.15,7.56
41,-7.140000000000001,-12.14,1.77,9.16
41,-5.140000000000001,-13.14,2.66,6.06
41,-5.140000000000001,-6.140000000000001,1.94,8.26
41,-5.140000000000001,2.8599999999999994,1.7,9.41
41,-3.1400000000000006,-6.140000000000001,3.05,5.22
41,-3.1400000000000006,-0.14000000000000057,2.43,6.54
41,-2.1400000000000006,-13.14,2.57,6.17
41,-3.1400000000000006,6.859999999999999,3.15,5.03
41,0.8599999999999994,-13.14,2.02,7.84
41,0.8599999999999994,-5.140000000000001,1.79,8.8
41,0.8599999999999994,3.8599999999999994,1.9,8.27
41,2.8599999999999994,-5.140000000000001,1.78,8.81
41,2.8599999999999994,3.8599999999999994,3.05,5.13
41,3.8599999999999994,-11.14,3.06,5.11
41,6.859999999999999,-5.140000000000001,1.58,9.69
41,8.86,-7.140000000000001,2.12,7.21
41,4.859999999999999,-5.140000000000001,1.73,8.81
41,8.86,0.8599999999999994,2.44,5.86
41,-7.140000000000001,5.859999999999999,1.72,5.07
41,6.859999999999999,4.859999999999999,1.43,5.77
42,-13.14,-5.140000000000001,1.65,9.25
42,-11.14,-8.14,2.16,6.94
42,-11.14,-1.1400000000000006,1.8,8.32
42,-9.14,-1.1400000000000006,2.39,6.25
42,-8.14,-11.14,1.84,8.08
42,-6.140000000000001,-12.14,1.53,9.64
42,-6.140000000000001,-2.1400000000000006,2.39,6.17
42,-5.140000000000001,4.859999999999999,2.07,7.09
42,-4.140000000000001,-13.14,1.75,8.35
42,-2.1400000000000006,-13.14,1.47,9.87
42,-3.1400000000000006,-3.1400000000000006,2.11,6.87
42,-2.1400000000000006,3.8599999999999994,1.48,9.72
42,-0.14000000000000057,-13.14,2.25,6.37
42,-0.14000000000000057,-6.140000000000001,2.69,5.3
42,2.8599999999999994,-13.14,1.69,8.43
42,4.859999999999999,-12.14,1.89,7.48
42,7.859999999999999,-8.14,2.16,6.54
42,-7.140000000000001,5.859999999999999,1.5,5.49
42,-0.14000000000000057,-0.14000000000000057,2.69,5.3
42,-0.14000000000000057,5.859999999999999,2.36,6.01
42,2.8599999999999994,-4.140000000000001,2.22,6.38
42,2.8599999999999994,2.8599999999999994,2.38,5.95
42,5.859999999999999,-4.140000000000001,1.62,8.72
42,7.859999999999999,-1.1400000000000006,2.27,6.22
42,10.86,-5.140000000000001,1.93,7.26
42,5.859999999999999,4.859999999999999,1.52,5.4
43,-13.14,-5.140000000000001,1.43,9.76
43,-11.14,-8.14,2.65,5.26
43,-11.14,-2.1400000000000006,1.81,7.7
43,-9.14,-2.1400000000000006,1.76,7.91
43,-7.140000000000001,-12.14,1.43,9.71
43,-7.140000000000001,-2.1400000000000006,1.64,8.46
43,-5.140000000000001,-13.14,1.39,9.94
43,-5.140000000000001,-3.1400000000000006,2.13,6.48
43,-3.1400000000000006,-13.14,1.44,9.56
43,-5.140000000000001,3.8599999999999994,2.34,5.87
43,-2.1400000000000006,-3.1400000000000006,1.87,7.33
43,-1.1400000000000006,-13.14,1.43,9.57
43,-2.1400000000000006,4.859999999999999,1.72,7.95
43,-0.14000000000000057,-3.1400000000000006,1.47,9.29
43,0.8599999999999994,-13.14,1.64,8.25
43,1.8599999999999994,-4.140000000000001,1.9,7.1
43,1.8599999999999994,3.8599999999999994,1.61,8.33
43,2.8599999999999994,-12.14,2.03,6.58
43,3.8599999999999994,-5.140000000000001,2.43,5.48
43,3.8599999999999994,0.8599999999999994,1.66,8.02
43,5.859999999999999,0.8599999999999994,1.69,7.78
43,6.859999999999999,-9.14,2.12,6.2
43,7.859999999999999,-2.1400000000000006,2.34,5.57
43,10.86,-5.140000000000001,1.32,9.75
43,-0.14000000000000057,6.859999999999999,1.86,6.13
43,7.859999999999999,3.8599999999999994,1.48,5.35
44,-10.14,-9.14,1.78,7.23
44,-8.14,-11.14,1.77,7.23
44,-6.140000000000001,-12.14,1.38,9.27
44,-4.140000000000001,-13.14,2.45,5.21
44,-4.140000000000001,-7.140000000000001,2.45,5.17
44,-1.1400000000000006,-13.14,1.77,7.11
44,0.8599999999999994,-13.14,1.67,7.5
44,0.8599999999999994,-5.140000000000001,2.07,6.02
44,1.8599999999999994,1.8599999999999994,1.65,7.54
44,2.8599999999999994,-13.14,1.69,7.33
44,3.8599999999999994,-5.140000000000001,1.72,7.2
44,3.8599999999999994,2.8599999999999994,1.37,9.01
44,5.859999999999999,-11.14,1.24,9.95
44,5.859999999999999,-1.1400000000000006,2.1,5.86
44,7.859999999999999,-9.14,1.62,7.56
44,8.86,-1.1400000000000006,1.48,8.27
44,10.86,-5.140000000000001,1.45,8.34
44,5.859999999999999,4.859999999999999,2.01,5.93
44,-13.14,-5.140000000000001,2.19,5.9
44,-12.14,0.8599999999999994,2.42,5.33
44,-9.14,-1.1400000000000006,2.42,5.3
44,-6.140000000000001,-2.1400000000000006,1.41,9.07
44,-4.140000000000001,-1.1400000000000006,1.31,9.66
44,-2.1400000000000006,-1.1400000000000006,2.42,5.22
44,-2.1400000000000006,4.859999999999999,1.56,8.07
44,-0.14000000000000057,4.859999999999999,1.42,8.86
44,-8.14,4.859999999999999,1.38,5.48
45,-7.140000000000001,5.859999999999999,2.02,5.75
45,-4.140000000000001,3.8599999999999994,1.46,7.95
45,-2.1400000000000006,6.859999999999999,1.66,6.82
45,-0.14000000000000057,5.859999999999999,1.82,6.15
45,1.8599999999999994,2.8599999999999994,2.19,5.05
45,4.859999999999999,3.8599999999999994,1.68,6.42
45,1.8599999999999994,-13.14,1.28,8.68
45,1.8599999999999994,-4.140000000000001,1.59,6.96
45,3.8599999999999994,-12.14,1.64,6.71
45,4.859999999999999,-5.140000000000001,1.3,8.4
45,6.859999999999999,-10.14,1.24,8.74
45,6.859999999999999,-1.1400000000000006,1.24,8.73
45,8.86,-8.14,1.55,6.93
45,8.86,-1.1400000000000006,1.4,7.6
45,10.86,-5.140000000000001,1.36,7.78
45,-13.14,-5.140000000000001,1.65,7.32
45,-11.14,-8.14,1.6,7.54
45,-10.14,-0.14000000000000057,1.48,8.04
45,-9.14,-10.14,1.26,9.4
45,-8.14,-0.14000000000000057,2.01,5.85
45,-7.140000000000001,-12.14,1.62,7.21
45,-5.140000000000001,-13.14,1.37,8.52
45,-5.140000000000001,-4.140000000000001,1.47,7.93
45,-3.1400000000000006,-13.14,2.27,5.06
45,-3.1400000000000006,-7.140000000000001,1.8,6.32
45,-2.1400000000000006,-0.14000000000000057,1.72,6.61
45,-0.14000000000000057,-13.14,1.25,9.01
45,-0.14000000000000057,-3.1400000000000006,1.32,8.53
46,-13.14,-5.140000000000001,1.31,8.04
46,-11.14,-8.14,1.45,7.26
46,-11.14,-0.14000000000000057,1.64,6.37
46,-9.14,-10.14,1.43,7.3
46,-9.14,-2.1400000000000006,1.67,6.22
46,-7.140000000000001,-12.14,1.39,7.47
46,-8.14,4.859999999999999,2.03,5.1
46,-7.140000000000001,-4.140000000000001,1.46,7.09
46,-5.140000000000001,-13.14,1.06,9.75
46,-5.140000000000001,-3.1400000000000006,1.31,7.86
46,-3.1400000000000006,-13.14,1.12,9.17
46,-5.140000000000001,4.859999999999999,1.56,6.54
46,-3.1400000000000006,-3.1400000000000006,1.51,6.74
46,-3.1400000000000006,3.8599999999999994,1.29,7.79
46,-1.1400000000000006,-13.14,1.01,9.93
46,-1.1400000000000006,-3.1400000000000006,1.04,9.52
46,-1.1400000000000006,6.859999999999999,1.42,6.92
46,0.8599999999999994,-13.14,1.12,8.75
46,0.8599999999999994,-4.140000000000001,1.53,6.38
46,0.8599999999999994,2.8599999999999994,1.2,8.04
46,2.8599999999999994,-13.14,1.5,6.39
46,2.8599999999999994,-6.140000000000001,1.16,8.26
46,2.8599999999999994,2.8599999999999994,1.24,7.62
46,4.859999999999999,-12.14,1.11,8.51
46,4.859999999999999,-3.1400000000000006,1.14,8.28
46,6.859999999999999,-10.14,1.0,9.4
46,6.859999999999999,-0.14000000000000057,1.23,7.46
46,8.86,-8.14,1.13,8.11
46,10.86,-5.140000000000001,1.11,8.25
46,8.86,0.8599999999999994,1.49,6.01
46,4.859999999999999,5.859999999999999,1.22,5.84
47,-13.14,-5.140000000000001,1.04,8.77
47,-11.14,-8.14,1.05,8.5
47,-9.14,-10.14,1.08,8.26
47,-10.14,0.8599999999999994,1.16,7.69
47,-8.14,-1.1400000000000006,1.22,7.29
47,-7.140000000000001,-12.14,1.26,7.01
47,-6.140000000000001,-4.140000000000001,1.27,6.95
47,-6.140000000000001,2.8599999999999994,1.15,7.67
47,-5.140000000000001,-13.14,1.37,6.41
47,-4.140000000000001,-6.140000000000001,1.01,8.67
47,-4.140000000000001,2.8599999999999994,1.0,8.66
47,-2.1400000000000006,-13.14,1.19,7.09
47,-2.1400000000000006,-5.140000000000001,1.23,6.75
47,-2.1400000000000006,1.8599999999999994,1.24,6.58
47,-0.14000000000000057,-13.14,1.22,6.65
47,-0.14000000000000057,-6.140000000000001,1.25,6.48
47,-0.14000000000000057,0.8599999999999994,1.02,7.94
47,1.8599999999999994,-13.14,1.02,7.94
47,1.8599999999999994,-5.140000000000001,1.18,6.69
47,1.8599999999999994,1.8599999999999994,1.2,6.45
47,3.8599999999999994,-12.14,1.05,7.31
47,3.8599999999999994,-4.140000000000001,1.0,7.66
47,3.8599999999999994,3.8599999999999994,1.08,7.08
47,5.859999999999999,-11.14,1.18,6.26
47,5.859999999999999,-4.140000000000001,1.13,6.45
47,5.859999999999999,2.8599999999999994,1.07,6.79
47,7.859999999999999,-9.14,1.4,5.04
47,7.859999999999999,-3.1400000000000006,1.25,5.6
47,7.859999999999999,2.8599999999999994,1.29,5.42
47,9.86,-7.140000000000001,1.22,5.63
47,9.86,-1.1400000000000006,1.3,5.26
47,-2.1400000000000006,8.86,5.03,1.35
47,-2.1400000000000006,10.86,5.21,1.28
48,-9.14,2.8599999999999994,1.17,5.52
48,-7.140000000000001,5.859999999999999,1.19,5.3
48,-13.14,-5.140000000000001,1.06,6.23
48,-11.14,-8.14,1.08,6.09
48,-11.14,-1.1400000000000006,1.15,5.64
48,-9.14,-10.14,1.1,5.81
48,-9.14,-4.140000000000001,1.24,5.13
48,-7.140000000000001,-12.14,1.08,5.86
48,-7.140000000000001,-6.140000000000001,1.08,5.83
48,-7.140000000000001,-0.14000000000000057,1.1,5.51
