Instance: CBPP
Bin radius: 14.14
Rotate enable: true
Bin num: 48
Bin id,X coordinate of lower left corner,Y coordinate of lower left corner,Item's width,Item's height
1,-13.14,-5.140000000000001,9.83,4.87
1,-13.14,-0.14000000000000057,9.91,4.81
1,-9.14,-10.14,9.57,4.87
1,-9.14,4.859999999999999,9.54,4.86
1,-3.1400000000000006,-5.140000000000001,9.24,4.99
1,-3.1400000000000006,-0.14000000000000057,9.37,4.91
1,6.859999999999999,-7.140000000000001,4.64,9.9
1,0.8599999999999994,4.859999999999999,8.78,4.96
1,0.8599999999999994,-12.14,4.96,6.79
1,-5.140000000000001,9.86,9.78,2.97
1,-5.140000000000001,-13.14,5.65,2.96
1,6.859999999999999,2.8599999999999994,5.75,1.89
2,-13.14,-5.140000000000001,9.88,4.63
2,-13.14,-0.14000000000000057,9.56,4.72
2,-9.14,-10.14,9.74,4.6
2,-9.14,4.859999999999999,9.3,4.81
2,-3.1400000000000006,-5.140000000000001,9.03,4.94
2,-3.1400000000000006,-0.14000000000000057,9.0,4.94
2,6.859999999999999,-7.140000000000001,4.6,9.63
2,0.8599999999999994,4.859999999999999,8.9,4.85
2,0.8599999999999994,-12.14,4.83,6.86
2,-5.140000000000001,9.86,9.48,2.99
2,-5.140000000000001,-13.14,5.65,2.94
2,6.859999999999999,2.8599999999999994,5.41,1.96
3,-13.14,-5.140000000000001,9.6,4.61
3,-13.14,-0.14000000000000057,9.66,4.58
3,-9.14,-10.14,9.36,4.72
3,-9.14,4.859999999999999,9.07,4.87
3,-3.1400000000000006,-5.140000000000001,9.54,4.6
3,-3.1400000000000006,-0.14000000000000057,9.42,4.61
3,6.859999999999999,-7.140000000000001,4.61,9.26
3,0.8599999999999994,4.859999999999999,8.75,4.85
3,0.8599999999999994,-12.14,4.77,6.92
3,-5.140000000000001,9.86,9.94,2.79
3,-5.140000000000001,-13.14,5.49,2.98
3,6.859999999999999,2.8599999999999994,5.77,1.8
4,-13.14,-5.140000000000001,9.15,4.66
4,-13.14,-0.14000000000000057,9.52,4.47
4,-9.14,-10.14,8.54,4.93
4,-9.14,4.859999999999999,9.02,4.66
4,-3.1400000000000006,-5.140000000000001,8.58,4.88
4,-3.1400000000000006,-0.14000000000000057,8.43,4.9
4,5.859999999999999,-8.14,4.13,9.99
4,0.8599999999999994,4.859999999999999,8.32,4.95
4,-0.14000000000000057,-13.14,4.97,7.94
4,-5.140000000000001,9.86,9.79,2.83
4,5.859999999999999,1.8599999999999994,6.68,2.96
4,-7.140000000000001,-12.14,6.82,1.95
4,10.86,-5.140000000000001,1.89,6.77
5,-13.14,-5.140000000000001,9.37,4.4
5,-13.14,-0.14000000000000057,9.41,4.37
5,-9.14,-10.14,8.88,4.63
5,-9.14,4.859999999999999,8.54,4.81
5,-3.1400000000000006,-5.140000000000001,8.84,4.64
5,-0.14000000000000057,-0.14000000000000057,8.17,5.0
5,-0.14000000000000057,-10.14,8.16,4.98
5,-0.14000000000000057,5.859999999999999,8.67,4.68
5,8.86,-5.140000000000001,3.98,9.95
5,-5.140000000000001,-13.14,9.9,2.78
5,-5.140000000000001,10.86,9.88,1.99
6,-13.14,-5.140000000000001,9.23,4.4
6,-13.14,-0.14000000000000057,8.97,4.51
6,-9.14,-10.14,8.77,4.55
6,-9.14,4.859999999999999,9.61,4.15
6,-4.140000000000001,-0.14000000000000057,8.98,4.44
6,-3.1400000000000006,-5.140000000000001,8.52,4.64
6,-0.14000000000000057,-10.14,8.59,4.6
6,0.8599999999999994,4.859999999999999,9.88,3.99
6,5.859999999999999,-5.140000000000001,4.21,9.31
6,-5.140000000000001,-13.14,9.63,2.85
6,-5.140000000000001,9.86,9.69,2.82
6,10.86,-5.140000000000001,1.97,9.9
7,-13.14,-5.140000000000001,9.44,4.15
7,-13.14,-0.14000000000000057,8.08,4.83
7,-9.14,-10.14,8.71,4.48
7,-9.14,4.859999999999999,8.98,4.34
7,-4.140000000000001,-0.14000000000000057,8.81,4.41
7,-3.1400000000000006,-5.140000000000001,8.76,4.4
7,-0.14000000000000057,4.859999999999999,9.53,4.04
7,-0.14000000000000057,-11.14,7.98,4.82
7,5.859999999999999,-6.140000000000001,3.99,9.63
7,-5.140000000000001,9.86,9.99,2.73
7,9.86,-5.140000000000001,2.88,9.44
7,-5.140000000000001,-13.14,9.59,1.92
8,-13.14,-5.140000000000001,9.35,4.1
8,-13.14,-0.14000000000000057,9.47,4.03
8,-9.14,-10.14,9.21,4.14
8,-9.14,4.859999999999999,8.68,4.37
8,-3.1400000000000006,-5.140000000000001,9.59,3.95
8,-3.1400000000000006,-1.1400000000000006,8.18,4.62
8,-0.14000000000000057,3.8599999999999994,9.99,3.78
8,0.8599999999999994,-10.14,7.75,4.87
8,6.859999999999999,-5.140000000000001,4.36,8.63
8,-0.14000000000000057,7.859999999999999,5.95,4.97
8,-5.140000000000001,-13.14,9.16,2.96
8,-7.140000000000001,9.86,6.45,1.98
9,-13.14,-5.140000000000001,9.52,3.96
9,-13.14,-1.1400000000000006,9.97,3.78
9,-12.14,2.8599999999999994,9.79,3.84
9,-9.14,-10.14,9.39,4.0
9,-7.140000000000001,6.859999999999999,8.38,4.48
9,-3.1400000000000006,-5.140000000000001,8.61,4.35
9,-2.1400000000000006,-0.14000000000000057,9.84,3.8
9,0.8599999999999994,-10.14,7.65,4.87
9,1.8599999999999994,3.8599999999999994,8.44,4.4
9,7.859999999999999,-5.140000000000001,4.34,8.51
9,-5.140000000000001,-13.14,9.6,2.81
9,1.8599999999999994,8.86,6.71,1.83
10,-13.14,-5.140000000000001,9.03,4.1
10,-13.14,-0.14000000000000057,8.94,4.13
10,-10.14,-9.14,9.97,3.7
10,-9.14,4.859999999999999,8.14,4.52
10,-4.140000000000001,-0.14000000000000057,7.42,4.95
10,-3.1400000000000006,-5.140000000000001,8.07,4.51
10,-5.140000000000001,-13.14,9.96,3.63
10,-0.14000000000000057,4.859999999999999,8.46,4.27
10,3.8599999999999994,-0.14000000000000057,8.85,4.07
10,-0.14000000000000057,-9.14,9.81,3.67
10,5.859999999999999,-5.140000000000001,6.87,4.76
10,-5.140000000000001,9.86,9.01,2.96
11,-13.14,-5.140000000000001,7.33,4.91
11,-13.14,-0.14000000000000057,8.19,4.39
11,-10.14,-9.14,9.69,3.71
11,-9.14,4.859999999999999,8.24,4.36
11,-5.140000000000001,-5.140000000000001,8.58,4.18
11,-4.140000000000001,-0.14000000000000057,8.57,4.18
11,-0.14000000000000057,-10.14,8.75,4.08
11,-0.14000000000000057,4.859999999999999,7.49,4.76
11,3.8599999999999994,-5.140000000000001,8.56,4.16
11,4.859999999999999,-0.14000000000000057,7.94,4.48
11,-5.140000000000001,-13.14,9.17,2.9
11,-5.140000000000001,9.86,9.37,2.83
12,-13.14,-5.140000000000001,9.7,3.67
12,-13.14,-1.1400000000000006,7.73,4.6
12,-10.14,3.8599999999999994,7.64,4.64
12,-9.14,-10.14,7.98,4.42
12,-5.140000000000001,-1.1400000000000006,8.64,4.07
12,-5.140000000000001,8.86,9.46,3.71
12,-2.1400000000000006,3.8599999999999994,8.01,4.38
12,-1.1400000000000006,-12.14,7.67,4.56
12,-1.1400000000000006,-7.140000000000001,7.89,4.43
12,3.8599999999999994,-2.1400000000000006,9.52,3.67
12,6.859999999999999,1.8599999999999994,3.97,6.54
12,6.859999999999999,-8.14,3.97,5.99
12,-7.140000000000001,-12.14,5.74,1.79
13,-13.14,-5.140000000000001,7.08,4.92
13,-13.14,-0.14000000000000057,8.77,3.97
13,-10.14,3.8599999999999994,7.55,4.6
13,-9.14,-10.14,7.11,4.88
13,-5.140000000000001,-5.140000000000001,7.89,4.39
13,-2.1400000000000006,-0.14000000000000057,7.99,4.33
13,-5.140000000000001,8.86,8.81,3.92
13,-2.1400000000000006,4.859999999999999,9.38,3.68
13,-1.1400000000000006,-12.14,7.7,4.48
13,2.8599999999999994,-7.140000000000001,8.53,4.04
13,7.859999999999999,-2.1400000000000006,4.89,7.03
13,5.859999999999999,-2.1400000000000006,1.92,6.27
13,-7.140000000000001,-12.14,5.1,1.96
14,-13.14,-5.140000000000001,7.92,4.34
14,-13.14,-0.14000000000000057,9.27,3.69
14,-10.14,3.8599999999999994,7.29,4.69
14,-10.14,-9.14,8.6,3.97
14,-5.140000000000001,-13.14,9.93,3.43
14,-5.140000000000001,-5.140000000000001,9.8,3.47
14,-3.1400000000000006,-1.1400000000000006,7.04,4.83
14,-2.1400000000000006,3.8599999999999994,7.15,4.75
14,4.859999999999999,-9.14,4.11,8.26
14,5.859999999999999,-0.14000000000000057,4.59,7.39
14,-5.140000000000001,8.86,9.55,3.54
14,-1.1400000000000006,-9.14,5.62,3.96
14,10.86,-5.140000000000001,1.91,9.64
15,-13.14,-5.140000000000001,7.29,4.65
15,-13.14,-0.14000000000000057,7.33,4.61
15,-10.14,-9.14,9.1,3.71
15,-9.14,4.859999999999999,7.77,4.33
15,-5.140000000000001,-5.140000000000001,7.75,4.34
15,-5.140000000000001,-0.14000000000000057,7.97,4.22
15,-5.140000000000001,-13.14,9.21,3.64
15,-1.1400000000000006,4.859999999999999,9.38,3.56
15,2.8599999999999994,-8.14,7.64,4.37
15,2.8599999999999994,-3.1400000000000006,9.62,3.47
15,2.8599999999999994,0.8599999999999994,9.56,3.45
15,-5.140000000000001,9.86,9.11,2.9
16,-13.14,-5.140000000000001,7.04,4.73
16,-13.14,-0.14000000000000057,8.24,4.04
16,-9.14,-10.14,7.58,4.36
16,-9.14,4.859999999999999,7.23,4.57
16,-5.140000000000001,-5.140000000000001,9.08,3.63
16,-4.140000000000001,-1.1400000000000006,9.36,3.51
16,-1.1400000000000006,-12.14,7.25,4.53
16,-1.1400000000000006,2.8599999999999994,7.04,4.65
16,5.859999999999999,-7.140000000000001,3.99,8.2
16,-1.1400000000000006,7.859999999999999,6.98,4.65
16,9.86,-5.140000000000001,2.84,9.25
16,6.859999999999999,1.8599999999999994,2.89,7.91
16,-1.1400000000000006,-7.140000000000001,6.01,1.99
16,-7.140000000000001,-12.14,5.23,1.82
16,-7.140000000000001,9.86,5.1,1.85
17,-13.14,-5.140000000000001,7.94,4.12
17,-13.14,-0.14000000000000057,8.67,3.77
17,-11.14,3.8599999999999994,9.0,3.63
17,-10.14,-9.14,9.02,3.61
17,-7.140000000000001,7.859999999999999,9.92,3.28
17,-5.140000000000001,-13.14,9.98,3.25
17,-5.140000000000001,-5.140000000000001,7.64,4.24
17,-4.140000000000001,-0.14000000000000057,8.28,3.91
17,-1.1400000000000006,3.8599999999999994,8.71,3.71
17,-0.14000000000000057,-9.14,9.53,3.39
17,2.8599999999999994,-5.140000000000001,7.75,4.15
17,4.859999999999999,-0.14000000000000057,7.76,3.98
17,2.8599999999999994,7.859999999999999,5.55,2.87
18,-13.14,-5.140000000000001,8.44,3.81
18,-13.14,-1.1400000000000006,7.11,4.5
18,-10.14,3.8599999999999994,6.97,4.59
18,-9.14,-10.14,7.35,4.35
18,-5.140000000000001,-1.1400000000000006,6.52,4.89
18,-5.140000000000001,8.86,8.44,3.77
18,-3.1400000000000006,3.8599999999999994,6.58,4.83
18,-4.140000000000001,-5.140000000000001,8.84,3.59
18,-1.1400000000000006,-12.14,7.03,4.51
18,1.8599999999999994,-1.1400000000000006,6.56,4.82
18,8.86,-5.140000000000001,3.32,9.45
18,3.8599999999999994,3.8599999999999994,4.75,6.56
18,4.859999999999999,-7.140000000000001,3.94,5.51
18,-7.140000000000001,-12.14,5.87,1.6
18,-1.1400000000000006,-7.140000000000001,5.37,1.74
19,-13.14,-5.140000000000001,9.21,3.38
19,-13.14,-1.1400000000000006,7.03,4.42
19,-10.14,3.8599999999999994,6.92,4.47
19,-10.14,-9.14,7.99,3.85
19,-5.140000000000001,-13.14,8.33,3.69
19,-5.140000000000001,-1.1400000000000006,7.64,4.02
19,-3.1400000000000006,3.8599999999999994,6.87,4.47
19,-2.1400000000000006,-9.14,6.73,4.56
19,-5.140000000000001,8.86,8.33,3.65
19,2.8599999999999994,-4.140000000000001,9.17,3.31
19,2.8599999999999994,-0.14000000000000057,9.17,3.31
19,3.8599999999999994,3.8599999999999994,6.19,4.75
19,4.859999999999999,-8.14,5.7,3.76
19,-3.1400000000000006,-4.140000000000001,5.66,2.8
20,-13.14,-5.140000000000001,8.48,3.57
20,-13.14,-1.1400000000000006,8.91,3.39
20,-12.14,2.8599999999999994,8.46,3.57
20,-10.14,-9.14,8.47,3.56
20,-8.14,6.859999999999999,7.97,3.78
20,-4.140000000000001,-5.140000000000001,7.08,4.25
20,-3.1400000000000006,-0.14000000000000057,7.17,4.19
20,-5.140000000000001,-13.14,8.08,3.69
20,-0.14000000000000057,4.859999999999999,7.01,4.24
20,-1.1400000000000006,-9.14,7.94,3.73
20,3.8599999999999994,-5.140000000000001,8.73,3.39
20,4.859999999999999,-1.1400000000000006,7.64,3.85
20,-5.140000000000001,10.86,9.11,1.99
20,7.859999999999999,2.8599999999999994,2.63,5.8
21,-13.14,-5.140000000000001,8.6,3.44
21,-13.14,-1.1400000000000006,9.36,3.15
21,-11.14,2.8599999999999994,5.97,4.91
21,-10.14,-9.14,9.58,3.04
21,-7.140000000000001,7.859999999999999,8.2,3.55
21,-5.140000000000001,2.8599999999999994,6.45,4.5
21,-3.1400000000000006,-5.140000000000001,6.7,4.33
21,-0.14000000000000057,-12.14,6.35,4.56
21,1.8599999999999994,-0.14000000000000057,8.71,3.32
21,1.8599999999999994,3.8599999999999994,8.67,3.32
21,3.8599999999999994,-7.140000000000001,6.89,4.17
21,-7.140000000000001,-12.14,6.74,2.87
21,1.8599999999999994,7.859999999999999,6.61,2.9
21,3.8599999999999994,-2.1400000000000006,9.31,1.94
21,10.86,-0.14000000000000057,1.67,5.43
22,-13.14,-5.140000000000001,9.54,3.03
22,-13.14,-1.1400000000000006,7.56,3.8
22,-12.14,2.8599999999999994,7.27,3.95
22,-9.14,-10.14,6.13,4.68
22,-8.14,6.859999999999999,8.55,3.35
22,-5.140000000000001,-1.1400000000000006,8.61,3.32
22,-4.140000000000001,2.8599999999999994,8.95,3.19
22,-3.1400000000000006,-5.140000000000001,8.2,3.47
22,-2.1400000000000006,-12.14,7.26,3.88
22,4.859999999999999,-1.1400000000000006,6.39,4.4
22,0.8599999999999994,6.859999999999999,7.92,3.51
22,5.859999999999999,-7.140000000000001,5.55,4.99
22,-2.1400000000000006,-8.14,7.8,2.83
22,4.859999999999999,3.8599999999999994,6.87,2.79
22,-5.140000000000001,10.86,9.35,1.9
23,-13.14,-5.140000000000001,9.09,3.08
23,-13.14,-1.1400000000000006,8.94,3.1
23,-12.14,2.8599999999999994,8.98,3.08
23,-9.14,-10.14,6.54,4.22
23,-7.140000000000001,6.859999999999999,5.63,4.9
23,-4.140000000000001,-1.1400000000000006,9.07,3.04
23,-3.1400000000000006,-5.140000000000001,7.73,3.56
23,-3.1400000000000006,2.8599999999999994,7.09,3.88
23,-2.1400000000000006,-12.14,8.93,3.08
23,-1.1400000000000006,6.859999999999999,7.88,3.49
23,5.859999999999999,-8.14,3.25,8.46
23,5.859999999999999,0.8599999999999994,5.9,4.65
23,-2.1400000000000006,-8.14,7.48,2.93
23,9.86,-5.140000000000001,2.55,5.98
23,-1.1400000000000006,10.86,6.6,1.79
24,-13.14,-5.140000000000001,6.29,4.36
24,-13.14,-0.14000000000000057,6.09,4.5
24,-10.14,-9.14,9.09,3.01
24,-10.14,4.859999999999999,7.86,3.48
24,-6.140000000000001,-5.140000000000001,6.27,4.35
24,-6.140000000000001,-0.14000000000000057,8.45,3.22
24,-5.140000000000001,-13.14,7.16,3.78
24,-5.140000000000001,8.86,8.0,3.38
24,-2.1400000000000006,3.8599999999999994,7.97,3.38
24,-0.14000000000000057,-9.14,7.74,3.47
24,0.8599999999999994,-5.140000000000001,8.88,3.02
24,2.8599999999999994,-1.1400000000000006,6.22,4.29
24,9.86,-5.140000000000001,2.84,9.12
24,5.859999999999999,3.8599999999999994,3.94,5.43
25,-13.14,-5.140000000000001,5.47,4.87
25,-13.14,-0.14000000000000057,8.09,3.29
25,-11.14,3.8599999999999994,7.91,3.36
25,-10.14,-9.14,7.11,3.73
25,-7.140000000000001,-5.140000000000001,8.5,3.12
25,-7.140000000000001,7.859999999999999,8.26,3.21
25,-4.140000000000001,-1.1400000000000006,5.76,4.57
25,-2.1400000000000006,-13.14,5.46,4.82
25,-3.1400000000000006,3.8599999999999994,7.87,3.34
25,1.8599999999999994,-8.14,8.45,3.11
25,1.8599999999999994,-4.140000000000001,5.89,4.46
25,4.859999999999999,0.8599999999999994,7.43,3.53
25,4.859999999999999,4.859999999999999,5.64,3.77
25,7.859999999999999,-2.1400000000000006,5.38,2.83
25,1.8599999999999994,8.86,6.55,1.78
25,-8.14,-11.14,5.23,1.64
26,-13.14,-5.140000000000001,8.14,3.22
26,-13.14,-1.1400000000000006,8.31,3.15
26,-12.14,2.8599999999999994,7.39,3.54
26,-10.14,-9.14,8.15,3.2
26,-7.140000000000001,6.859999999999999,5.75,4.52
26,-5.140000000000001,-13.14,6.76,3.83
26,-4.140000000000001,-5.140000000000001,7.05,3.67
26,-4.140000000000001,-1.1400000000000006,7.24,3.57
26,-1.1400000000000006,2.8599999999999994,5.8,4.45
26,-1.1400000000000006,-9.14,7.39,3.49
26,-1.1400000000000006,7.859999999999999,9.73,2.65
26,3.8599999999999994,-5.140000000000001,6.28,4.1
26,4.859999999999999,-0.14000000000000057,5.46,4.71
26,10.86,-5.140000000000001,1.99,8.68
26,4.859999999999999,4.859999999999999,5.65,2.69
26,-1.1400000000000006,10.86,6.4,1.82
26,1.8599999999999994,-11.14,5.75,1.44
27,-13.14,-5.140000000000001,9.11,2.82
27,-13.14,-2.1400000000000006,6.34,4.05
27,-12.14,2.8599999999999994,8.67,2.96
27,-11.14,-8.14,9.87,2.6
27,-9.14,5.859999999999999,7.38,3.47
27,-8.14,-11.14,8.82,2.9
27,-6.140000000000001,-2.1400000000000006,6.41,3.98
27,-3.1400000000000006,1.8599999999999994,7.22,3.53
27,-1.1400000000000006,-8.14,7.45,3.42
27,-1.1400000000000006,5.859999999999999,6.16,4.13
27,0.8599999999999994,-4.140000000000001,9.67,2.63
27,5.859999999999999,-1.1400000000000006,3.17,8.02
27,0.8599999999999994,-12.14,5.74,3.66
27,9.86,-1.1400000000000006,2.96,6.46
27,-5.140000000000001,10.86,9.64,1.78
27,-5.140000000000001,-13.14,5.92,1.38
27,6.859999999999999,-10.14,1.45,5.28
28,-13.14,-5.140000000000001,5.18,4.9
28,-13.14,-0.14000000000000057,6.68,3.79
28,-11.14,3.8599999999999994,8.15,3.09
28,-9.14,-10.14,5.69,4.4
28,-7.140000000000001,-5.140000000000001,5.69,4.4
28,-7.140000000000001,7.859999999999999,6.83,3.66
28,-6.140000000000001,-0.14000000000000057,7.86,3.18
28,-3.1400000000000006,-13.14,5.81,4.3
28,-3.1400000000000006,-8.14,9.09,2.74
28,-2.1400000000000006,3.8599999999999994,6.55,3.8
28,-1.1400000000000006,-5.140000000000001,6.56,3.79
28,-0.14000000000000057,7.859999999999999,5.48,4.53
28,1.8599999999999994,-1.1400000000000006,7.59,3.27
28,9.86,-5.140000000000001,2.51,9.87
28,5.859999999999999,2.8599999999999994,3.89,6.36
28,6.859999999999999,-9.14,2.92,7.32
29,-13.14,-5.140000000000001,6.08,4.08
29,-13.14,-0.14000000000000057,8.27,2.99
29,-12.14,2.8599999999999994,7.14,3.46
29,-10.14,-9.14,6.43,3.82
29,-8.14,6.859999999999999,7.74,3.17
29,-7.140000000000001,-12.14,9.09,2.69
29,-6.140000000000001,-5.140000000000001,7.06,3.46
29,-4.140000000000001,-1.1400000000000006,5.88,4.15
29,-4.140000000000001,3.8599999999999994,8.24,2.96
29,-0.14000000000000057,6.859999999999999,5.68,4.28
29,-3.1400000000000006,-9.14,6.11,3.96
29,1.8599999999999994,-5.140000000000001,8.22,2.94
29,1.8599999999999994,-2.1400000000000006,5.16,4.68
29,7.859999999999999,-2.1400000000000006,2.59,9.28
29,3.8599999999999994,-9.14,5.82,3.57
29,10.86,-5.140000000000001,1.97,8.67
29,5.859999999999999,2.8599999999999994,1.9,7.82
30,-13.14,-5.140000000000001,6.21,3.87
30,-13.14,-1.1400000000000006,5.46,4.4
30,-12.14,3.8599999999999994,8.37,2.87
30,-11.14,-8.14,8.11,2.96
30,-7.140000000000001,-1.1400000000000006,5.7,4.21
30,-9.14,6.859999999999999,9.93,2.4
30,-7.140000000000001,-12.14,7.13,3.34
30,-6.140000000000001,-5.140000000000001,7.75,3.07
30,-1.1400000000000006,-1.1400000000000006,5.92,4.01
30,0.8599999999999994,-12.14,5.07,4.68
30,-5.140000000000001,9.86,8.5,2.79
30,-3.1400000000000006,3.8599999999999994,9.17,2.58
30,1.8599999999999994,-7.140000000000001,9.12,2.59
30,4.859999999999999,-4.140000000000001,7.61,3.1
30,4.859999999999999,-0.14000000000000057,7.72,3.03
30,0.8599999999999994,6.859999999999999,8.05,2.83
30,6.859999999999999,3.8599999999999994,5.59,1.36
31,-13.14,-5.140000000000001,9.5,2.46
31,-13.14,-2.1400000000000006,7.43,3.14
31,-12.14,1.8599999999999994,5.83,4.0
31,-10.14,-9.14,6.49,3.57
31,-7.140000000000001,6.859999999999999,5.32,4.34
31,-6.140000000000001,1.8599999999999994,7.17,3.22
31,-3.1400000000000006,-13.14,5.17,4.46
31,-5.140000000000001,-2.1400000000000006,6.2,3.71
31,-3.1400000000000006,-8.14,7.49,3.07
31,-1.1400000000000006,5.859999999999999,5.58,4.12
31,1.8599999999999994,-4.140000000000001,5.45,4.21
31,1.8599999999999994,0.8599999999999994,5.68,4.03
31,7.859999999999999,-5.140000000000001,4.04,5.65
31,7.859999999999999,0.8599999999999994,2.89,7.38
31,4.859999999999999,-11.14,2.84,6.67
31,-1.1400000000000006,10.86,6.69,1.74
32,-13.14,-5.140000000000001,6.59,3.46
32,-13.14,-1.1400000000000006,7.33,3.11
32,-11.14,2.8599999999999994,5.06,4.5
32,-10.14,-9.14,6.42,3.54
32,-7.140000000000001,7.859999999999999,6.38,3.55
32,-7.140000000000001,-12.14,9.18,2.46
32,-6.140000000000001,-5.140000000000001,9.6,2.35
32,-5.140000000000001,-2.1400000000000006,5.43,4.15
32,-5.140000000000001,2.8599999999999994,7.12,3.15
32,-0.14000000000000057,6.859999999999999,5.13,4.36
32,0.8599999999999994,-2.1400000000000006,5.44,4.11
32,-3.1400000000000006,-9.14,9.12,2.45
32,2.8599999999999994,2.8599999999999994,9.48,2.35
32,6.859999999999999,-5.140000000000001,5.52,4.03
32,6.859999999999999,-0.14000000000000057,5.06,2.98
33,-13.14,-5.140000000000001,7.13,3.11
33,-13.14,-1.1400000000000006,8.2,2.7
33,-12.14,1.8599999999999994,6.42,3.43
33,-10.14,-9.14,6.06,3.61
33,-8.14,5.859999999999999,5.09,4.29
33,-5.140000000000001,-13.14,7.06,3.09
33,-5.140000000000001,-5.140000000000001,8.14,2.68
33,-4.140000000000001,-2.1400000000000006,5.23,4.14
33,-5.140000000000001,2.8599999999999994,8.04,2.69
33,-3.1400000000000006,-9.14,9.16,2.36
33,-2.1400000000000006,5.859999999999999,9.04,2.39
33,-2.1400000000000006,8.86,6.82,3.16
33,1.8599999999999994,-2.1400000000000006,9.78,2.2
33,3.8599999999999994,0.8599999999999994,5.25,4.07
33,3.8599999999999994,-6.140000000000001,7.48,2.85
33,9.86,0.8599999999999994,1.44,5.2
34,-13.14,-5.140000000000001,6.64,3.21
34,-13.14,-1.1400000000000006,7.39,2.88
34,-12.14,1.8599999999999994,6.25,3.4
34,-10.14,-9.14,6.83,3.11
34,-10.14,5.859999999999999,9.23,2.3
34,-7.140000000000001,-12.14,8.46,2.5
34,-7.140000000000001,8.86,7.34,2.86
34,-6.140000000000001,-5.140000000000001,9.98,2.1
34,-5.140000000000001,-2.1400000000000006,5.19,4.02
34,-0.14000000000000057,2.8599999999999994,5.08,4.1
34,-3.1400000000000006,-9.14,9.0,2.31
34,0.8599999999999994,-2.1400000000000006,8.15,2.55
34,0.8599999999999994,7.859999999999999,5.76,3.6
34,3.8599999999999994,-6.140000000000001,5.61,3.69
34,5.859999999999999,0.8599999999999994,6.24,3.31
34,9.86,-5.140000000000001,2.91,5.11
34,1.8599999999999994,-11.14,5.06,1.41
34,5.859999999999999,4.859999999999999,5.63,1.23
35,-13.14,-5.140000000000001,8.31,2.48
35,-13.14,-2.1400000000000006,7.23,2.85
35,-13.14,0.8599999999999994,6.07,3.39
35,-10.14,-9.14,5.81,3.54
35,-11.14,4.859999999999999,7.46,2.75
35,-8.14,7.859999999999999,9.54,2.15
35,-7.140000000000001,-12.14,8.01,2.56
35,-6.140000000000001,0.8599999999999994,9.27,2.21
35,-5.140000000000001,-2.1400000000000006,9.14,2.24
35,-4.140000000000001,-9.14,7.36,2.78
35,-4.140000000000001,-6.140000000000001,9.49,2.15
35,-3.1400000000000006,3.8599999999999994,7.5,2.71
35,3.8599999999999994,0.8599999999999994,8.74,2.32
35,4.859999999999999,-2.1400000000000006,8.86,2.28
35,1.8599999999999994,6.859999999999999,5.2,3.85
35,5.859999999999999,-7.140000000000001,5.78,3.46
35,4.859999999999999,3.8599999999999994,6.43,2.92
35,-5.140000000000001,10.86,9.08,1.88
35,1.8599999999999994,-11.14,5.07,1.36
35,3.8599999999999994,-9.14,5.55,1.24
36,-13.14,-5.140000000000001,5.59,3.57
36,-13.14,-1.1400000000000006,7.64,2.61
36,-13.14,1.8599999999999994,7.46,2.66
36,-10.14,-9.14,6.55,3.02
36,-10.14,4.859999999999999,5.23,3.78
36,-7.140000000000001,-12.14,7.51,2.63
36,-7.140000000000001,-5.140000000000001,8.04,2.45
36,-5.140000000000001,-2.1400000000000006,6.37,3.09
36,-7.140000000000001,8.86,7.05,2.79
36,-5.140000000000001,1.8599999999999994,9.18,2.14
36,-4.140000000000001,4.859999999999999,5.12,3.83
36,-3.1400000000000006,-9.14,6.42,3.05
36,1.8599999999999994,-5.140000000000001,6.23,3.14
36,1.8599999999999994,-1.1400000000000006,8.18,2.39
36,1.8599999999999994,4.859999999999999,8.88,2.2
36,4.859999999999999,1.8599999999999994,7.58,2.57
36,3.8599999999999994,-9.14,5.92,3.25
36,1.8599999999999994,7.859999999999999,6.9,2.7
36,0.8599999999999994,-12.14,5.13,2.87
36,10.86,-5.140000000000001,1.77,6.42
37,-13.14,-5.140000000000001,9.04,2.16
37,-13.14,-2.1400000000000006,7.52,2.59
37,-13.14,0.8599999999999994,7.81,2.49
37,-12.14,3.8599999999999994,8.1,2.39
37,-11.14,-8.14,7.71,2.5
37,-8.14,6.859999999999999,6.38,3.0
37,-8.14,-11.14,8.53,2.24
37,-5.140000000000001,-2.1400000000000006,7.95,2.4
37,-5.140000000000001,0.8599999999999994,9.42,2.02
37,-3.1400000000000006,-8.14,7.53,2.52
37,-3.1400000000000006,-5.140000000000001,7.81,2.42
37,-1.1400000000000006,3.8599999999999994,5.55,3.4
37,-1.1400000000000006,7.859999999999999,9.07,2.08
37,2.8599999999999994,-2.1400000000000006,7.88,2.39
37,0.8599999999999994,-12.14,5.42,3.47
37,4.859999999999999,-8.14,5.4,3.48
37,4.859999999999999,0.8599999999999994,7.64,2.45
37,4.859999999999999,3.8599999999999994,5.45,3.43
37,-5.140000000000001,10.86,9.14,1.86
37,4.859999999999999,-4.140000000000001,7.82,1.86
37,-5.140000000000001,-13.14,5.7,1.2
38,-13.14,-5.140000000000001,7.12,2.61
38,-13.14,-2.1400000000000006,6.75,2.75
38,-13.14,0.8599999999999994,6.25,2.97
38,-12.14,3.8599999999999994,8.91,2.08
38,-11.14,-8.14,8.2,2.26
38,-9.14,6.859999999999999,8.13,2.27
38,-8.14,-11.14,6.83,2.7
38,-6.140000000000001,-2.1400000000000006,7.56,2.43
38,-6.140000000000001,0.8599999999999994,6.75,2.71
38,-2.1400000000000006,-8.14,5.39,3.39
38,-5.140000000000001,9.86,7.63,2.38
38,-1.1400000000000006,-13.14,5.62,3.23
38,-3.1400000000000006,3.8599999999999994,7.4,2.45
38,1.8599999999999994,-4.140000000000001,5.3,3.42
38,1.8599999999999994,-0.14000000000000057,5.5,3.29
38,2.8599999999999994,6.859999999999999,5.29,3.42
38,3.8599999999999994,-7.140000000000001,7.03,2.57
38,7.859999999999999,-2.1400000000000006,5.18,3.48
38,4.859999999999999,3.8599999999999994,6.35,2.79
38,-5.140000000000001,-4.140000000000001,6.22,1.78
38,3.8599999999999994,-9.14,5.87,1.15
39,-13.14,-5.140000000000001,5.09,3.54
39,-13.14,-1.1400000000000006,5.61,3.19
39,-12.14,2.8599999999999994,5.36,3.33
39,-11.14,-8.14,7.14,2.49
39,-9.14,6.859999999999999,7.18,2.47
39,-8.14,-11.14,6.71,2.64
39,-7.140000000000001,-5.140000000000001,8.45,2.09
39,-7.140000000000001,-2.1400000000000006,8.01,2.2
39,-6.140000000000001,0.8599999999999994,8.67,2.03
39,-6.140000000000001,3.8599999999999994,6.63,2.65
39,-5.140000000000001,9.86,6.57,2.67
39,-1.1400000000000006,-13.14,5.75,3.05
39,-3.1400000000000006,-8.14,8.65,2.02
39,-1.1400000000000006,6.859999999999999,7.94,2.2
39,0.8599999999999994,3.8599999999999994,8.29,2.1
39,1.8599999999999994,-5.140000000000001,6.54,2.66
39,1.8599999999999994,-2.1400000000000006,6.58,2.63
39,2.8599999999999994,0.8599999999999994,8.19,2.11
39,8.86,-7.140000000000001,2.23,7.73
39,5.859999999999999,-11.14,1.23,5.4
40,-13.14,-5.140000000000001,7.14,2.41
40,-13.14,-2.1400000000000006,5.37,3.2
40,-13.14,1.8599999999999994,7.81,2.2
40,-11.14,-8.14,6.67,2.57
40,-10.14,4.859999999999999,5.32,3.22
40,-7.140000000000001,-12.14,5.36,3.19
40,-7.140000000000001,-2.1400000000000006,6.59,2.59
40,-5.140000000000001,0.8599999999999994,5.5,3.1
40,-5.140000000000001,8.86,5.24,3.24
40,-4.140000000000001,-8.14,5.23,3.22
40,-4.140000000000001,4.859999999999999,6.23,2.7
40,-1.1400000000000006,-12.14,7.93,2.12
40,-0.14000000000000057,-4.140000000000001,7.53,2.23
40,0.8599999999999994,-1.1400000000000006,6.79,2.47
40,0.8599999999999994,7.859999999999999,5.13,3.26
40,0.8599999999999994,1.8599999999999994,7.89,2.11
40,1.8599999999999994,-7.140000000000001,9.08,1.82
40,2.8599999999999994,4.859999999999999,7.17,2.3
40,8.86,-5.140000000000001,1.72,9.58
40,10.86,-5.140000000000001,1.77,9.08
40,1.8599999999999994,-9.14,7.69,1.87
41,-13.14,-5.140000000000001,6.63,2.47
41,-13.14,-2.1400000000000006,7.72,2.12
41,-13.14,0.8599999999999994,7.13,2.28
41,-11.14,3.8599999999999994,5.33,3.03
41,-11.14,-8.14,7.43,2.17
41,-9.14,-10.14,8.89,1.8
41,-9.14,7.859999999999999,8.15,1.96
41,-6.140000000000001,-5.140000000000001,7.16,2.23
41,-7.140000000000001,-12.14,8.77,1.82
41,-7.140000000000001,9.86,8.22,1.94
41,-5.140000000000001,-2.1400000000000006,8.62,1.84
41,-5.140000000000001,-0.14000000000000057,7.54,2.1
41,-5.140000000000001,2.8599999999999994,9.31,1.7
41,-5.140000000000001,4.859999999999999,9.28,1.7
41,-3.1400000000000006,-8.14,6.69,2.34
41,-0.14000000000000057,6.859999999999999,7.45,2.1
41,1.8599999999999994,-5.140000000000001,6.86,2.28
41,-0.14000000000000057,-10.14,8.35,1.85
41,2.8599999999999994,-0.14000000000000057,8.21,1.88
41,3.8599999999999994,-8.14,6.67,2.3
41,3.8599999999999994,-2.1400000000000006,8.2,1.87
41,4.859999999999999,1.8599999999999994,7.48,2.04
41,4.859999999999999,4.859999999999999,6.47,1.71
42,-13.14,-5.140000000000001,9.84,1.55
42,-13.14,-3.1400000000000006,8.86,1.72
42,-13.14,-1.1400000000000006,6.45,2.36
42,-13.14,1.8599999999999994,8.66,1.75
42,-12.14,3.8599999999999994,7.34,2.06
42,-12.14,-7.140000000000001,8.27,1.82
42,-9.14,-10.14,7.46,2.01
42,-9.14,6.859999999999999,6.27,2.39
42,-7.140000000000001,-12.14,8.58,1.74
42,-6.140000000000001,-1.1400000000000006,6.83,2.16
42,-7.140000000000001,9.86,9.04,1.63
42,-4.140000000000001,1.8599999999999994,6.63,2.22
42,-4.140000000000001,-3.1400000000000006,8.17,1.8
42,-3.1400000000000006,-7.140000000000001,6.9,2.13
42,-2.1400000000000006,4.859999999999999,6.3,2.33
42,-1.1400000000000006,-10.14,6.35,2.31
42,-2.1400000000000006,7.859999999999999,8.0,1.82
42,0.8599999999999994,-1.1400000000000006,9.04,1.61
42,2.8599999999999994,0.8599999999999994,6.51,2.23
42,5.859999999999999,-11.14,1.51,9.58
42,4.859999999999999,3.8599999999999994,5.95,2.42
42,7.859999999999999,-8.14,2.53,5.69
42,10.86,-5.140000000000001,1.99,7.19
43,-13.14,-5.140000000000001,5.23,2.75
43,-13.14,-2.1400000000000006,7.12,2.02
43,-13.14,0.8599999999999994,5.06,2.83
43,-12.14,3.8599999999999994,5.27,2.71
43,-11.14,-8.14,5.05,2.82
43,-9.14,6.859999999999999,5.21,2.73
43,-8.14,-11.14,6.16,2.3
43,-7.140000000000001,-5.140000000000001,6.66,2.12
43,-7.140000000000001,0.8599999999999994,5.7,2.47
43,-7.140000000000001,9.86,7.52,1.87
43,-6.140000000000001,3.8599999999999994,5.29,2.65
43,-5.140000000000001,-8.14,5.67,2.47
43,-5.140000000000001,-2.1400000000000006,5.24,2.67
43,-3.1400000000000006,6.859999999999999,5.04,2.76
43,-5.140000000000001,-13.14,9.89,1.4
43,-1.1400000000000006,-11.14,5.59,2.47
43,-1.1400000000000006,0.8599999999999994,7.32,1.88
43,-0.14000000000000057,-5.140000000000001,5.89,2.33
43,-0.14000000000000057,2.8599999999999994,8.29,1.65
43,-0.14000000000000057,4.859999999999999,8.9,1.53
43,0.8599999999999994,-8.14,5.69,2.39
43,0.8599999999999994,-2.1400000000000006,9.19,1.47
43,2.8599999999999994,6.859999999999999,5.22,2.56
43,6.859999999999999,-10.14,1.89,7.07
43,8.86,-0.14000000000000057,2.01,6.63
43,0.8599999999999994,9.86,5.45,1.2
43,8.86,-8.14,1.08,5.93
44,-13.14,-5.140000000000001,5.24,2.54
44,-13.14,-2.1400000000000006,8.29,1.6
44,-13.14,-0.14000000000000057,5.62,2.35
44,-13.14,2.8599999999999994,9.71,1.36
44,-11.14,-8.14,5.74,2.29
44,-12.14,4.859999999999999,8.6,1.52
44,-10.14,6.859999999999999,7.92,1.64
44,-9.14,-10.14,7.69,1.68
44,-7.140000000000001,-5.140000000000001,6.0,2.15
44,-7.140000000000001,-0.14000000000000057,5.33,2.42
44,-7.140000000000001,8.86,6.34,2.03
44,-7.140000000000001,-12.14,8.51,1.51
44,-5.140000000000001,-8.14,6.09,2.1
44,-3.1400000000000006,2.8599999999999994,5.28,2.42
44,-2.1400000000000006,5.859999999999999,5.97,2.14
44,-4.140000000000001,-2.1400000000000006,8.58,1.48
44,-1.1400000000000006,-0.14000000000000057,5.47,2.32
44,-1.1400000000000006,-10.14,7.91,1.6
44,-0.14000000000000057,-5.140000000000001,8.39,1.5
44,-0.14000000000000057,8.86,7.44,1.69
44,1.8599999999999994,-7.140000000000001,9.8,1.28
44,2.8599999999999994,2.8599999999999994,5.56,2.25
44,3.8599999999999994,5.859999999999999,5.02,2.49
44,4.859999999999999,-3.1400000000000006,7.22,1.73
44,4.859999999999999,-1.1400000000000006,5.63,2.21
44,10.86,-1.1400000000000006,1.62,6.67
44,-0.14000000000000057,10.86,5.14,1.24
45,-13.14,-5.140000000000001,8.46,1.47
45,-13.14,-3.1400000000000006,5.73,2.17
45,-13.14,-0.14000000000000057,8.99,1.38
45,-13.14,1.8599999999999994,8.05,1.53
45,-12.14,-7.140000000000001,8.08,1.52
45,-12.14,3.8599999999999994,7.36,1.66
45,-10.14,5.859999999999999,5.63,2.17
45,-9.14,-10.14,6.05,2.01
45,-7.140000000000001,-3.1400000000000006,5.79,2.1
45,-8.14,8.86,8.61,1.4
45,-7.140000000000001,-12.14,8.13,1.48
45,-4.140000000000001,-0.14000000000000057,5.72,2.1
45,-5.140000000000001,10.86,9.16,1.31
45,-4.140000000000001,-5.140000000000001,7.73,1.55
45,-4.140000000000001,2.8599999999999994,7.04,1.7
45,-4.140000000000001,4.859999999999999,7.89,1.51
45,-2.1400000000000006,-10.14,5.28,2.25
45,-4.140000000000001,6.859999999999999,7.16,1.65
45,-3.1400000000000006,-7.140000000000001,9.04,1.3
45,-1.1400000000000006,-3.1400000000000006,8.5,1.37
45,1.8599999999999994,-1.1400000000000006,5.15,2.26
45,3.8599999999999994,-5.140000000000001,8.59,1.34
45,0.8599999999999994,8.86,7.91,1.44
45,7.859999999999999,-3.1400000000000006,1.14,9.93
45,9.86,-3.1400000000000006,1.53,7.37
45,3.8599999999999994,1.8599999999999994,2.14,5.21
45,3.8599999999999994,-9.14,5.39,1.18
46,-13.14,-5.140000000000001,5.54,2.01
46,-13.14,-2.1400000000000006,5.01,2.22
46,-13.14,0.8599999999999994,7.74,1.43
46,-13.14,2.8599999999999994,7.73,1.43
46,-12.14,-7.140000000000001,7.09,1.55
46,-12.14,4.859999999999999,8.51,1.27
46,-10.14,-9.14,8.67,1.24
46,-10.14,6.859999999999999,7.61,1.41
46,-8.14,-11.14,8.3,1.28
46,-8.14,8.86,7.28,1.45
46,-7.140000000000001,-5.140000000000001,8.42,1.25
46,-7.140000000000001,-3.1400000000000006,5.19,2.02
46,-5.140000000000001,-13.14,7.87,1.33
46,-5.140000000000001,-0.14000000000000057,5.1,2.03
46,-5.140000000000001,2.8599999999999994,9.07,1.14
46,-5.140000000000001,10.86,6.84,1.51
46,-4.140000000000001,-7.140000000000001,8.45,1.22
46,-3.1400000000000006,4.859999999999999,6.16,1.67
46,-2.1400000000000006,6.859999999999999,6.84,1.5
46,-1.1400000000000006,-9.14,9.96,1.02
46,-1.1400000000000006,-3.1400000000000006,7.97,1.27
46,-0.14000000000000057,8.86,6.26,1.61
46,0.8599999999999994,-11.14,6.58,1.52
46,0.8599999999999994,-1.1400000000000006,6.89,1.45
46,0.8599999999999994,0.8599999999999994,8.62,1.15
46,1.8599999999999994,-5.140000000000001,6.47,1.53
46,3.8599999999999994,4.859999999999999,7.78,1.26
46,9.86,-7.140000000000001,1.08,9.03
46,4.859999999999999,2.8599999999999994,6.24,1.56
46,4.859999999999999,6.859999999999999,5.67,1.1
47,-13.14,-5.140000000000001,6.04,1.61
47,-13.14,-3.1400000000000006,8.71,1.11
47,-13.14,-1.1400000000000006,7.43,1.3
47,-13.14,0.8599999999999994,7.18,1.34
47,-13.14,2.8599999999999994,6.68,1.44
47,-12.14,-7.140000000000001,8.57,1.12
47,-12.14,4.859999999999999,8.22,1.15
47,-10.14,-9.14,7.87,1.2
47,-10.14,6.859999999999999,6.6,1.41
47,-8.14,-11.14,8.83,1.05
47,-8.14,8.86,8.5,1.08
47,-6.140000000000001,-5.140000000000001,7.67,1.18
47,-6.140000000000001,2.8599999999999994,7.74,1.16
47,-5.140000000000001,-13.14,7.93,1.13
47,-5.140000000000001,-1.1400000000000006,8.61,1.04
47,-5.140000000000001,0.8599999999999994,6.68,1.34
47,-5.140000000000001,10.86,7.77,1.15
47,-4.140000000000001,-3.1400000000000006,7.7,1.15
47,-3.1400000000000006,-7.140000000000001,6.1,1.45
47,-3.1400000000000006,4.859999999999999,8.52,1.03
47,-3.1400000000000006,6.859999999999999,8.35,1.05
47,-2.1400000000000006,-9.14,6.3,1.39
47,1.8599999999999994,-5.140000000000001,8.16,1.05
47,0.8599999999999994,8.86,7.78,1.1
47,1.8599999999999994,0.8599999999999994,8.22,1.03
47,1.8599999999999994,2.8599999999999994,7.48,1.13
47,3.8599999999999994,-7.140000000000001,7.68,1.09
47,3.8599999999999994,-3.1400000000000006,7.19,1.16
47,0.8599999999999994,-11.14,6.56,1.27
47,3.8599999999999994,-1.1400000000000006,7.47,1.11
47,5.859999999999999,4.859999999999999,5.65,1.07
48,-13.14,-5.140000000000001,6.17,1.33
48,-13.14,-3.1400000000000006,7.43,1.09
48,-13.14,-1.1400000000000006,7.21,1.08
48,-13.14,0.8599999999999994,7.18,1.07
48,-13.14,2.8599999999999994,6.03,1.26
48,-12.14,-7.140000000000001,6.65,1.14
48,-12.14,4.859999999999999,7.11,1.04
48,-10.14,-9.14,6.27,1.08
48,-10.14,6.859999999999999,6.31,1.03
48,-8.14,-11.14,5.11,1.09
48,-8.14,8.86,5.35,1.0
