Instance: CBPP
Bin radius: 14.14
Rotate enable: false
Bin num: 61
Bin id,X coordinate of lower left corner,Y coordinate of lower left corner,Item's width,Item's height
1,-13.14,-5.140000000000001,4.99,9.89
1,-8.14,-11.14,4.91,9.97
1,-8.14,-1.1400000000000006,4.91,9.79
1,-3.1400000000000006,-13.14,4.88,9.77
1,-3.1400000000000006,-3.1400000000000006,4.76,9.99
1,1.8599999999999994,-12.14,4.8,9.89
1,1.8599999999999994,-2.1400000000000006,4.98,9.44
1,6.859999999999999,-7.140000000000001,4.9,9.55
1,-3.1400000000000006,6.859999999999999,4.55,5.92
1,6.859999999999999,2.8599999999999994,3.95,5.9
2,-13.14,-5.140000000000001,4.67,9.98
2,-8.14,-11.14,4.88,9.55
2,-8.14,-1.1400000000000006,4.95,9.39
2,-3.1400000000000006,-13.14,4.64,9.97
2,-3.1400000000000006,-3.1400000000000006,4.93,9.26
2,1.8599999999999994,-12.14,4.73,9.57
2,1.8599999999999994,-2.1400000000000006,4.93,9.15
2,6.859999999999999,-7.140000000000001,4.94,9.03
2,-3.1400000000000006,6.859999999999999,4.76,5.65
2,6.859999999999999,2.8599999999999994,3.96,5.77
3,-13.14,-5.140000000000001,4.61,9.65
3,-8.14,-11.14,4.86,9.13
3,-8.14,-1.1400000000000006,4.65,9.49
3,-3.1400000000000006,-13.14,4.56,9.49
3,-3.1400000000000006,-3.1400000000000006,4.35,9.93
3,1.8599999999999994,-12.14,4.97,8.68
3,1.8599999999999994,-3.1400000000000006,4.73,9.12
3,6.859999999999999,-7.140000000000001,4.45,9.65
3,-3.1400000000000006,6.859999999999999,4.48,5.97
3,1.8599999999999994,6.859999999999999,3.97,5.7
3,6.859999999999999,2.8599999999999994,3.76,5.96
4,-13.14,-5.140000000000001,4.73,9.06
4,-8.14,-11.14,4.82,8.82
4,-8.14,-2.1400000000000006,4.68,9.07
4,-3.1400000000000006,-13.14,4.76,8.88
4,-3.1400000000000006,-4.140000000000001,4.42,9.54
4,1.8599999999999994,-12.14,4.3,9.74
4,1.8599999999999994,-2.1400000000000006,4.35,9.61
4,6.859999999999999,-7.140000000000001,4.45,9.37
4,-3.1400000000000006,5.859999999999999,4.93,6.82
4,6.859999999999999,2.8599999999999994,3.73,5.85
5,-13.14,-5.140000000000001,4.51,9.24
5,-8.14,-11.14,4.51,9.23
5,-8.14,-1.1400000000000006,4.34,9.59
5,-3.1400000000000006,-13.14,4.76,8.73
5,-3.1400000000000006,-4.140000000000001,4.4,9.43
5,1.8599999999999994,-12.14,4.6,8.97
5,1.8599999999999994,-3.1400000000000006,4.6,8.96
5,6.859999999999999,-7.140000000000001,4.18,9.81
5,-3.1400000000000006,5.859999999999999,4.88,6.87
5,1.8599999999999994,5.859999999999999,4.82,5.45
5,6.859999999999999,2.8599999999999994,3.66,5.96
6,-13.14,-5.140000000000001,4.42,9.24
6,-8.14,-11.14,4.42,9.22
6,-8.14,-1.1400000000000006,4.28,9.52
6,-3.1400000000000006,-13.14,4.31,9.43
6,-3.1400000000000006,-3.1400000000000006,4.12,9.83
6,1.8599999999999994,-12.14,4.93,8.21
6,1.8599999999999994,-3.1400000000000006,4.21,9.61
6,6.859999999999999,-7.140000000000001,4.11,9.81
6,-2.1400000000000006,6.859999999999999,3.79,6.93
6,1.8599999999999994,6.859999999999999,3.93,5.49
6,6.859999999999999,2.8599999999999994,3.62,5.93
7,-13.14,-5.140000000000001,4.58,8.73
7,-8.14,-11.14,4.17,9.54
7,-8.14,-1.1400000000000006,3.98,9.99
7,-4.140000000000001,-1.1400000000000006,4.79,8.29
7,-3.1400000000000006,-13.14,4.44,8.94
7,0.8599999999999994,-4.140000000000001,4.47,8.87
7,5.859999999999999,-8.14,4.49,8.83
7,0.8599999999999994,4.859999999999999,4.93,7.98
7,5.859999999999999,0.8599999999999994,4.92,7.82
7,1.8599999999999994,-12.14,3.96,7.96
7,10.86,-5.140000000000001,1.96,9.08
7,-2.1400000000000006,7.859999999999999,2.83,5.93
8,-13.14,-5.140000000000001,4.58,8.64
8,-8.14,-11.14,4.06,9.74
8,-8.14,-1.1400000000000006,3.99,9.91
8,-4.140000000000001,-1.1400000000000006,4.72,8.35
8,-3.1400000000000006,-13.14,4.55,8.66
8,0.8599999999999994,-4.140000000000001,4.09,9.61
8,5.859999999999999,-8.14,4.74,8.27
8,5.859999999999999,0.8599999999999994,4.93,7.79
8,0.8599999999999994,5.859999999999999,4.96,6.67
8,1.8599999999999994,-12.14,3.9,7.87
8,10.86,-5.140000000000001,1.88,9.34
8,-2.1400000000000006,7.859999999999999,2.78,5.97
9,-13.14,-5.140000000000001,3.98,9.84
9,-9.14,-10.14,4.72,8.29
9,-9.14,-1.1400000000000006,4.23,9.2
9,-4.140000000000001,-13.14,4.37,8.81
9,-4.140000000000001,-4.140000000000001,4.16,9.25
9,0.8599999999999994,-12.14,4.49,8.57
9,0.8599999999999994,-3.1400000000000006,4.02,9.56
9,5.859999999999999,-8.14,4.03,9.49
9,-4.140000000000001,5.859999999999999,4.8,6.86
9,5.859999999999999,1.8599999999999994,4.86,6.71
9,0.8599999999999994,6.859999999999999,4.59,5.71
9,10.86,-5.140000000000001,1.97,8.86
10,-13.14,-5.140000000000001,4.62,8.27
10,-8.14,-11.14,3.86,9.89
10,-8.14,-1.1400000000000006,4.24,9.0
10,-4.140000000000001,-13.14,3.92,9.72
10,-3.1400000000000006,-3.1400000000000006,4.51,8.44
10,-0.14000000000000057,-13.14,4.76,7.99
10,1.8599999999999994,-5.140000000000001,3.94,9.65
10,5.859999999999999,-8.14,4.67,8.1
10,5.859999999999999,0.8599999999999994,4.73,7.96
10,-3.1400000000000006,5.859999999999999,4.99,6.51
10,1.8599999999999994,4.859999999999999,3.8,7.93
10,10.86,-5.140000000000001,1.75,9.76
11,-13.14,-5.140000000000001,3.96,9.54
11,-9.14,-10.14,4.23,8.92
11,-9.14,-1.1400000000000006,4.49,8.4
11,-4.140000000000001,-13.14,3.78,9.97
11,-4.140000000000001,-3.1400000000000006,4.59,8.21
11,-0.14000000000000057,-13.14,4.23,8.9
11,0.8599999999999994,-4.140000000000001,4.15,9.07
11,5.859999999999999,-8.14,4.41,8.53
11,5.859999999999999,0.8599999999999994,4.74,7.93
11,-4.140000000000001,5.859999999999999,4.67,6.93
11,0.8599999999999994,5.859999999999999,4.82,6.7
11,10.86,-5.140000000000001,1.89,8.97
12,-13.14,-5.140000000000001,4.65,8.08
12,-8.14,-11.14,4.89,7.65
12,-8.14,-3.1400000000000006,3.91,9.55
12,-4.140000000000001,-3.1400000000000006,3.79,9.82
12,-3.1400000000000006,-13.14,4.81,7.73
12,-0.14000000000000057,-5.140000000000001,3.81,9.75
12,3.8599999999999994,-11.14,3.79,9.8
12,3.8599999999999994,-1.1400000000000006,3.87,9.53
12,7.859999999999999,-5.140000000000001,4.2,8.78
12,-0.14000000000000057,4.859999999999999,3.85,7.76
12,-5.140000000000001,6.859999999999999,4.97,5.26
12,1.8599999999999994,-13.14,1.99,7.79
12,7.859999999999999,3.8599999999999994,1.9,5.96
13,-13.14,-5.140000000000001,3.77,9.78
13,-9.14,-10.14,4.86,7.58
13,-9.14,-2.1400000000000006,4.61,7.99
13,-4.140000000000001,-13.14,4.86,7.55
13,-4.140000000000001,-5.140000000000001,4.66,7.87
13,-4.140000000000001,2.8599999999999994,3.86,9.49
13,-0.14000000000000057,2.8599999999999994,4.21,8.7
13,0.8599999999999994,-12.14,4.0,9.15
13,4.859999999999999,-2.1400000000000006,4.86,7.52
13,9.86,-5.140000000000001,2.99,9.93
13,5.859999999999999,-9.14,3.76,6.95
13,-7.140000000000001,5.859999999999999,2.91,5.63
13,4.859999999999999,5.859999999999999,1.96,5.52
14,-13.14,-5.140000000000001,4.42,8.24
14,-8.14,-11.14,4.7,7.74
14,-8.14,-3.1400000000000006,4.05,8.97
14,-3.1400000000000006,-13.14,4.49,8.06
14,-3.1400000000000006,-4.140000000000001,4.95,7.3
14,-3.1400000000000006,3.8599999999999994,4.16,8.67
14,1.8599999999999994,-12.14,3.82,9.44
14,1.8599999999999994,-2.1400000000000006,4.13,8.71
14,6.859999999999999,-7.140000000000001,4.5,7.94
14,6.859999999999999,0.8599999999999994,3.79,7.68
14,-7.140000000000001,5.859999999999999,3.74,5.7
14,1.8599999999999994,6.859999999999999,3.88,5.49
15,-13.14,-5.140000000000001,3.58,9.98
15,-9.14,-10.14,4.48,7.96
15,-9.14,-2.1400000000000006,3.68,9.61
15,-5.140000000000001,-2.1400000000000006,4.69,7.53
15,-4.140000000000001,-13.14,3.62,9.74
15,-0.14000000000000057,-13.14,3.57,9.86
15,-0.14000000000000057,-3.1400000000000006,4.7,7.47
15,-0.14000000000000057,4.859999999999999,4.9,7.16
15,4.859999999999999,-9.14,4.59,7.63
15,4.859999999999999,-1.1400000000000006,3.81,9.17
15,-5.140000000000001,5.859999999999999,4.77,6.77
15,9.86,-5.140000000000001,2.95,9.51
16,-13.14,-5.140000000000001,3.99,8.74
16,-9.14,-10.14,3.61,9.64
16,-9.14,-0.14000000000000057,4.09,8.49
16,-5.140000000000001,-13.14,4.04,8.57
16,-4.140000000000001,-4.140000000000001,3.62,9.55
16,-0.14000000000000057,-13.14,4.79,7.21
16,-0.14000000000000057,-5.140000000000001,3.58,9.63
16,-0.14000000000000057,4.859999999999999,4.37,7.86
16,3.8599999999999994,-5.140000000000001,4.16,8.21
16,8.86,-5.140000000000001,3.91,8.73
16,4.859999999999999,3.8599999999999994,4.95,5.27
16,-4.140000000000001,5.859999999999999,3.79,6.88
16,4.859999999999999,-11.14,2.69,5.86
17,-13.14,-5.140000000000001,4.24,8.05
17,-8.14,-11.14,3.75,9.08
17,-8.14,-1.1400000000000006,3.86,8.82
17,-4.140000000000001,-13.14,4.66,7.28
17,-4.140000000000001,-5.140000000000001,4.23,8.02
17,-4.140000000000001,3.8599999999999994,4.79,7.08
17,0.8599999999999994,-12.14,4.15,8.14
17,0.8599999999999994,-3.1400000000000006,3.51,9.62
17,4.859999999999999,-3.1400000000000006,4.16,8.1
17,9.86,-5.140000000000001,2.97,9.43
17,0.8599999999999994,6.859999999999999,4.65,5.6
17,5.859999999999999,-9.14,3.53,5.99
18,-13.14,-5.140000000000001,4.21,8.0
18,-8.14,-11.14,4.27,7.88
18,-8.14,-3.1400000000000006,4.67,7.2
18,-5.140000000000001,4.859999999999999,4.46,7.5
18,-3.1400000000000006,-13.14,3.85,8.68
18,-0.14000000000000057,-4.140000000000001,3.51,9.5
18,3.8599999999999994,-11.14,3.45,9.66
18,3.8599999999999994,-1.1400000000000006,3.56,9.36
18,7.859999999999999,-5.140000000000001,4.25,7.84
18,-3.1400000000000006,-4.140000000000001,2.99,8.87
18,-0.14000000000000057,5.859999999999999,3.76,6.92
18,0.8599999999999994,-13.14,2.93,8.79
18,-8.14,4.859999999999999,2.67,5.9
18,7.859999999999999,2.8599999999999994,2.9,5.4
19,-13.14,-5.140000000000001,3.57,9.32
19,-9.14,-10.14,3.82,8.71
19,-9.14,-1.1400000000000006,4.0,8.2
19,-5.140000000000001,-13.14,4.07,8.05
19,-4.140000000000001,-4.140000000000001,3.57,9.17
19,-0.14000000000000057,-13.14,4.28,7.63
19,-0.14000000000000057,-5.140000000000001,4.06,8.02
19,-0.14000000000000057,3.8599999999999994,4.46,7.3
19,4.859999999999999,-10.14,3.94,8.26
19,4.859999999999999,-1.1400000000000006,4.52,7.2
19,9.86,-5.140000000000001,2.98,9.33
19,-4.140000000000001,5.859999999999999,3.8,6.6
20,-13.14,-5.140000000000001,4.5,7.23
20,-8.14,-11.14,4.43,7.32
20,-8.14,-3.1400000000000006,3.62,8.95
20,-4.140000000000001,-3.1400000000000006,4.33,7.47
20,-4.140000000000001,4.859999999999999,4.43,7.3
20,-3.1400000000000006,-13.14,4.99,6.47
20,0.8599999999999994,-6.140000000000001,4.58,7.04
20,0.8599999999999994,1.8599999999999994,4.6,7.0
20,5.859999999999999,-9.14,3.37,9.55
20,5.859999999999999,0.8599999999999994,3.94,8.15
20,9.86,-5.140000000000001,2.88,9.51
20,1.8599999999999994,-12.14,3.67,5.76
20,-7.140000000000001,5.859999999999999,2.84,5.49
20,-10.14,2.8599999999999994,1.97,5.45
21,-13.14,-5.140000000000001,3.48,9.2
21,-9.14,-10.14,4.31,7.41
21,-9.14,-2.1400000000000006,4.56,6.99
21,-4.140000000000001,-13.14,3.64,8.75
21,-5.140000000000001,4.859999999999999,4.23,7.52
21,-4.140000000000001,-4.140000000000001,3.78,8.4
21,-0.14000000000000057,-13.14,3.41,9.3
21,-0.14000000000000057,-3.1400000000000006,3.93,8.04
21,3.8599999999999994,-10.14,4.24,7.45
21,-0.14000000000000057,5.859999999999999,4.63,6.82
21,3.8599999999999994,-2.1400000000000006,4.34,7.27
21,8.86,-5.140000000000001,3.66,8.62
21,-8.14,4.859999999999999,2.74,5.52
21,4.859999999999999,5.859999999999999,1.98,5.42
22,-13.14,-5.140000000000001,4.61,6.84
22,-10.14,1.8599999999999994,4.61,6.84
22,-8.14,-11.14,3.83,8.23
22,-5.140000000000001,-2.1400000000000006,4.53,6.95
22,-5.140000000000001,4.859999999999999,4.53,6.95
22,-4.140000000000001,-13.14,3.64,8.62
22,-0.14000000000000057,-13.14,4.76,6.58
22,-0.14000000000000057,-6.140000000000001,4.89,6.4
22,-0.14000000000000057,0.8599999999999994,4.15,7.52
22,4.859999999999999,-10.14,3.25,9.6
22,4.859999999999999,-0.14000000000000057,4.6,6.77
22,9.86,-5.140000000000001,2.91,9.37
23,-13.14,-5.140000000000001,4.28,7.25
23,-9.14,2.8599999999999994,4.61,6.73
23,-8.14,-11.14,4.12,7.53
23,-4.140000000000001,-3.1400000000000006,4.54,6.82
23,-4.140000000000001,3.8599999999999994,4.67,6.62
23,-3.1400000000000006,-13.14,3.7,8.35
23,0.8599999999999994,-13.14,3.82,8.08
23,0.8599999999999994,-4.140000000000001,4.05,7.62
23,0.8599999999999994,3.8599999999999994,3.82,8.07
23,5.859999999999999,-8.14,4.41,6.99
23,5.859999999999999,-1.1400000000000006,4.24,7.27
23,-8.14,-3.1400000000000006,3.98,5.3
23,10.86,-5.140000000000001,1.77,9.43
24,-13.14,-5.140000000000001,3.15,9.75
24,-9.14,-10.14,4.94,6.21
24,-9.14,-3.1400000000000006,4.66,6.58
24,-8.14,3.8599999999999994,4.88,6.24
24,-4.140000000000001,-13.14,4.9,6.21
24,-4.140000000000001,-6.140000000000001,3.33,9.13
24,-3.1400000000000006,3.8599999999999994,4.06,7.48
24,-0.14000000000000057,-6.140000000000001,4.85,6.26
24,1.8599999999999994,0.8599999999999994,4.18,7.25
24,4.859999999999999,-10.14,3.19,9.5
24,6.859999999999999,-0.14000000000000057,4.45,6.78
24,0.8599999999999994,-13.14,3.81,6.55
24,8.86,-7.140000000000001,2.95,6.68
25,-13.14,-5.140000000000001,3.31,9.11
25,-9.14,-10.14,3.35,8.98
25,-9.14,-1.1400000000000006,3.19,9.42
25,-5.140000000000001,-13.14,4.69,6.39
25,-5.140000000000001,-6.140000000000001,3.22,9.3
25,-2.1400000000000006,3.8599999999999994,3.1,9.65
25,-1.1400000000000006,-6.140000000000001,3.16,9.45
25,-0.14000000000000057,-13.14,4.8,6.22
25,1.8599999999999994,3.8599999999999994,3.39,8.8
25,2.8599999999999994,-6.140000000000001,4.81,6.19
25,5.859999999999999,0.8599999999999994,3.39,8.77
25,7.859999999999999,-7.140000000000001,3.91,7.44
25,-5.140000000000001,3.8599999999999994,2.85,8.84
25,4.859999999999999,-12.14,1.87,5.65
25,9.86,0.8599999999999994,1.86,5.62
26,-13.14,-5.140000000000001,3.25,9.14
26,-9.14,-10.14,4.54,6.54
26,-9.14,-3.1400000000000006,3.29,9.01
26,-5.140000000000001,-3.1400000000000006,3.55,8.35
26,-4.140000000000001,-13.14,4.08,7.26
26,-1.1400000000000006,-5.140000000000001,3.32,8.91
26,-5.140000000000001,5.859999999999999,4.74,6.24
26,-0.14000000000000057,3.8599999999999994,3.47,8.52
26,2.8599999999999994,-12.14,3.6,8.21
26,3.8599999999999994,-3.1400000000000006,3.45,8.56
26,7.859999999999999,-7.140000000000001,3.26,9.04
26,3.8599999999999994,5.859999999999999,2.83,5.34
26,0.8599999999999994,-13.14,1.99,7.5
26,7.859999999999999,2.8599999999999994,2.72,5.46
27,-13.14,-5.140000000000001,4.64,6.35
27,-8.14,-11.14,3.13,9.41
27,-8.14,-1.1400000000000006,3.41,8.63
27,-4.140000000000001,-13.14,3.0,9.78
27,-4.140000000000001,-3.1400000000000006,3.1,9.45
27,-0.14000000000000057,-13.14,3.45,8.49
27,-0.14000000000000057,-4.140000000000001,3.4,8.61
27,-0.14000000000000057,4.859999999999999,4.63,6.32
27,3.8599999999999994,-11.14,3.3,8.84
27,4.859999999999999,-2.1400000000000006,3.27,8.9
27,8.86,-5.140000000000001,3.06,9.46
27,-4.140000000000001,6.859999999999999,3.65,5.7
27,-11.14,1.8599999999999994,2.95,5.01
28,-13.14,-5.140000000000001,3.06,9.46
28,-9.14,-10.14,4.73,6.09
28,-9.14,-3.1400000000000006,3.8,7.57
28,-5.140000000000001,-3.1400000000000006,3.18,9.01
28,-4.140000000000001,-13.14,3.87,7.4
28,-1.1400000000000006,-5.140000000000001,4.32,6.62
28,-1.1400000000000006,1.8599999999999994,4.55,6.27
28,-0.14000000000000057,-13.14,3.76,7.58
28,3.8599999999999994,-11.14,3.37,8.44
28,3.8599999999999994,-2.1400000000000006,3.65,7.78
28,7.859999999999999,-7.140000000000001,3.87,7.32
28,7.859999999999999,0.8599999999999994,2.91,7.96
28,-5.140000000000001,6.859999999999999,3.57,5.81
28,-8.14,4.859999999999999,2.76,5.31
28,3.8599999999999994,5.859999999999999,2.79,5.25
29,-13.14,-5.140000000000001,3.04,9.28
29,-9.14,-10.14,4.11,6.86
29,-9.14,-3.1400000000000006,4.66,6.04
29,-8.14,3.8599999999999994,4.08,6.87
29,-4.140000000000001,-13.14,3.55,7.83
29,-4.140000000000001,-5.140000000000001,4.21,6.6
29,-3.1400000000000006,1.8599999999999994,3.28,8.45
29,0.8599999999999994,-13.14,3.43,8.08
29,0.8599999999999994,-4.140000000000001,3.17,8.71
29,0.8599999999999994,4.859999999999999,4.46,6.18
29,4.859999999999999,-10.14,3.43,8.03
29,5.859999999999999,-1.1400000000000006,4.56,6.04
29,10.86,-5.140000000000001,1.88,8.87
29,8.86,-8.14,1.99,6.89
30,-13.14,-5.140000000000001,3.0,9.17
30,-9.14,-10.14,4.4,6.23
30,-9.14,-3.1400000000000006,3.26,8.4
30,-5.140000000000001,-3.1400000000000006,3.25,8.42
30,-5.140000000000001,5.859999999999999,4.26,6.4
30,-4.140000000000001,-13.14,3.48,7.8
30,-1.1400000000000006,-5.140000000000001,3.3,8.21
30,-0.14000000000000057,-13.14,4.03,6.72
30,-0.14000000000000057,3.8599999999999994,3.54,7.65
30,2.8599999999999994,-6.140000000000001,3.34,8.1
30,3.8599999999999994,2.8599999999999994,3.81,7.1
30,6.859999999999999,-7.140000000000001,4.22,6.41
30,7.859999999999999,-0.14000000000000057,4.69,5.55
30,-7.140000000000001,5.859999999999999,1.73,5.97
30,4.859999999999999,-12.14,1.95,5.26
31,-13.14,-5.140000000000001,2.93,9.23
31,-10.14,-9.14,2.96,9.13
31,-9.14,0.8599999999999994,3.23,8.36
31,-7.140000000000001,-12.14,4.37,6.17
31,-5.140000000000001,-5.140000000000001,3.21,8.39
31,-2.1400000000000006,3.8599999999999994,2.95,9.1
31,-1.1400000000000006,-13.14,3.35,8.01
31,0.8599999999999994,-4.140000000000001,3.01,8.91
31,4.859999999999999,-11.14,2.95,9.09
31,4.859999999999999,-1.1400000000000006,3.29,8.15
31,8.86,-5.140000000000001,3.17,8.44
31,0.8599999999999994,4.859999999999999,3.42,7.82
31,-5.140000000000001,3.8599999999999994,2.86,8.64
31,2.8599999999999994,-13.14,1.87,8.89
31,-1.1400000000000006,-4.140000000000001,1.87,7.92
31,-7.140000000000001,-5.140000000000001,1.77,5.72
32,-13.14,-5.140000000000001,4.4,6.09
32,-10.14,1.8599999999999994,4.27,6.27
32,-8.14,-11.14,3.66,7.29
32,-5.140000000000001,-3.1400000000000006,3.41,7.8
32,-5.140000000000001,4.859999999999999,3.36,7.91
32,-4.140000000000001,-13.14,2.86,9.27
32,-1.1400000000000006,-13.14,4.13,6.41
32,-1.1400000000000006,-6.140000000000001,3.72,7.11
32,-1.1400000000000006,1.8599999999999994,3.36,7.84
32,2.8599999999999994,-6.140000000000001,3.02,8.71
32,2.8599999999999994,2.8599999999999994,3.7,7.08
32,6.859999999999999,-8.14,3.36,7.79
32,6.859999999999999,-0.14000000000000057,3.42,7.65
32,10.86,-5.140000000000001,1.99,8.32
32,3.8599999999999994,-12.14,2.88,5.04
33,-13.14,-5.140000000000001,2.76,9.46
33,-10.14,-9.14,4.12,6.31
33,-10.14,-2.1400000000000006,4.96,5.24
33,-7.140000000000001,3.8599999999999994,3.41,7.59
33,-5.140000000000001,-13.14,4.49,5.76
33,-5.140000000000001,-7.140000000000001,4.79,5.39
33,-3.1400000000000006,-1.1400000000000006,4.46,5.78
33,-3.1400000000000006,4.859999999999999,4.58,5.61
33,-0.14000000000000057,-13.14,3.28,7.82
33,1.8599999999999994,-5.140000000000001,3.21,7.99
33,1.8599999999999994,2.8599999999999994,4.14,6.19
33,5.859999999999999,-8.14,4.53,5.63
33,6.859999999999999,-2.1400000000000006,2.55,10.0
33,9.86,-2.1400000000000006,2.8,7.91
33,3.8599999999999994,-12.14,1.89,6.95
33,-9.14,3.8599999999999994,1.86,5.39
34,-13.14,-5.140000000000001,3.18,8.01
34,-9.14,-10.14,2.75,9.25
34,-9.14,-0.14000000000000057,4.16,6.11
34,-6.140000000000001,-12.14,4.81,5.28
34,-4.140000000000001,-6.140000000000001,4.18,6.06
34,-4.140000000000001,0.8599999999999994,4.18,6.06
34,-1.1400000000000006,-13.14,4.18,6.06
34,0.8599999999999994,-6.140000000000001,3.54,7.15
34,0.8599999999999994,1.8599999999999994,4.15,6.08
34,4.859999999999999,-9.14,4.63,5.43
34,5.859999999999999,-3.1400000000000006,4.13,6.08
34,5.859999999999999,3.8599999999999994,3.77,5.45
34,10.86,-5.140000000000001,1.86,8.88
34,-2.1400000000000006,7.859999999999999,2.68,5.36
34,-6.140000000000001,-6.140000000000001,1.74,5.6
35,-13.14,-5.140000000000001,3.29,7.61
35,-10.14,2.8599999999999994,4.66,5.36
35,-9.14,-10.14,2.7,9.25
35,-6.140000000000001,-12.14,4.38,5.7
35,-6.140000000000001,-6.140000000000001,3.29,7.58
35,-5.140000000000001,1.8599999999999994,3.7,6.74
35,-1.1400000000000006,-13.14,2.67,9.34
35,-1.1400000000000006,-3.1400000000000006,3.14,7.94
35,1.8599999999999994,-13.14,2.57,9.7
35,-1.1400000000000006,4.859999999999999,3.24,7.69
35,2.8599999999999994,-3.1400000000000006,4.61,5.4
35,2.8599999999999994,2.8599999999999994,3.14,7.92
35,7.859999999999999,-8.14,2.74,9.07
35,4.859999999999999,-11.14,2.94,7.48
35,6.859999999999999,2.8599999999999994,3.86,5.32
35,10.86,-5.140000000000001,1.87,8.75
36,-13.14,-5.140000000000001,3.5,7.1
36,-10.14,2.8599999999999994,4.49,5.52
36,-9.14,-10.14,3.62,6.82
36,-9.14,-3.1400000000000006,4.84,5.1
36,-5.140000000000001,-13.14,3.97,6.21
36,-5.140000000000001,2.8599999999999994,3.17,7.77
36,-1.1400000000000006,-13.14,2.7,9.12
36,-4.140000000000001,-6.140000000000001,2.99,8.23
36,-1.1400000000000006,-3.1400000000000006,4.39,5.6
36,-1.1400000000000006,2.8599999999999994,3.59,6.83
36,1.8599999999999994,-13.14,2.97,8.25
36,2.8599999999999994,2.8599999999999994,2.94,8.33
36,3.8599999999999994,-4.140000000000001,4.17,5.87
36,5.859999999999999,1.8599999999999994,4.59,5.33
36,8.86,-7.140000000000001,2.79,8.73
36,4.859999999999999,-10.14,3.83,5.3
37,-13.14,-5.140000000000001,2.7,9.06
37,-10.14,-9.14,2.59,9.44
37,-10.14,0.8599999999999994,4.76,5.13
37,-7.140000000000001,-12.14,4.09,5.97
37,-7.140000000000001,-6.140000000000001,4.65,5.25
37,-5.140000000000001,-0.14000000000000057,3.07,7.95
37,-2.1400000000000006,-13.14,2.47,9.84
37,-1.1400000000000006,-3.1400000000000006,4.86,5.0
37,-1.1400000000000006,2.8599999999999994,4.41,5.51
37,0.8599999999999994,-13.14,3.2,7.59
37,3.8599999999999994,-5.140000000000001,2.61,9.3
37,3.8599999999999994,4.859999999999999,4.39,5.51
37,6.859999999999999,-9.14,2.48,9.75
37,9.86,-5.140000000000001,2.6,9.21
37,4.859999999999999,-12.14,1.93,6.65
38,-13.14,-5.140000000000001,4.27,5.65
38,-12.14,0.8599999999999994,4.12,5.85
38,-8.14,-11.14,3.53,6.79
38,-7.140000000000001,-4.140000000000001,4.47,5.36
38,-7.140000000000001,1.8599999999999994,2.54,9.42
38,-4.140000000000001,1.8599999999999994,2.52,9.48
38,-4.140000000000001,-13.14,2.72,8.78
38,-2.1400000000000006,-4.140000000000001,4.35,5.48
38,-1.1400000000000006,-13.14,2.83,8.42
38,-1.1400000000000006,1.8599999999999994,2.71,8.78
38,1.8599999999999994,-12.14,4.38,5.43
38,1.8599999999999994,1.8599999999999994,3.1,7.67
38,2.8599999999999994,-6.140000000000001,3.05,7.79
38,6.859999999999999,-9.14,2.48,9.58
38,5.859999999999999,1.8599999999999994,4.48,5.29
38,9.86,-5.140000000000001,2.81,6.91
39,-13.14,-5.140000000000001,2.81,8.43
39,-10.14,-9.14,3.28,7.22
39,-10.14,-1.1400000000000006,3.5,6.76
39,-6.140000000000001,-12.14,2.37,9.96
39,-6.140000000000001,-2.1400000000000006,3.65,6.45
39,-7.140000000000001,5.859999999999999,4.22,5.57
39,-3.1400000000000006,-13.14,2.75,8.54
39,-2.1400000000000006,-4.140000000000001,2.55,9.16
39,-2.1400000000000006,5.859999999999999,3.37,6.93
39,-0.14000000000000057,-13.14,3.06,7.62
39,0.8599999999999994,-5.140000000000001,4.06,5.73
39,1.8599999999999994,0.8599999999999994,2.39,9.73
39,4.859999999999999,0.8599999999999994,3.28,7.08
39,5.859999999999999,-10.14,2.47,9.37
39,8.86,-5.140000000000001,3.54,6.51
39,3.8599999999999994,-12.14,1.9,6.5
39,8.86,1.8599999999999994,1.79,6.87
40,-13.14,-5.140000000000001,4.56,5.06
40,-11.14,0.8599999999999994,3.34,6.89
40,-8.14,-11.14,3.76,6.1
40,-7.140000000000001,-4.140000000000001,3.43,6.68
40,-7.140000000000001,2.8599999999999994,3.58,6.39
40,-4.140000000000001,-13.14,3.77,6.02
40,-3.1400000000000006,-6.140000000000001,3.13,7.24
40,-3.1400000000000006,1.8599999999999994,2.64,8.58
40,-0.14000000000000057,-13.14,3.76,6.02
40,-0.14000000000000057,1.8599999999999994,2.47,9.15
40,2.8599999999999994,-6.140000000000001,2.68,8.43
40,2.8599999999999994,2.8599999999999994,2.61,8.65
40,5.859999999999999,-10.14,2.4,9.36
40,5.859999999999999,-0.14000000000000057,2.34,9.6
40,8.86,-7.140000000000001,2.35,9.52
40,0.8599999999999994,-6.140000000000001,1.84,7.99
40,3.8599999999999994,-12.14,1.85,5.21
40,8.86,2.8599999999999994,1.86,5.15
41,-13.14,-5.140000000000001,4.04,5.54
41,-8.14,-11.14,2.47,9.05
41,-9.14,0.8599999999999994,2.68,8.34
41,-6.140000000000001,-1.1400000000000006,2.6,8.59
41,-5.140000000000001,-13.14,3.24,6.86
41,-3.1400000000000006,-6.140000000000001,3.08,7.2
41,-3.1400000000000006,1.8599999999999994,3.02,7.34
41,-1.1400000000000006,-13.14,4.29,5.15
41,0.8599999999999994,-7.140000000000001,3.32,6.65
41,0.8599999999999994,-0.14000000000000057,2.59,8.49
41,3.8599999999999994,-0.14000000000000057,2.24,9.8
41,4.859999999999999,-10.14,3.47,6.32
41,6.859999999999999,-3.1400000000000006,2.31,9.48
41,9.86,-5.140000000000001,2.56,8.53
41,-12.14,0.8599999999999994,2.74,5.16
42,-13.14,-5.140000000000001,3.33,6.57
42,-10.14,1.8599999999999994,3.42,6.39
42,-9.14,-10.14,2.68,8.13
42,-6.140000000000001,-12.14,3.61,6.03
42,-6.140000000000001,-5.140000000000001,2.64,8.24
42,-6.140000000000001,3.8599999999999994,3.2,6.78
42,-2.1400000000000006,-13.14,2.23,9.7
42,-2.1400000000000006,-3.1400000000000006,2.82,7.66
42,-2.1400000000000006,4.859999999999999,3.28,6.58
42,0.8599999999999994,-13.14,2.94,7.34
42,0.8599999999999994,-5.140000000000001,3.53,6.11
42,1.8599999999999994,1.8599999999999994,4.07,5.28
42,4.859999999999999,-10.14,3.35,6.4
42,6.859999999999999,-3.1400000000000006,3.08,6.96
42,10.86,-5.140000000000001,1.93,8.36
42,6.859999999999999,3.8599999999999994,2.58,5.35
43,-13.14,-5.140000000000001,3.38,6.33
43,-9.14,-10.14,2.74,7.79
43,-9.14,-2.1400000000000006,2.42,8.8
43,-6.140000000000001,-12.14,2.23,9.51
43,-6.140000000000001,-2.1400000000000006,2.48,8.54
43,-3.1400000000000006,-13.14,3.05,6.94
43,-3.1400000000000006,-6.140000000000001,2.29,9.23
43,-3.1400000000000006,3.8599999999999994,2.98,7.09
43,-0.14000000000000057,-6.140000000000001,3.03,6.97
43,-0.14000000000000057,0.8599999999999994,4.14,5.09
43,3.8599999999999994,-12.14,2.67,7.87
43,4.859999999999999,-4.140000000000001,2.53,8.3
43,7.859999999999999,-8.14,2.43,8.64
43,7.859999999999999,0.8599999999999994,2.74,7.65
43,-0.14000000000000057,6.859999999999999,4.09,5.04
43,0.8599999999999994,-13.14,2.95,6.48
43,10.86,-5.140000000000001,1.96,8.22
43,4.859999999999999,4.859999999999999,2.59,5.32
43,-11.14,1.8599999999999994,1.75,5.47
43,-5.140000000000001,6.859999999999999,1.65,5.77
44,-13.14,-5.140000000000001,2.44,8.59
44,-10.14,-9.14,2.85,7.35
44,-10.14,-1.1400000000000006,2.6,8.03
44,-7.140000000000001,-12.14,2.64,7.89
44,-7.140000000000001,-4.140000000000001,2.18,9.54
44,-4.140000000000001,-13.14,2.78,7.48
44,-4.140000000000001,-5.140000000000001,2.96,7.02
44,-4.140000000000001,2.8599999999999994,2.2,9.4
44,-1.1400000000000006,-13.14,2.43,8.5
44,-1.1400000000000006,-4.140000000000001,2.24,9.19
44,-1.1400000000000006,5.859999999999999,4.01,5.13
44,1.8599999999999994,-13.14,2.73,7.52
44,1.8599999999999994,-5.140000000000001,2.78,7.38
44,3.8599999999999994,2.8599999999999994,2.34,8.76
44,4.859999999999999,-10.14,3.01,6.77
44,6.859999999999999,-3.1400000000000006,2.39,8.52
44,9.86,-5.140000000000001,2.14,9.5
44,-7.140000000000001,5.859999999999999,2.33,5.79
44,4.859999999999999,-3.1400000000000006,1.8,5.25
45,-13.14,-5.140000000000001,2.39,8.5
45,-10.14,-9.14,3.9,5.2
45,-10.14,-3.1400000000000006,2.2,9.21
45,-7.140000000000001,-3.1400000000000006,2.04,9.93
45,-6.140000000000001,-12.14,2.64,7.66
45,-4.140000000000001,-4.140000000000001,2.21,9.15
45,-1.1400000000000006,-13.14,2.05,9.85
45,-5.140000000000001,6.859999999999999,4.01,5.03
45,-1.1400000000000006,-3.1400000000000006,2.61,7.71
45,-0.14000000000000057,4.859999999999999,3.2,6.28
45,1.8599999999999994,-12.14,3.31,6.07
45,1.8599999999999994,-5.140000000000001,3.26,6.15
45,3.8599999999999994,1.8599999999999994,3.35,5.98
45,5.859999999999999,-10.14,2.49,8.03
45,7.859999999999999,-1.1400000000000006,3.74,5.33
45,-3.1400000000000006,-13.14,1.85,8.62
45,8.86,-7.140000000000001,2.68,5.03
46,-13.14,-5.140000000000001,3.65,5.44
46,-9.14,-10.14,2.46,8.07
46,-12.14,0.8599999999999994,3.92,5.06
46,-8.14,-1.1400000000000006,2.72,7.29
46,-6.140000000000001,-12.14,2.82,7.03
46,-5.140000000000001,-4.140000000000001,2.67,7.42
46,-5.140000000000001,3.8599999999999994,3.07,6.45
46,-3.1400000000000006,-13.14,2.48,7.96
46,-2.1400000000000006,-5.140000000000001,3.03,6.51
46,-1.1400000000000006,1.8599999999999994,3.24,6.08
46,1.8599999999999994,-13.14,2.0,9.83
46,2.8599999999999994,-3.1400000000000006,3.58,5.49
46,2.8599999999999994,2.8599999999999994,2.41,8.15
46,4.859999999999999,-11.14,2.49,7.88
46,5.859999999999999,2.8599999999999994,3.21,6.1
46,7.859999999999999,-8.14,2.24,8.74
46,10.86,-5.140000000000001,1.73,9.23
46,-0.14000000000000057,-13.14,1.96,7.37
47,-13.14,-5.140000000000001,2.57,7.6
47,-10.14,-9.14,2.72,7.18
47,-10.14,-1.1400000000000006,2.7,7.2
47,-7.140000000000001,-12.14,3.13,6.2
47,-7.140000000000001,-5.140000000000001,2.06,9.42
47,-4.140000000000001,-5.140000000000001,2.31,8.4
47,-4.140000000000001,3.8599999999999994,2.18,8.88
47,-3.1400000000000006,-13.14,3.36,5.75
47,-1.1400000000000006,-7.140000000000001,2.19,8.82
47,-1.1400000000000006,1.8599999999999994,3.6,5.36
47,1.8599999999999994,-12.14,3.18,6.05
47,1.8599999999999994,-5.140000000000001,3.73,5.15
47,2.8599999999999994,0.8599999999999994,3.19,6.01
47,5.859999999999999,-9.14,3.34,5.73
47,6.859999999999999,-3.1400000000000006,2.46,7.77
47,9.86,-5.140000000000001,2.3,8.31
47,-7.140000000000001,4.859999999999999,2.79,6.79
47,-1.1400000000000006,7.859999999999999,2.43,5.54
47,6.859999999999999,4.859999999999999,1.72,5.4
48,-13.14,-5.140000000000001,3.37,5.67
48,-10.14,0.8599999999999994,2.61,7.29
48,-9.14,-10.14,2.14,8.87
48,-7.140000000000001,-1.1400000000000006,2.41,7.82
48,-6.140000000000001,-12.14,2.06,9.14
48,-4.140000000000001,-2.1400000000000006,2.1,8.95
48,-3.1400000000000006,-13.14,2.09,8.99
48,-1.1400000000000006,-4.140000000000001,2.27,8.25
48,-1.1400000000000006,4.859999999999999,2.21,8.46
48,-0.14000000000000057,-13.14,2.85,6.55
48,-5.140000000000001,6.859999999999999,3.58,5.21
48,1.8599999999999994,-6.140000000000001,3.6,5.18
48,1.8599999999999994,-0.14000000000000057,2.6,7.17
48,4.859999999999999,-0.14000000000000057,2.94,6.34
48,5.859999999999999,-10.14,2.3,8.07
48,7.859999999999999,-1.1400000000000006,2.89,6.4
48,10.86,-5.140000000000001,1.79,8.89
48,2.8599999999999994,-12.14,2.27,5.87
48,8.86,-8.14,1.83,6.71
48,-12.14,0.8599999999999994,1.56,5.89
49,-13.14,-5.140000000000001,2.35,7.86
49,-10.14,-9.14,2.72,6.79
49,-10.14,-2.1400000000000006,2.39,7.7
49,-7.140000000000001,-12.14,2.54,7.23
49,-7.140000000000001,-4.140000000000001,2.36,7.78
49,-7.140000000000001,3.8599999999999994,2.55,7.2
49,-4.140000000000001,-13.14,2.06,8.91
49,-4.140000000000001,-4.140000000000001,2.28,8.05
49,-2.1400000000000006,4.859999999999999,2.26,8.09
49,-1.1400000000000006,-13.14,2.12,8.62
49,-1.1400000000000006,-4.140000000000001,2.4,7.61
49,0.8599999999999994,3.8599999999999994,2.39,7.63
49,1.8599999999999994,-13.14,2.33,7.82
49,1.8599999999999994,-5.140000000000001,3.43,5.3
49,3.8599999999999994,0.8599999999999994,2.51,7.2
49,5.859999999999999,-10.14,2.38,7.59
49,6.859999999999999,-2.1400000000000006,2.96,6.1
49,9.86,-5.140000000000001,2.2,8.16
49,-4.140000000000001,4.859999999999999,1.89,7.49
49,6.859999999999999,4.859999999999999,1.79,5.13
50,-13.14,-5.140000000000001,3.24,5.55
50,-11.14,0.8599999999999994,2.69,6.67
50,-9.14,-10.14,2.12,8.44
50,-8.14,-1.1400000000000006,2.14,8.36
50,-6.140000000000001,-12.14,3.15,5.66
50,-5.140000000000001,-6.140000000000001,2.49,7.15
50,-5.140000000000001,1.8599999999999994,3.41,5.21
50,-2.1400000000000006,-13.14,3.05,5.8
50,-2.1400000000000006,-7.140000000000001,2.02,8.74
50,-1.1400000000000006,1.8599999999999994,2.84,6.21
50,0.8599999999999994,-7.140000000000001,2.82,6.25
50,1.8599999999999994,-0.14000000000000057,2.81,6.27
50,3.8599999999999994,-12.14,2.41,7.31
50,1.8599999999999994,6.859999999999999,3.27,5.37
50,4.859999999999999,-4.140000000000001,2.86,6.12
50,5.859999999999999,2.8599999999999994,2.56,6.81
50,7.859999999999999,-8.14,2.04,8.52
50,10.86,-5.140000000000001,1.65,9.41
50,8.86,0.8599999999999994,1.8,7.78
50,1.8599999999999994,-13.14,1.61,5.66
51,-13.14,-5.140000000000001,2.44,7.12
51,-10.14,-9.14,2.27,7.65
51,-10.14,-1.1400000000000006,2.29,7.54
51,-7.140000000000001,-12.14,2.84,6.06
51,-7.140000000000001,-5.140000000000001,2.33,7.38
51,-7.140000000000001,2.8599999999999994,3.23,5.32
51,-4.140000000000001,-13.14,3.19,5.38
51,-4.140000000000001,-7.140000000000001,2.53,6.78
51,-3.1400000000000006,-0.14000000000000057,2.16,7.94
51,-2.1400000000000006,7.859999999999999,3.28,5.18
51,-1.1400000000000006,-7.140000000000001,2.61,6.49
51,-0.14000000000000057,-0.14000000000000057,2.16,7.79
51,1.8599999999999994,-13.14,2.68,6.27
51,1.8599999999999994,-6.140000000000001,3.14,5.33
51,2.8599999999999994,-0.14000000000000057,3.03,5.52
51,5.859999999999999,-10.14,2.09,8.0
51,2.8599999999999994,5.859999999999999,2.54,6.56
51,6.859999999999999,-1.1400000000000006,2.57,6.48
51,9.86,-5.140000000000001,2.02,8.24
51,-0.14000000000000057,-13.14,1.78,5.09
52,-13.14,-5.140000000000001,2.35,7.08
52,-10.14,-9.14,3.21,5.18
52,-10.14,-3.1400000000000006,2.36,7.01
52,-7.140000000000001,-3.1400000000000006,2.44,6.73
52,-8.14,4.859999999999999,3.11,5.28
52,-6.140000000000001,-12.14,3.08,5.33
52,-4.140000000000001,-6.140000000000001,3.23,5.07
52,-4.140000000000001,-0.14000000000000057,2.65,6.14
52,-1.1400000000000006,-0.14000000000000057,2.32,7.01
52,-0.14000000000000057,-13.14,2.28,7.08
52,1.8599999999999994,-5.140000000000001,2.37,6.81
52,1.8599999999999994,1.8599999999999994,2.22,7.26
52,4.859999999999999,-11.14,2.16,7.44
52,4.859999999999999,-3.1400000000000006,2.42,6.64
52,4.859999999999999,3.8599999999999994,2.35,6.8
52,7.859999999999999,-8.14,2.65,6.02
52,7.859999999999999,-1.1400000000000006,2.16,7.35
52,10.86,-5.140000000000001,1.67,9.26
52,2.8599999999999994,-13.14,1.95,7.08
52,-4.140000000000001,6.859999999999999,2.47,5.35
52,-1.1400000000000006,7.859999999999999,2.29,5.74
52,-2.1400000000000006,-13.14,1.86,6.55
53,-13.14,-5.140000000000001,2.06,7.7
53,-10.14,-9.14,2.38,6.65
53,-10.14,-2.1400000000000006,2.15,7.33
53,-7.140000000000001,-12.14,2.32,6.79
53,-7.140000000000001,-5.140000000000001,2.0,7.77
53,-7.140000000000001,2.8599999999999994,2.45,6.32
53,-4.140000000000001,-13.14,1.78,8.66
53,-4.140000000000001,-4.140000000000001,2.09,7.36
53,-4.140000000000001,3.8599999999999994,2.36,6.51
53,-2.1400000000000006,-13.14,2.22,6.92
53,-1.1400000000000006,-6.140000000000001,1.54,9.97
53,-1.1400000000000006,3.8599999999999994,2.08,7.34
53,0.8599999999999994,-13.14,2.28,6.65
53,0.8599999999999994,-6.140000000000001,2.06,7.36
53,1.8599999999999994,1.8599999999999994,1.63,9.29
53,3.8599999999999994,-12.14,1.77,8.49
53,3.8599999999999994,-3.1400000000000006,2.18,6.88
53,6.859999999999999,-10.14,1.52,9.85
53,3.8599999999999994,3.8599999999999994,2.07,7.23
53,6.859999999999999,-0.14000000000000057,2.46,6.05
53,9.86,-5.140000000000001,2.09,7.12
54,-13.14,-5.140000000000001,1.75,8.46
54,-11.14,-8.14,2.14,6.86
54,-10.14,-1.1400000000000006,1.62,9.04
54,-8.14,-11.14,1.72,8.5
54,-8.14,-2.1400000000000006,1.67,8.71
54,-6.140000000000001,-12.14,1.63,8.92
54,-6.140000000000001,-3.1400000000000006,1.77,8.18
54,-4.140000000000001,-13.14,1.64,8.78
54,-5.140000000000001,5.859999999999999,2.21,6.51
54,-4.140000000000001,-4.140000000000001,2.37,6.05
54,-2.1400000000000006,2.8599999999999994,1.47,9.75
54,-2.1400000000000006,-13.14,2.2,6.5
54,-1.1400000000000006,-6.140000000000001,1.73,8.24
54,-0.14000000000000057,2.8599999999999994,1.5,9.49
54,0.8599999999999994,-13.14,2.07,6.84
54,0.8599999999999994,-6.140000000000001,1.68,8.4
54,1.8599999999999994,2.8599999999999994,2.15,6.55
54,3.8599999999999994,-12.14,1.44,9.77
54,4.859999999999999,-2.1400000000000006,2.1,6.67
54,5.859999999999999,-10.14,2.05,6.83
54,7.859999999999999,-3.1400000000000006,1.51,9.27
54,9.86,-7.140000000000001,1.65,8.46
54,4.859999999999999,4.859999999999999,2.41,5.43
55,-13.14,-5.140000000000001,2.03,6.87
55,-10.14,-9.14,1.71,8.12
55,-10.14,-0.14000000000000057,1.58,8.75
55,-8.14,-11.14,1.8,7.66
55,-8.14,-3.1400000000000006,1.69,8.02
55,-6.140000000000001,-12.14,2.25,6.0
55,-6.140000000000001,-5.140000000000001,1.42,9.48
55,-6.140000000000001,4.859999999999999,2.14,6.29
55,-4.140000000000001,-5.140000000000001,1.53,8.73
55,-3.1400000000000006,3.8599999999999994,1.65,8.04
55,-2.1400000000000006,-13.14,1.45,9.1
55,-1.1400000000000006,-3.1400000000000006,1.88,7.0
55,-1.1400000000000006,4.859999999999999,1.71,7.68
55,-0.14000000000000057,-13.14,2.18,6.02
55,0.8599999999999994,-6.140000000000001,1.47,8.9
55,0.8599999999999994,2.8599999999999994,2.4,5.44
55,2.8599999999999994,-13.14,1.44,9.05
55,2.8599999999999994,-3.1400000000000006,2.51,5.19
55,3.8599999999999994,2.8599999999999994,1.72,7.56
55,4.859999999999999,-12.14,1.54,8.44
55,5.859999999999999,-3.1400000000000006,2.41,5.38
55,8.86,-8.14,1.32,9.82
55,10.86,-5.140000000000001,1.59,8.14
55,5.859999999999999,2.8599999999999994,2.57,5.01
55,6.859999999999999,-10.14,1.96,6.17
55,8.86,1.8599999999999994,1.93,6.24
56,-13.14,-5.140000000000001,1.33,9.71
56,-11.14,-8.14,1.38,9.17
56,-9.14,-10.14,1.48,8.51
56,-9.14,-1.1400000000000006,1.77,7.11
56,-7.140000000000001,-12.14,1.59,7.89
56,-7.140000000000001,-4.140000000000001,1.26,9.93
56,-7.140000000000001,5.859999999999999,2.16,5.76
56,-5.140000000000001,-13.14,1.37,9.05
56,-4.140000000000001,-3.1400000000000006,1.36,9.07
56,-4.140000000000001,6.859999999999999,2.34,5.27
56,-3.1400000000000006,-13.14,1.5,8.21
56,-2.1400000000000006,-4.140000000000001,1.36,9.05
56,-1.1400000000000006,-13.14,2.17,5.67
56,-0.14000000000000057,-7.140000000000001,1.48,8.31
56,-1.1400000000000006,5.859999999999999,2.35,5.23
56,1.8599999999999994,-13.14,1.24,9.9
56,1.8599999999999994,-3.1400000000000006,1.36,9.01
56,1.8599999999999994,6.859999999999999,2.32,5.24
56,3.8599999999999994,-12.14,1.6,7.59
56,3.8599999999999994,-4.140000000000001,2.16,5.62
56,4.859999999999999,1.8599999999999994,1.66,7.31
56,5.859999999999999,-10.14,2.37,5.11
56,6.859999999999999,-4.140000000000001,1.23,9.84
56,8.86,-8.14,1.36,8.85
56,8.86,0.8599999999999994,1.78,6.76
56,10.86,-5.140000000000001,1.22,9.84
56,-11.14,1.8599999999999994,1.68,5.39
57,-13.14,-5.140000000000001,1.35,8.89
57,-11.14,-8.14,1.72,6.95
57,-11.14,-1.1400000000000006,2.36,5.06
57,-9.14,-10.14,2.12,5.63
57,-8.14,-4.140000000000001,1.37,8.7
57,-6.140000000000001,-12.14,1.69,7.04
57,-6.140000000000001,-4.140000000000001,1.28,9.26
57,-4.140000000000001,-13.14,1.23,9.6
57,-5.140000000000001,5.859999999999999,1.78,6.62
57,-4.140000000000001,-3.1400000000000006,1.87,6.28
57,-3.1400000000000006,3.8599999999999994,2.08,5.63
57,-2.1400000000000006,-13.14,1.32,8.85
57,-0.14000000000000057,-13.14,1.36,8.56
57,-0.14000000000000057,-4.140000000000001,1.28,9.09
57,1.8599999999999994,-13.14,1.39,8.33
57,-2.1400000000000006,-4.140000000000001,1.75,6.59
57,1.8599999999999994,-4.140000000000001,1.18,9.74
57,-0.14000000000000057,5.859999999999999,1.46,7.87
57,1.8599999999999994,5.859999999999999,1.69,6.77
57,3.8599999999999994,-12.14,1.3,8.8
57,3.8599999999999994,-3.1400000000000006,1.88,6.08
57,3.8599999999999994,3.8599999999999994,1.69,6.76
57,5.859999999999999,-11.14,1.2,9.52
57,5.859999999999999,-1.1400000000000006,1.83,6.24
57,7.859999999999999,-8.14,2.04,5.57
57,7.859999999999999,-2.1400000000000006,1.65,6.88
57,9.86,-2.1400000000000006,2.04,5.56
57,-8.14,4.859999999999999,1.52,5.94
58,-13.14,-5.140000000000001,1.89,6.0
58,-11.14,-8.14,1.77,6.4
58,-11.14,-1.1400000000000006,1.75,6.38
58,-9.14,-10.14,1.41,7.91
58,-9.14,-2.1400000000000006,1.82,6.11
58,-7.140000000000001,-12.14,1.44,7.71
58,-8.14,4.859999999999999,2.05,5.4
58,-7.140000000000001,-4.140000000000001,1.53,7.23
58,-5.140000000000001,-13.14,1.78,6.21
58,-5.140000000000001,-6.140000000000001,1.2,9.13
58,-3.1400000000000006,-13.14,1.17,9.2
58,-5.140000000000001,3.8599999999999994,2.01,5.35
58,-2.1400000000000006,-3.1400000000000006,1.36,7.88
58,-2.1400000000000006,4.859999999999999,2.04,5.25
58,-1.1400000000000006,-13.14,1.39,7.7
58,-0.14000000000000057,-5.140000000000001,1.4,7.64
58,0.8599999999999994,-13.14,2.07,5.16
58,0.8599999999999994,2.8599999999999994,1.27,8.39
58,1.8599999999999994,-7.140000000000001,1.38,7.7
58,2.8599999999999994,0.8599999999999994,1.32,8.02
58,3.8599999999999994,-12.14,1.09,9.66
58,4.859999999999999,-2.1400000000000006,1.3,8.08
58,5.859999999999999,-11.14,1.22,8.59
58,6.859999999999999,-2.1400000000000006,1.59,6.57
58,8.86,-8.14,1.48,7.05
58,8.86,-0.14000000000000057,1.23,8.45
58,10.86,-5.140000000000001,1.65,6.25
58,6.859999999999999,4.859999999999999,1.66,5.4
59,-13.14,-5.140000000000001,1.31,7.87
59,-11.14,-8.14,1.6,6.44
59,-10.14,-1.1400000000000006,1.05,9.8
59,-9.14,-10.14,1.46,7.01
59,-8.14,-2.1400000000000006,1.43,7.15
59,-7.140000000000001,-12.14,1.35,7.57
59,-6.140000000000001,-4.140000000000001,1.16,8.75
59,-5.140000000000001,-13.14,1.36,7.45
59,-4.140000000000001,-5.140000000000001,1.21,8.37
59,-2.1400000000000006,-13.14,1.02,9.91
59,-6.140000000000001,4.859999999999999,1.5,6.71
59,-4.140000000000001,3.8599999999999994,1.45,6.92
59,-2.1400000000000006,-3.1400000000000006,1.03,9.63
59,-0.14000000000000057,-13.14,1.21,8.18
59,-2.1400000000000006,6.859999999999999,1.54,6.39
59,-0.14000000000000057,-4.140000000000001,1.02,9.59
59,-0.14000000000000057,5.859999999999999,1.37,7.14
59,1.8599999999999994,-13.14,1.52,6.43
59,1.8599999999999994,-6.140000000000001,1.12,8.72
59,1.8599999999999994,2.8599999999999994,1.51,6.46
59,3.8599999999999994,-12.14,1.6,6.09
59,3.8599999999999994,-5.140000000000001,1.11,8.77
59,3.8599999999999994,3.8599999999999994,1.43,6.8
59,5.859999999999999,-11.14,1.33,7.31
59,5.859999999999999,-3.1400000000000006,1.38,7.02
59,7.859999999999999,-9.14,1.05,9.16
59,7.859999999999999,0.8599999999999994,1.08,8.9
59,9.86,-7.140000000000001,1.16,8.24
59,5.859999999999999,4.859999999999999,1.65,5.43
60,-13.14,-5.140000000000001,1.46,6.54
60,-11.14,-8.14,1.03,9.26
60,-9.14,-10.14,1.02,9.35
60,-10.14,1.8599999999999994,1.54,6.18
60,-8.14,-0.14000000000000057,1.26,7.51
60,-7.140000000000001,-12.14,1.04,9.03
60,-6.140000000000001,-2.1400000000000006,1.37,6.84
60,-6.140000000000001,4.859999999999999,1.54,6.08
60,-5.140000000000001,-13.14,1.09,8.57
60,-4.140000000000001,-4.140000000000001,1.1,8.3
60,-3.1400000000000006,-13.14,1.02,8.88
60,-4.140000000000001,4.859999999999999,1.23,7.28
60,-2.1400000000000006,-4.140000000000001,1.4,6.37
60,-2.1400000000000006,2.8599999999999994,1.21,7.37
60,-1.1400000000000006,-13.14,1.59,5.57
60,-0.14000000000000057,-7.140000000000001,1.15,7.49
60,-0.14000000000000057,0.8599999999999994,1.21,7.02
60,1.8599999999999994,-13.14,1.04,8.16
60,1.8599999999999994,-4.140000000000001,1.06,7.94
60,1.8599999999999994,3.8599999999999994,1.4,6.0
60,3.8599999999999994,-12.14,1.1,7.6
60,3.8599999999999994,-4.140000000000001,1.66,5.0
60,3.8599999999999994,1.8599999999999994,1.4,5.9
60,5.859999999999999,-11.14,1.35,6.11
60,5.859999999999999,-4.140000000000001,1.07,7.68
60,5.859999999999999,3.8599999999999994,1.58,5.19
60,7.859999999999999,-9.14,1.43,5.72
60,7.859999999999999,-3.1400000000000006,1.1,7.36
60,9.86,-7.140000000000001,1.01,7.88
60,9.86,0.8599999999999994,1.55,5.1
61,-13.14,-5.140000000000001,1.34,5.87
61,-11.14,-8.14,1.14,6.87
61,-11.14,-1.1400000000000006,1.06,7.26
61,-9.14,-10.14,1.48,5.16
61,-9.14,-4.140000000000001,1.06,7.11
61,-9.14,3.8599999999999994,1.48,5.06
61,-7.140000000000001,-12.14,1.21,6.12
61,-7.140000000000001,-5.140000000000001,1.14,6.48
61,-7.140000000000001,1.8599999999999994,1.16,6.35
61,-5.140000000000001,-13.14,1.15,6.32
61,-5.140000000000001,-6.140000000000001,1.23,5.8
61,-5.140000000000001,-0.14000000000000057,1.26,5.64
61,-5.140000000000001,5.859999999999999,1.08,6.36
61,-3.1400000000000006,-13.14,1.2,5.64
61,-3.1400000000000006,-7.140000000000001,1.26,5.34
61,-3.1400000000000006,-1.1400000000000006,1.32,5.08
61,-3.1400000000000006,4.859999999999999,1.32,5.05
61,-1.1400000000000006,-13.14,1.31,5.07
61,-1.1400000000000006,-7.140000000000001,1.22,5.4
61,-1.1400000000000006,-1.1400000000000006,1.16,5.62
61,-1.1400000000000006,4.859999999999999,1.14,5.69
61,0.8599999999999994,-13.14,1.18,5.45
61,0.8599999999999994,-7.140000000000001,1.09,5.69
61,0.8599999999999994,-1.1400000000000006,1.05,5.82
61,0.8599999999999994,4.859999999999999,1.03,5.77
61,2.8599999999999994,-13.14,1.12,5.05
