Instance: CBPP
Bin radius: 14.14
Rotate enable: false
Bin num: 133
Bin id,X coordinate of lower left corner,Y coordinate of lower left corner,Item's width,Item's height
1,6.859999999999999,-5.140000000000001,5.95,9.97
1,-13.14,-5.140000000000001,9.95,9.97
1,-3.1400000000000006,-12.14,9.86,9.95
1,-3.1400000000000006,-2.1400000000000006,9.89,9.89
2,6.859999999999999,-5.140000000000001,5.91,9.97
2,-13.14,-5.140000000000001,9.97,9.8
2,-3.1400000000000006,-12.14,9.67,9.98
2,-3.1400000000000006,-2.1400000000000006,9.62,9.98
3,-13.14,-5.140000000000001,9.85,9.68
3,-3.1400000000000006,-12.14,9.82,9.67
3,-3.1400000000000006,-2.1400000000000006,9.75,9.72
3,6.859999999999999,-5.140000000000001,5.77,9.93
4,6.859999999999999,-5.140000000000001,5.91,9.46
4,-13.14,-5.140000000000001,9.56,9.89
4,-3.1400000000000006,-12.14,9.99,9.44
4,-3.1400000000000006,-2.1400000000000006,9.7,9.62
5,-13.14,-5.140000000000001,9.33,9.95
5,-3.1400000000000006,-12.14,9.73,9.53
5,-3.1400000000000006,-2.1400000000000006,9.69,9.55
5,6.859999999999999,-5.140000000000001,5.71,9.72
6,-13.14,-5.140000000000001,9.47,9.67
6,-3.1400000000000006,-12.14,9.81,9.33
6,-3.1400000000000006,-2.1400000000000006,9.16,9.96
6,6.859999999999999,-5.140000000000001,5.91,9.28
7,-3.1400000000000006,-12.14,9.22,9.88
7,-13.14,-5.140000000000001,9.46,9.64
7,-3.1400000000000006,-2.1400000000000006,9.24,9.82
7,6.859999999999999,-5.140000000000001,5.8,9.4
8,-3.1400000000000006,-12.14,9.27,9.73
8,6.859999999999999,-5.140000000000001,5.49,9.9
8,-13.14,-5.140000000000001,9.86,9.17
8,-3.1400000000000006,-2.1400000000000006,9.71,9.27
9,-13.14,-5.140000000000001,9.91,9.08
9,-3.1400000000000006,-12.14,9.7,9.25
9,-3.1400000000000006,-2.1400000000000006,9.68,9.24
9,6.859999999999999,-5.140000000000001,5.88,9.23
10,-13.14,-5.140000000000001,9.81,9.09
10,-3.1400000000000006,-12.14,9.29,9.51
10,-3.1400000000000006,-2.1400000000000006,8.87,9.93
10,6.859999999999999,-5.140000000000001,5.63,9.6
11,5.859999999999999,-5.140000000000001,6.96,9.83
11,-13.14,-5.140000000000001,8.92,9.86
11,-4.140000000000001,-12.14,9.22,9.51
11,-4.140000000000001,-2.1400000000000006,8.99,9.74
12,5.859999999999999,-5.140000000000001,6.91,9.8
12,-4.140000000000001,-12.14,9.51,9.19
12,-13.14,-5.140000000000001,8.81,9.93
12,-4.140000000000001,-2.1400000000000006,9.76,8.95
12,-5.140000000000001,6.859999999999999,9.78,5.91
13,6.859999999999999,-5.140000000000001,5.44,9.88
13,-13.14,-5.140000000000001,9.03,9.62
13,-3.1400000000000006,-12.14,9.37,9.21
13,-3.1400000000000006,-2.1400000000000006,8.76,9.84
14,-3.1400000000000006,-12.14,8.91,9.65
14,6.859999999999999,-5.140000000000001,5.6,9.58
14,-13.14,-5.140000000000001,9.76,8.81
14,-3.1400000000000006,-2.1400000000000006,9.26,9.25
14,-9.14,3.8599999999999994,5.99,5.89
15,-5.140000000000001,6.859999999999999,9.46,5.91
15,-13.14,-5.140000000000001,8.93,9.57
15,-4.140000000000001,-12.14,9.11,9.37
15,-4.140000000000001,-2.1400000000000006,9.64,8.83
15,5.859999999999999,-5.140000000000001,6.77,9.81
16,-3.1400000000000006,-12.14,8.6,9.8
16,6.859999999999999,-5.140000000000001,5.72,9.36
16,-13.14,-5.140000000000001,9.52,8.93
16,-3.1400000000000006,-2.1400000000000006,9.35,9.01
16,-9.14,3.8599999999999994,5.79,5.84
17,-5.140000000000001,5.859999999999999,9.95,6.96
17,5.859999999999999,-5.140000000000001,6.66,9.96
17,-13.14,-5.140000000000001,8.49,9.9
17,-4.140000000000001,-12.14,9.89,8.48
17,-4.140000000000001,-3.1400000000000006,9.76,8.58
18,4.859999999999999,-5.140000000000001,7.93,9.69
18,-4.140000000000001,-13.14,8.93,9.34
18,-13.14,-5.140000000000001,8.67,9.63
18,-4.140000000000001,-3.1400000000000006,8.66,9.62
18,-5.140000000000001,6.859999999999999,9.83,5.65
19,-13.14,-5.140000000000001,8.94,9.3
19,-4.140000000000001,-12.14,9.2,9.03
19,-4.140000000000001,-2.1400000000000006,8.49,9.77
19,5.859999999999999,-5.140000000000001,6.8,9.75
20,-4.140000000000001,-13.14,8.67,9.56
20,-13.14,-5.140000000000001,8.88,9.34
20,-4.140000000000001,-3.1400000000000006,8.54,9.7
20,4.859999999999999,-5.140000000000001,7.78,9.77
20,-5.140000000000001,6.859999999999999,9.7,5.71
21,5.859999999999999,-5.140000000000001,6.75,9.77
21,-5.140000000000001,3.8599999999999994,9.4,8.8
21,-13.14,-5.140000000000001,9.72,8.52
21,-3.1400000000000006,-12.14,8.84,9.35
21,-3.1400000000000006,-2.1400000000000006,8.82,5.9
22,-13.14,-5.140000000000001,8.55,9.64
22,-5.140000000000001,5.859999999999999,9.75,6.97
22,-4.140000000000001,-13.14,8.3,9.89
22,-4.140000000000001,-3.1400000000000006,9.54,8.59
22,5.859999999999999,-5.140000000000001,6.73,9.71
23,5.859999999999999,-5.140000000000001,6.69,9.76
23,-3.1400000000000006,-12.14,8.52,9.6
23,-13.14,-5.140000000000001,9.05,9.05
23,-3.1400000000000006,-2.1400000000000006,8.96,9.1
24,-4.140000000000001,-13.14,8.37,9.7
24,5.859999999999999,-5.140000000000001,6.69,9.74
24,-13.14,-5.140000000000001,8.88,9.16
24,-4.140000000000001,-3.1400000000000006,9.37,8.66
24,-5.140000000000001,5.859999999999999,9.7,6.93
25,-3.1400000000000006,-12.14,9.44,8.55
25,4.859999999999999,-3.1400000000000006,7.99,8.97
25,-13.14,-5.140000000000001,9.21,8.81
25,-5.140000000000001,3.8599999999999994,9.89,8.18
25,-3.1400000000000006,-3.1400000000000006,7.96,6.93
26,-5.140000000000001,6.859999999999999,9.89,5.53
26,4.859999999999999,-5.140000000000001,7.75,9.7
26,-13.14,-5.140000000000001,8.78,9.18
26,-4.140000000000001,-13.14,8.71,9.25
26,-4.140000000000001,-3.1400000000000006,8.84,9.05
27,-5.140000000000001,3.8599999999999994,8.93,8.93
27,3.8599999999999994,-3.1400000000000006,8.99,8.71
27,-13.14,-5.140000000000001,9.2,8.67
27,-3.1400000000000006,-12.14,9.06,8.78
27,-3.1400000000000006,-3.1400000000000006,6.76,6.81
28,-13.14,-5.140000000000001,8.16,9.73
28,-4.140000000000001,-12.14,9.45,8.39
28,-4.140000000000001,-3.1400000000000006,9.37,8.46
28,-5.140000000000001,5.859999999999999,9.72,6.88
28,5.859999999999999,-5.140000000000001,6.54,9.92
29,-13.14,-5.140000000000001,9.87,8.02
29,-9.14,3.8599999999999994,5.99,5.64
29,-3.1400000000000006,-12.14,8.58,9.22
29,-3.1400000000000006,-2.1400000000000006,8.02,9.85
29,5.859999999999999,-5.140000000000001,6.79,9.44
30,4.859999999999999,-3.1400000000000006,7.96,8.85
30,-5.140000000000001,6.859999999999999,9.39,5.79
30,-13.14,-5.140000000000001,8.29,9.47
30,-4.140000000000001,-12.14,9.24,8.49
30,-4.140000000000001,-3.1400000000000006,8.7,9.01
31,-4.140000000000001,-12.14,9.07,8.61
31,4.859999999999999,-3.1400000000000006,7.89,8.85
31,-13.14,-5.140000000000001,8.22,9.53
31,-4.140000000000001,-3.1400000000000006,8.44,9.24
31,-5.140000000000001,6.859999999999999,9.75,5.57
32,-4.140000000000001,-13.14,8.38,9.27
32,4.859999999999999,-5.140000000000001,7.69,9.77
32,-13.14,-5.140000000000001,8.98,8.68
32,-5.140000000000001,3.8599999999999994,9.27,8.4
32,-4.140000000000001,-3.1400000000000006,8.83,6.98
33,-5.140000000000001,3.8599999999999994,9.45,8.2
33,-13.14,-5.140000000000001,9.53,8.15
33,-3.1400000000000006,-12.14,8.28,9.38
33,4.859999999999999,-2.1400000000000006,7.95,7.96
33,-3.1400000000000006,-2.1400000000000006,7.99,5.89
34,-5.140000000000001,4.859999999999999,9.91,7.79
34,-13.14,-5.140000000000001,8.46,9.15
34,-5.140000000000001,-13.14,9.81,7.89
34,-4.140000000000001,-5.140000000000001,9.22,8.39
34,5.859999999999999,-5.140000000000001,6.42,9.85
35,-13.14,-5.140000000000001,8.46,9.05
35,-5.140000000000001,5.859999999999999,9.85,6.77
35,-4.140000000000001,-12.14,9.52,8.01
35,-4.140000000000001,-3.1400000000000006,9.4,8.09
35,5.859999999999999,-5.140000000000001,6.52,9.64
36,3.8599999999999994,-3.1400000000000006,8.58,8.83
36,-5.140000000000001,3.8599999999999994,8.94,8.49
36,-13.14,-5.140000000000001,9.43,8.06
36,-3.1400000000000006,-12.14,8.6,8.81
36,-3.1400000000000006,-3.1400000000000006,6.88,6.65
37,2.8599999999999994,-5.140000000000001,8.96,8.41
37,2.8599999999999994,3.8599999999999994,6.97,5.99
37,-5.140000000000001,-13.14,9.95,7.58
37,-13.14,-5.140000000000001,9.86,7.66
37,-7.140000000000001,2.8599999999999994,9.16,8.24
37,-3.1400000000000006,-5.140000000000001,5.93,7.89
38,-5.140000000000001,2.8599999999999994,8.04,9.35
38,-13.14,-5.140000000000001,9.84,7.64
38,-3.1400000000000006,-13.14,7.98,9.41
38,3.8599999999999994,-3.1400000000000006,7.79,9.63
38,-3.1400000000000006,-3.1400000000000006,6.81,5.97
39,-3.1400000000000006,-12.14,8.78,8.51
39,2.8599999999999994,-3.1400000000000006,8.05,9.27
39,-13.14,-5.140000000000001,9.21,8.14
39,-7.140000000000001,3.8599999999999994,9.68,7.72
39,-3.1400000000000006,-3.1400000000000006,5.85,6.93
40,-3.1400000000000006,-13.14,7.51,9.9
40,-13.14,-5.140000000000001,9.28,8.04
40,-5.140000000000001,3.8599999999999994,9.2,8.08
40,4.859999999999999,-5.140000000000001,7.57,9.73
40,-3.1400000000000006,-3.1400000000000006,7.76,6.99
41,-4.140000000000001,-13.14,8.08,9.18
41,-13.14,-5.140000000000001,8.87,8.37
41,-5.140000000000001,3.8599999999999994,8.65,8.57
41,3.8599999999999994,-3.1400000000000006,7.85,9.38
41,-4.140000000000001,-3.1400000000000006,7.92,6.71
42,-3.1400000000000006,-12.14,8.38,8.73
42,1.8599999999999994,-3.1400000000000006,8.86,8.24
42,-13.14,-5.140000000000001,9.75,7.53
42,-8.14,2.8599999999999994,9.93,7.39
43,2.8599999999999994,4.859999999999999,5.98,5.61
43,-7.140000000000001,3.8599999999999994,9.89,7.37
43,-13.14,-5.140000000000001,8.26,8.83
43,-5.140000000000001,-13.14,9.58,7.6
43,-4.140000000000001,-5.140000000000001,9.86,7.38
43,5.859999999999999,-5.140000000000001,6.66,9.43
44,2.8599999999999994,4.859999999999999,5.63,5.92
44,4.859999999999999,-5.140000000000001,7.9,9.18
44,-7.140000000000001,3.8599999999999994,9.26,7.85
44,-13.14,-5.140000000000001,8.16,8.91
44,-5.140000000000001,-13.14,9.52,7.63
44,-4.140000000000001,-5.140000000000001,8.19,8.86
45,4.859999999999999,-8.14,5.79,5.75
45,-5.140000000000001,2.8599999999999994,7.28,9.96
45,2.8599999999999994,-2.1400000000000006,7.85,9.22
45,-13.14,-5.140000000000001,9.42,7.7
45,-3.1400000000000006,-13.14,7.24,10.0
46,-5.140000000000001,-13.14,9.55,7.57
46,1.8599999999999994,-5.140000000000001,7.33,9.86
46,1.8599999999999994,4.859999999999999,6.82,5.89
46,-13.14,-5.140000000000001,9.9,7.31
46,-7.140000000000001,2.8599999999999994,8.79,8.23
47,-13.14,-5.140000000000001,8.31,8.69
47,-4.140000000000001,-13.14,8.77,8.21
47,-5.140000000000001,3.8599999999999994,8.03,8.99
47,3.8599999999999994,-4.140000000000001,8.07,8.92
47,-4.140000000000001,-4.140000000000001,7.95,7.94
48,1.8599999999999994,-3.1400000000000006,9.77,7.35
48,1.8599999999999994,4.859999999999999,6.74,5.92
48,-7.140000000000001,2.8599999999999994,8.05,8.94
48,-13.14,-5.140000000000001,9.97,7.22
48,-3.1400000000000006,-12.14,8.23,8.74
49,-3.1400000000000006,-13.14,7.75,9.25
49,1.8599999999999994,-3.1400000000000006,9.29,7.71
49,1.8599999999999994,4.859999999999999,6.73,5.89
49,-13.14,-5.140000000000001,9.3,7.72
49,-8.14,2.8599999999999994,9.69,7.4
50,-5.140000000000001,2.8599999999999994,7.69,9.29
50,2.8599999999999994,-3.1400000000000006,9.97,7.14
50,2.8599999999999994,4.859999999999999,5.42,5.99
50,-13.14,-5.140000000000001,9.26,7.73
50,-3.1400000000000006,-13.14,7.49,9.53
50,-3.1400000000000006,-3.1400000000000006,5.84,5.62
51,-3.1400000000000006,-12.14,8.52,8.34
51,1.8599999999999994,-3.1400000000000006,9.6,7.4
51,1.8599999999999994,4.859999999999999,6.72,5.79
51,-13.14,-5.140000000000001,9.61,7.4
51,-7.140000000000001,2.8599999999999994,8.03,8.85
52,4.859999999999999,2.8599999999999994,5.64,5.64
52,-5.140000000000001,-13.14,7.8,9.1
52,3.8599999999999994,-7.140000000000001,7.59,9.3
52,-13.14,-5.140000000000001,7.78,9.13
52,-5.140000000000001,-3.1400000000000006,8.56,8.27
52,-5.140000000000001,5.859999999999999,9.84,6.75
53,-13.14,-5.140000000000001,8.13,8.66
53,-4.140000000000001,-13.14,7.76,9.04
53,3.8599999999999994,-9.14,5.36,5.9
53,-7.140000000000001,3.8599999999999994,8.89,7.9
53,1.8599999999999994,-3.1400000000000006,9.32,7.51
53,-4.140000000000001,-3.1400000000000006,5.97,6.79
53,1.8599999999999994,4.859999999999999,6.54,5.81
54,-13.14,-5.140000000000001,7.32,9.56
54,-5.140000000000001,-13.14,7.53,9.27
54,-5.140000000000001,-3.1400000000000006,8.47,8.22
54,3.8599999999999994,-7.140000000000001,7.6,9.11
54,-5.140000000000001,5.859999999999999,9.73,6.82
54,4.859999999999999,2.8599999999999994,5.36,5.89
55,-13.14,-5.140000000000001,9.56,7.26
55,-7.140000000000001,2.8599999999999994,8.21,8.43
55,1.8599999999999994,4.859999999999999,6.66,5.68
55,-3.1400000000000006,-13.14,7.57,9.14
55,1.8599999999999994,-3.1400000000000006,9.87,7.01
56,-13.14,-5.140000000000001,8.65,7.99
56,-5.140000000000001,-13.14,9.62,7.15
56,-8.14,2.8599999999999994,9.36,7.37
56,-4.140000000000001,-5.140000000000001,9.07,7.58
56,5.859999999999999,-5.140000000000001,6.84,9.15
56,1.8599999999999994,4.859999999999999,6.89,5.44
57,-13.14,-5.140000000000001,7.02,9.78
57,-5.140000000000001,-13.14,9.1,7.54
57,-5.140000000000001,-5.140000000000001,7.31,9.36
57,2.8599999999999994,-5.140000000000001,7.6,9.0
57,-5.140000000000001,4.859999999999999,9.09,7.52
58,-7.140000000000001,3.8599999999999994,9.44,7.21
58,2.8599999999999994,-8.14,7.89,8.61
58,2.8599999999999994,0.8599999999999994,6.99,8.85
58,-13.14,-5.140000000000001,7.68,8.87
58,-5.140000000000001,-13.14,7.62,8.92
58,-5.140000000000001,-4.140000000000001,7.89,7.95
59,-7.140000000000001,2.8599999999999994,8.04,8.44
59,1.8599999999999994,4.859999999999999,6.4,5.83
59,1.8599999999999994,-5.140000000000001,7.06,9.58
59,-13.14,-5.140000000000001,9.54,7.12
59,-5.140000000000001,-13.14,9.64,7.02
60,-5.140000000000001,-13.14,8.57,7.88
60,-13.14,-5.140000000000001,7.24,9.34
60,-5.140000000000001,-5.140000000000001,8.8,7.67
60,-5.140000000000001,2.8599999999999994,9.51,7.09
60,3.8599999999999994,-5.140000000000001,8.66,7.75
60,4.859999999999999,2.8599999999999994,5.9,5.34
61,1.8599999999999994,4.859999999999999,6.52,5.72
61,-7.140000000000001,3.8599999999999994,8.9,7.51
61,1.8599999999999994,-5.140000000000001,7.13,9.32
61,-13.14,-5.140000000000001,7.72,8.67
61,-5.140000000000001,-13.14,8.47,7.85
61,-5.140000000000001,-5.140000000000001,6.83,8.81
62,2.8599999999999994,4.859999999999999,5.71,5.36
62,2.8599999999999994,-5.140000000000001,7.17,9.23
62,-7.140000000000001,3.8599999999999994,9.43,7.02
62,-13.14,-5.140000000000001,7.91,8.38
62,-5.140000000000001,-13.14,8.39,7.89
62,-5.140000000000001,-5.140000000000001,7.4,8.87
63,3.8599999999999994,2.8599999999999994,5.77,6.74
63,-5.140000000000001,-13.14,9.13,7.23
63,3.8599999999999994,-5.140000000000001,8.46,7.79
63,-13.14,-5.140000000000001,7.04,9.39
63,-5.140000000000001,-5.140000000000001,8.47,7.79
63,-5.140000000000001,2.8599999999999994,8.63,7.64
64,3.8599999999999994,2.8599999999999994,5.87,6.61
64,-5.140000000000001,3.8599999999999994,8.07,8.11
64,-13.14,-5.140000000000001,8.12,8.1
64,-5.140000000000001,-13.14,9.28,7.04
64,-4.140000000000001,-5.140000000000001,7.88,8.29
64,3.8599999999999994,-5.140000000000001,8.95,7.28
65,-8.14,3.8599999999999994,9.96,6.51
65,1.8599999999999994,4.859999999999999,6.86,5.35
65,1.8599999999999994,-5.140000000000001,7.0,9.25
65,-13.14,-5.140000000000001,7.7,8.44
65,-5.140000000000001,-13.14,8.39,7.72
65,-5.140000000000001,-5.140000000000001,6.98,8.62
66,-13.14,-5.140000000000001,7.47,8.66
66,-5.140000000000001,-13.14,7.78,8.31
66,-8.14,3.8599999999999994,9.85,6.56
66,-5.140000000000001,-4.140000000000001,9.9,6.51
66,4.859999999999999,-5.140000000000001,7.5,8.58
66,1.8599999999999994,3.8599999999999994,6.76,6.74
67,-13.14,-5.140000000000001,9.06,7.1
67,-5.140000000000001,-13.14,9.18,7.0
67,-7.140000000000001,2.8599999999999994,7.23,8.89
67,0.8599999999999994,-5.140000000000001,7.12,8.99
67,0.8599999999999994,3.8599999999999994,7.75,6.74
68,-13.14,-5.140000000000001,9.04,7.08
68,-7.140000000000001,2.8599999999999994,7.78,8.22
68,0.8599999999999994,4.859999999999999,7.53,5.96
68,-7.140000000000001,-12.14,9.44,6.77
68,-3.1400000000000006,-5.140000000000001,8.01,7.96
68,5.859999999999999,-5.140000000000001,6.24,9.97
69,0.8599999999999994,4.859999999999999,7.83,5.6
69,-8.14,2.8599999999999994,8.57,7.4
69,5.859999999999999,-5.140000000000001,6.86,9.0
69,-13.14,-5.140000000000001,9.0,7.06
69,-7.140000000000001,-12.14,9.32,6.8
69,-3.1400000000000006,-5.140000000000001,8.51,7.42
70,-8.14,1.8599999999999994,7.21,8.75
70,-13.14,-5.140000000000001,9.21,6.85
70,-0.14000000000000057,4.859999999999999,8.58,5.83
70,-3.1400000000000006,-13.14,7.08,8.91
70,-0.14000000000000057,-4.140000000000001,7.03,8.97
71,-10.14,1.8599999999999994,9.25,6.75
71,-0.14000000000000057,3.8599999999999994,8.84,6.84
71,-13.14,-5.140000000000001,9.08,6.94
71,-5.140000000000001,-13.14,8.67,7.2
71,-0.14000000000000057,-5.140000000000001,7.18,8.68
72,-9.14,1.8599999999999994,8.27,7.51
72,-0.14000000000000057,3.8599999999999994,8.76,6.79
72,-13.14,-5.140000000000001,9.82,6.33
72,-3.1400000000000006,-13.14,7.4,8.39
72,-0.14000000000000057,-4.140000000000001,8.5,7.3
73,-9.14,2.8599999999999994,9.18,6.73
73,4.859999999999999,-7.140000000000001,6.38,9.66
73,0.8599999999999994,2.8599999999999994,7.79,7.73
73,-13.14,-5.140000000000001,8.69,7.13
73,-5.140000000000001,-13.14,8.69,7.1
73,-4.140000000000001,-5.140000000000001,8.08,7.63
74,-9.14,1.8599999999999994,8.26,7.44
74,-0.14000000000000057,3.8599999999999994,8.63,6.89
74,-13.14,-5.140000000000001,9.66,6.38
74,-3.1400000000000006,-13.14,6.3,9.74
74,-0.14000000000000057,-3.1400000000000006,9.54,6.43
74,3.8599999999999994,-9.14,5.91,5.13
75,2.8599999999999994,0.8599999999999994,7.85,7.63
75,-6.140000000000001,-12.14,8.38,7.31
75,2.8599999999999994,-9.14,6.49,9.42
75,-13.14,-5.140000000000001,6.76,9.07
75,-6.140000000000001,-4.140000000000001,8.75,7.0
75,-5.140000000000001,3.8599999999999994,7.14,8.53
76,-13.14,-5.140000000000001,7.2,8.45
76,-5.140000000000001,-13.14,7.36,8.25
76,-8.14,3.8599999999999994,9.21,6.6
76,-5.140000000000001,-4.140000000000001,9.93,6.11
76,4.859999999999999,-7.140000000000001,6.2,9.75
76,1.8599999999999994,2.8599999999999994,6.79,7.88
77,-3.1400000000000006,-13.14,7.2,8.36
77,6.859999999999999,-5.140000000000001,5.97,8.81
77,-13.14,-5.140000000000001,9.15,6.6
77,-10.14,1.8599999999999994,9.17,6.58
77,-0.14000000000000057,-4.140000000000001,6.68,9.0
77,-0.14000000000000057,5.859999999999999,5.64,6.87
78,-4.140000000000001,-13.14,6.7,8.93
78,2.8599999999999994,-10.14,5.67,5.34
78,1.8599999999999994,-4.140000000000001,7.03,8.5
78,1.8599999999999994,4.859999999999999,6.63,5.51
78,-13.14,-5.140000000000001,8.37,7.18
78,-5.140000000000001,2.8599999999999994,6.27,9.55
78,-4.140000000000001,-4.140000000000001,5.62,6.88
79,-10.14,1.8599999999999994,9.43,6.31
79,-13.14,-5.140000000000001,9.89,6.04
79,-0.14000000000000057,1.8599999999999994,8.11,7.33
79,-5.140000000000001,-13.14,8.5,7.0
79,-3.1400000000000006,-5.140000000000001,9.77,6.09
79,6.859999999999999,-5.140000000000001,5.72,6.7
80,-5.140000000000001,-13.14,6.44,9.23
80,-13.14,-5.140000000000001,7.01,8.48
80,-5.140000000000001,-3.1400000000000006,7.28,8.15
80,2.8599999999999994,-9.14,6.47,9.17
80,2.8599999999999994,0.8599999999999994,6.89,8.61
80,-7.140000000000001,5.859999999999999,9.4,5.69
81,-5.140000000000001,-13.14,8.29,7.12
81,-13.14,-5.140000000000001,7.46,7.92
81,-8.14,2.8599999999999994,7.53,7.84
81,-0.14000000000000057,-5.140000000000001,6.65,8.86
81,-0.14000000000000057,3.8599999999999994,8.58,6.86
81,6.859999999999999,-5.140000000000001,5.86,8.89
82,-9.14,2.8599999999999994,9.14,6.42
82,1.8599999999999994,-11.14,5.98,7.78
82,-13.14,-5.140000000000001,7.88,7.47
82,-5.140000000000001,-13.14,6.23,9.44
82,0.8599999999999994,-3.1400000000000006,9.37,6.26
82,0.8599999999999994,3.8599999999999994,7.53,6.91
82,-5.140000000000001,-3.1400000000000006,5.91,5.12
83,-10.14,1.8599999999999994,9.21,6.36
83,6.859999999999999,-5.140000000000001,5.76,9.12
83,-0.14000000000000057,4.859999999999999,8.63,5.78
83,-13.14,-5.140000000000001,9.38,6.25
83,-3.1400000000000006,-13.14,6.72,8.71
83,-0.14000000000000057,-4.140000000000001,6.96,8.39
84,-7.140000000000001,2.8599999999999994,6.84,8.52
84,-0.14000000000000057,3.8599999999999994,8.82,6.59
84,6.859999999999999,-5.140000000000001,5.89,8.8
84,-13.14,-5.140000000000001,7.72,7.56
84,-7.140000000000001,-12.14,9.5,6.13
84,-0.14000000000000057,-5.140000000000001,6.67,8.72
85,-9.14,1.8599999999999994,8.12,7.16
85,1.8599999999999994,-11.14,5.95,5.07
85,-0.14000000000000057,1.8599999999999994,8.02,7.24
85,6.859999999999999,-5.140000000000001,5.62,6.68
85,-13.14,-5.140000000000001,9.69,6.0
85,-7.140000000000001,-12.14,8.67,6.7
85,-3.1400000000000006,-5.140000000000001,9.68,6.0
86,-6.140000000000001,-12.14,7.21,8.02
86,1.8599999999999994,-8.14,8.22,6.97
86,-13.14,-5.140000000000001,6.4,9.05
86,-7.140000000000001,4.859999999999999,9.13,6.33
86,-6.140000000000001,-3.1400000000000006,7.27,7.9
86,2.8599999999999994,-1.1400000000000006,7.35,7.75
87,-13.14,-5.140000000000001,6.42,8.87
87,-8.14,3.8599999999999994,9.14,6.23
87,-7.140000000000001,-12.14,8.94,6.35
87,-6.140000000000001,-5.140000000000001,7.37,7.7
87,1.8599999999999994,-8.14,8.03,7.06
87,1.8599999999999994,-0.14000000000000057,8.69,6.52
88,1.8599999999999994,-11.14,5.85,7.82
88,-9.14,2.8599999999999994,8.55,6.6
88,-0.14000000000000057,4.859999999999999,8.76,5.68
88,-13.14,-5.140000000000001,7.21,7.85
88,-5.140000000000001,-13.14,6.06,9.33
88,-0.14000000000000057,-3.1400000000000006,8.0,7.05
89,6.859999999999999,-5.140000000000001,5.22,9.99
89,-5.140000000000001,-13.14,7.61,7.39
89,-13.14,-5.140000000000001,9.13,6.17
89,-10.14,1.8599999999999994,8.63,6.52
89,-1.1400000000000006,-5.140000000000001,7.35,7.63
89,-1.1400000000000006,2.8599999999999994,7.27,7.7
90,-9.14,2.8599999999999994,9.09,6.12
90,-13.14,-5.140000000000001,7.87,7.11
90,-7.140000000000001,-12.14,8.98,6.19
90,1.8599999999999994,-11.14,5.82,5.18
90,-5.140000000000001,-5.140000000000001,7.03,7.9
90,2.8599999999999994,-5.140000000000001,9.25,6.0
90,0.8599999999999994,2.8599999999999994,8.46,6.55
91,-8.14,3.8599999999999994,8.6,6.42
91,0.8599999999999994,2.8599999999999994,7.75,7.11
91,-13.14,-5.140000000000001,6.39,8.67
91,-7.140000000000001,-12.14,8.14,6.78
91,-6.140000000000001,-5.140000000000001,7.06,7.81
91,1.8599999999999994,-10.14,6.61,8.34
92,-13.14,-5.140000000000001,8.88,6.2
92,-9.14,1.8599999999999994,7.47,7.36
92,-1.1400000000000006,3.8599999999999994,8.8,6.2
92,-7.140000000000001,-12.14,8.58,6.4
92,-1.1400000000000006,-5.140000000000001,6.35,8.61
92,5.859999999999999,-5.140000000000001,6.77,8.04
92,1.8599999999999994,-11.14,5.4,5.58
93,-8.14,1.8599999999999994,6.54,8.27
93,-1.1400000000000006,2.8599999999999994,6.65,8.1
93,-13.14,-5.140000000000001,8.58,6.32
93,-7.140000000000001,-12.14,8.72,6.2
93,-1.1400000000000006,-5.140000000000001,7.41,7.29
93,6.859999999999999,-5.140000000000001,5.62,9.21
93,1.8599999999999994,-11.14,5.14,5.82
94,-8.14,1.8599999999999994,6.13,8.75
94,-1.1400000000000006,0.8599999999999994,9.91,5.39
94,-1.1400000000000006,6.859999999999999,6.95,5.24
94,-13.14,-5.140000000000001,8.03,6.68
94,-8.14,-11.14,9.85,5.43
94,-4.140000000000001,-5.140000000000001,9.77,5.47
94,5.859999999999999,-7.140000000000001,5.74,7.85
95,-9.14,1.8599999999999994,7.61,7.01
95,-13.14,-5.140000000000001,8.08,6.61
95,-7.140000000000001,-12.14,8.09,6.59
95,1.8599999999999994,-11.14,5.6,5.33
95,-1.1400000000000006,-5.140000000000001,6.66,8.0
95,-1.1400000000000006,3.8599999999999994,7.18,7.4
95,5.859999999999999,-5.140000000000001,6.27,8.47
96,-13.14,-5.140000000000001,9.01,5.89
96,-11.14,0.8599999999999994,8.0,6.62
96,-2.1400000000000006,3.8599999999999994,6.06,8.68
96,-3.1400000000000006,-13.14,6.61,8.0
96,-2.1400000000000006,-4.140000000000001,7.41,7.13
96,5.859999999999999,-5.140000000000001,6.99,7.44
97,-8.14,-11.14,9.62,5.45
97,1.8599999999999994,-11.14,5.65,5.28
97,-13.14,-5.140000000000001,7.34,7.16
97,-10.14,2.8599999999999994,9.48,5.54
97,-5.140000000000001,-5.140000000000001,7.28,7.19
97,-0.14000000000000057,2.8599999999999994,7.0,7.47
97,2.8599999999999994,-5.140000000000001,9.7,5.38
98,1.8599999999999994,-11.14,5.78,5.1
98,5.859999999999999,-5.140000000000001,6.96,7.41
98,-8.14,-11.14,9.52,5.46
98,-13.14,-5.140000000000001,8.59,6.07
98,-9.14,1.8599999999999994,7.33,7.1
98,-1.1400000000000006,-5.140000000000001,6.27,8.26
98,-1.1400000000000006,3.8599999999999994,6.48,7.98
99,3.8599999999999994,2.8599999999999994,5.5,6.79
99,-13.14,-5.140000000000001,9.35,5.53
99,-12.14,0.8599999999999994,9.04,5.71
99,-2.1400000000000006,2.8599999999999994,5.78,8.89
99,-7.140000000000001,-12.14,8.4,6.13
99,-2.1400000000000006,-5.140000000000001,7.13,7.21
99,5.859999999999999,-7.140000000000001,5.62,9.14
100,-13.14,-5.140000000000001,6.66,7.7
100,-7.140000000000001,2.8599999999999994,5.96,8.6
100,-7.140000000000001,-12.14,7.99,6.39
100,1.8599999999999994,-7.140000000000001,9.54,5.33
100,-6.140000000000001,-5.140000000000001,7.6,6.71
100,-1.1400000000000006,1.8599999999999994,7.99,6.38
100,6.859999999999999,-1.1400000000000006,5.42,6.83
101,-8.14,-11.14,9.18,5.53
101,2.8599999999999994,-9.14,6.18,8.19
101,0.8599999999999994,1.8599999999999994,5.19,9.76
101,6.859999999999999,-0.14000000000000057,5.06,5.82
101,-13.14,-5.140000000000001,6.01,8.45
101,-9.14,3.8599999999999994,9.71,5.23
101,-6.140000000000001,-5.140000000000001,8.21,6.18
102,-13.14,-5.140000000000001,6.36,7.95
102,-10.14,2.8599999999999994,9.82,5.13
102,-6.140000000000001,-5.140000000000001,5.65,7.85
102,-0.14000000000000057,4.859999999999999,8.3,5.9
102,-7.140000000000001,-12.14,8.16,6.16
102,-0.14000000000000057,-5.140000000000001,5.2,9.66
102,5.859999999999999,-5.140000000000001,6.47,7.75
102,1.8599999999999994,-11.14,5.65,5.21
103,-13.14,-5.140000000000001,6.36,7.88
103,-8.14,2.8599999999999994,6.89,7.27
103,-1.1400000000000006,2.8599999999999994,6.11,8.18
103,-6.140000000000001,-12.14,7.02,7.13
103,-6.140000000000001,-4.140000000000001,7.86,6.36
103,1.8599999999999994,-11.14,5.79,8.62
103,5.859999999999999,-2.1400000000000006,6.6,7.48
104,0.8599999999999994,4.859999999999999,5.44,6.78
104,-6.140000000000001,-12.14,5.31,9.33
104,-13.14,-5.140000000000001,6.05,8.2
104,-8.14,3.8599999999999994,8.12,6.09
104,-0.14000000000000057,-11.14,7.7,6.41
104,0.8599999999999994,-4.140000000000001,5.73,8.61
104,6.859999999999999,-4.140000000000001,5.3,9.3
104,-6.140000000000001,-2.1400000000000006,6.6,5.5
105,-6.140000000000001,-12.14,5.54,8.88
105,-0.14000000000000057,-12.14,5.69,8.61
105,-13.14,-5.140000000000001,6.02,8.18
105,-6.140000000000001,-3.1400000000000006,5.58,8.79
105,-5.140000000000001,5.859999999999999,7.16,6.85
105,-0.14000000000000057,-3.1400000000000006,8.23,5.95
105,2.8599999999999994,2.8599999999999994,6.59,6.88
106,-12.14,0.8599999999999994,8.61,5.67
106,1.8599999999999994,-11.14,5.15,5.69
106,-3.1400000000000006,2.8599999999999994,5.91,8.23
106,4.859999999999999,-5.140000000000001,7.39,6.58
106,2.8599999999999994,2.8599999999999994,6.48,6.9
106,-13.14,-5.140000000000001,8.37,5.84
106,-4.140000000000001,-13.14,5.54,8.81
106,-3.1400000000000006,-4.140000000000001,7.12,6.85
107,-9.14,3.8599999999999994,8.18,5.94
107,5.859999999999999,-7.140000000000001,5.67,8.53
107,-0.14000000000000057,5.859999999999999,5.95,6.16
107,-13.14,-5.140000000000001,5.8,8.38
107,-7.140000000000001,-12.14,5.84,8.32
107,-1.1400000000000006,-12.14,6.02,8.07
107,-0.14000000000000057,-3.1400000000000006,5.82,8.34
107,-7.140000000000001,-3.1400000000000006,6.31,6.99
108,-8.14,-11.14,8.64,5.59
108,0.8599999999999994,-12.14,5.41,6.73
108,3.8599999999999994,-5.140000000000001,8.51,5.67
108,4.859999999999999,0.8599999999999994,5.9,7.51
108,-13.14,-5.140000000000001,8.83,5.49
108,-12.14,0.8599999999999994,8.29,5.83
108,-3.1400000000000006,-5.140000000000001,6.41,7.53
108,-3.1400000000000006,2.8599999999999994,7.66,6.3
109,-7.140000000000001,-12.14,5.59,8.62
109,-13.14,-5.140000000000001,5.8,8.31
109,-9.14,3.8599999999999994,8.11,5.92
109,-7.140000000000001,-3.1400000000000006,6.34,6.88
109,-0.14000000000000057,4.859999999999999,8.4,5.68
109,-1.1400000000000006,-12.14,6.17,7.78
109,-0.14000000000000057,-4.140000000000001,5.68,8.45
109,5.859999999999999,-7.140000000000001,5.75,8.32
110,-6.140000000000001,-12.14,5.23,9.12
110,-0.14000000000000057,-12.14,5.8,8.22
110,-13.14,-5.140000000000001,6.44,7.41
110,-7.140000000000001,2.8599999999999994,5.37,8.88
110,-1.1400000000000006,-2.1400000000000006,5.11,9.33
110,4.859999999999999,-3.1400000000000006,6.45,7.37
111,-12.14,0.8599999999999994,9.29,5.11
111,-5.140000000000001,6.859999999999999,8.07,5.79
111,-13.14,-5.140000000000001,8.73,5.45
111,-7.140000000000001,-12.14,7.75,6.1
111,-2.1400000000000006,-5.140000000000001,5.21,9.07
111,3.8599999999999994,-9.14,5.85,8.06
111,3.8599999999999994,-0.14000000000000057,5.67,8.3
112,-10.14,1.8599999999999994,7.12,6.6
112,-2.1400000000000006,3.8599999999999994,9.15,5.11
112,-13.14,-5.140000000000001,7.33,6.42
112,-5.140000000000001,-13.14,5.69,8.22
112,-2.1400000000000006,-4.140000000000001,6.55,7.14
112,4.859999999999999,-5.140000000000001,7.23,6.42
112,0.8599999999999994,-12.14,5.51,6.59
113,3.8599999999999994,-8.14,6.01,7.71
113,3.8599999999999994,-0.14000000000000057,7.71,6.01
113,-8.14,-11.14,8.58,5.42
113,-13.14,-5.140000000000001,8.75,5.34
113,-12.14,0.8599999999999994,8.19,5.7
113,-5.140000000000001,6.859999999999999,8.34,5.57
113,-3.1400000000000006,-5.140000000000001,6.05,7.66
114,-13.14,-5.140000000000001,5.41,8.55
114,-8.14,3.8599999999999994,7.0,6.58
114,-7.140000000000001,-5.140000000000001,5.24,8.77
114,-0.14000000000000057,0.8599999999999994,8.28,5.54
114,-0.14000000000000057,6.859999999999999,5.42,5.39
114,-8.14,-11.14,8.97,5.13
114,-1.1400000000000006,-5.140000000000001,8.49,5.41
114,0.8599999999999994,-11.14,6.69,5.42
115,-7.140000000000001,-12.14,5.51,8.3
115,-1.1400000000000006,-13.14,5.37,8.43
115,-13.14,-5.140000000000001,5.15,8.89
115,-7.140000000000001,-3.1400000000000006,5.03,9.09
115,-5.140000000000001,6.859999999999999,8.77,5.16
115,-1.1400000000000006,-4.140000000000001,8.6,5.25
115,3.8599999999999994,1.8599999999999994,5.7,7.73
116,1.8599999999999994,-10.14,6.17,7.22
116,-8.14,-11.14,8.79,5.1
116,6.859999999999999,-2.1400000000000006,5.61,7.78
116,-13.14,-5.140000000000001,5.24,8.61
116,-9.14,3.8599999999999994,8.73,5.16
116,-7.140000000000001,-5.140000000000001,8.39,5.34
116,-0.14000000000000057,0.8599999999999994,6.13,7.28
117,0.8599999999999994,-11.14,6.52,5.5
117,4.859999999999999,-5.140000000000001,7.19,6.04
117,-7.140000000000001,-12.14,7.21,6.09
117,-13.14,-5.140000000000001,8.0,5.55
117,-9.14,0.8599999999999994,5.13,8.65
117,-4.140000000000001,-5.140000000000001,8.27,5.29
117,-3.1400000000000006,0.8599999999999994,7.31,5.97
117,-3.1400000000000006,6.859999999999999,8.59,5.08
118,-7.140000000000001,-12.14,5.76,7.52
118,-1.1400000000000006,-13.14,5.22,8.27
118,-13.14,-5.140000000000001,5.85,7.42
118,-9.14,2.8599999999999994,7.17,6.05
118,-7.140000000000001,-4.140000000000001,6.6,6.55
118,-1.1400000000000006,2.8599999999999994,6.53,6.59
118,-0.14000000000000057,-4.140000000000001,8.13,5.29
119,-7.140000000000001,-12.14,6.72,6.38
119,-0.14000000000000057,-12.14,6.24,6.83
119,4.859999999999999,0.8599999999999994,5.35,7.93
119,-13.14,-5.140000000000001,5.3,8.1
119,-8.14,3.8599999999999994,6.95,6.17
119,-7.140000000000001,-5.140000000000001,5.43,7.89
119,-1.1400000000000006,-5.140000000000001,8.3,5.16
119,-1.1400000000000006,0.8599999999999994,5.3,8.06
120,2.8599999999999994,0.8599999999999994,6.64,6.37
120,3.8599999999999994,-8.14,6.69,6.3
120,-12.14,0.8599999999999994,7.89,5.39
120,-5.140000000000001,6.859999999999999,7.38,5.74
120,-4.140000000000001,0.8599999999999994,6.59,5.38
120,-13.14,-5.140000000000001,7.78,5.47
120,-5.140000000000001,-13.14,6.01,7.07
120,-5.140000000000001,-5.140000000000001,8.0,5.3
121,2.8599999999999994,4.859999999999999,5.76,5.04
121,-11.14,1.8599999999999994,7.61,5.53
121,-3.1400000000000006,4.859999999999999,5.27,7.91
121,2.8599999999999994,-10.14,5.09,8.2
121,2.8599999999999994,-1.1400000000000006,7.43,5.61
121,-13.14,-5.140000000000001,6.9,6.1
121,-6.140000000000001,-12.14,5.79,7.23
121,-3.1400000000000006,-4.140000000000001,5.13,8.15
122,-8.14,-11.14,7.19,5.77
122,-0.14000000000000057,-11.14,7.35,5.63
122,4.859999999999999,-5.140000000000001,5.18,7.97
122,4.859999999999999,2.8599999999999994,5.41,5.36
122,-13.14,-5.140000000000001,6.04,6.88
122,-8.14,1.8599999999999994,5.04,8.24
122,-6.140000000000001,-5.140000000000001,7.42,5.59
122,-2.1400000000000006,0.8599999999999994,6.58,6.29
123,4.859999999999999,0.8599999999999994,6.27,5.26
123,-6.140000000000001,-12.14,5.88,7.02
123,-0.14000000000000057,-12.14,5.67,6.28
123,5.859999999999999,-7.140000000000001,5.3,7.36
123,-13.14,-5.140000000000001,5.04,8.19
123,-8.14,3.8599999999999994,6.08,6.78
123,-7.140000000000001,-4.140000000000001,5.74,7.12
123,-1.1400000000000006,-4.140000000000001,5.21,6.52
123,-1.1400000000000006,2.8599999999999994,5.05,5.23
124,2.8599999999999994,4.859999999999999,5.14,5.1
124,2.8599999999999994,-10.14,5.38,7.0
124,2.8599999999999994,-2.1400000000000006,5.27,6.59
124,-8.14,-11.14,7.79,5.17
124,-13.14,-5.140000000000001,7.87,5.24
124,-12.14,0.8599999999999994,7.74,5.17
124,-5.140000000000001,-5.140000000000001,7.15,5.45
124,-5.140000000000001,6.859999999999999,7.09,5.27
124,-4.140000000000001,0.8599999999999994,5.14,5.64
125,1.8599999999999994,-6.140000000000001,5.65,6.02
125,4.859999999999999,0.8599999999999994,5.47,7.31
125,-8.14,-11.14,7.09,5.55
125,-6.140000000000001,-5.140000000000001,7.26,5.04
125,-0.14000000000000057,-12.14,6.28,5.59
125,-13.14,-5.140000000000001,6.21,6.62
125,-9.14,1.8599999999999994,5.16,7.92
125,-3.1400000000000006,0.8599999999999994,7.28,5.36
125,-3.1400000000000006,6.859999999999999,7.41,5.11
126,-9.14,2.8599999999999994,6.68,6.01
126,-13.14,-5.140000000000001,5.52,7.43
126,-7.140000000000001,-12.14,6.15,6.62
126,-7.140000000000001,-5.140000000000001,6.56,6.05
126,-0.14000000000000057,-12.14,5.26,7.42
126,-2.1400000000000006,1.8599999999999994,5.33,7.3
126,3.8599999999999994,-4.140000000000001,5.35,7.24
126,3.8599999999999994,3.8599999999999994,5.18,5.16
127,-8.14,-11.14,7.27,5.38
127,3.8599999999999994,0.8599999999999994,6.17,5.36
127,-1.1400000000000006,-5.140000000000001,6.84,5.02
127,-0.14000000000000057,-12.14,5.24,6.05
127,5.859999999999999,-7.140000000000001,5.6,5.05
127,-13.14,-5.140000000000001,5.4,7.13
127,-8.14,2.8599999999999994,5.12,7.03
127,-7.140000000000001,-5.140000000000001,5.34,6.22
127,-2.1400000000000006,6.859999999999999,7.59,5.02
128,5.859999999999999,-5.140000000000001,6.84,5.05
128,3.8599999999999994,0.8599999999999994,5.49,6.34
128,-8.14,2.8599999999999994,5.18,7.82
128,-2.1400000000000006,2.8599999999999994,5.87,6.06
128,-13.14,-5.140000000000001,5.38,7.67
128,-8.14,-11.14,7.64,5.34
128,-7.140000000000001,-5.140000000000001,5.05,7.74
128,-0.14000000000000057,-12.14,6.19,6.29
128,-1.1400000000000006,-5.140000000000001,6.01,5.83
129,-10.14,0.8599999999999994,5.09,7.77
129,-13.14,-5.140000000000001,7.14,5.77
129,-7.140000000000001,-12.14,6.17,6.66
129,-4.140000000000001,0.8599999999999994,7.8,5.01
129,-4.140000000000001,6.859999999999999,7.1,5.39
129,3.8599999999999994,1.8599999999999994,5.26,6.14
129,-0.14000000000000057,-12.14,5.42,6.53
129,3.8599999999999994,-5.140000000000001,5.48,6.15
129,-5.140000000000001,-5.140000000000001,5.21,5.0
130,-12.14,0.8599999999999994,8.1,5.02
130,-5.140000000000001,6.859999999999999,7.38,5.16
130,2.8599999999999994,1.8599999999999994,5.01,6.5
130,-13.14,-5.140000000000001,7.32,5.59
130,-7.140000000000001,-12.14,6.15,6.21
130,-3.1400000000000006,0.8599999999999994,5.04,5.28
130,-0.14000000000000057,-12.14,5.14,6.88
130,2.8599999999999994,-5.140000000000001,5.19,6.03
130,-5.140000000000001,-5.140000000000001,6.08,5.44
131,-11.14,0.8599999999999994,6.06,6.05
131,-4.140000000000001,1.8599999999999994,5.54,6.13
131,-13.14,-5.140000000000001,7.39,5.21
131,-8.14,-11.14,6.9,5.05
131,-4.140000000000001,-5.140000000000001,5.13,6.66
131,-1.1400000000000006,-13.14,5.02,6.68
131,1.8599999999999994,-6.140000000000001,5.07,6.21
131,1.8599999999999994,0.8599999999999994,5.44,6.4
132,0.8599999999999994,5.859999999999999,5.45,5.13
132,5.859999999999999,-7.140000000000001,5.32,5.02
132,5.859999999999999,-1.1400000000000006,5.06,6.38
132,-8.14,-11.14,6.42,5.28
132,-1.1400000000000006,-12.14,6.0,5.25
132,-0.14000000000000057,-6.140000000000001,5.21,5.54
132,-13.14,-5.140000000000001,5.76,6.02
132,-11.14,1.8599999999999994,6.13,5.52
132,-7.140000000000001,-5.140000000000001,6.04,5.29
132,-0.14000000000000057,-0.14000000000000057,5.01,5.62
133,-10.14,1.8599999999999994,5.27,6.38
133,-13.14,-5.140000000000001,6.13,5.21
