Instance: CBPP
Bin radius: 14.14
Rotate enable: false
Bin num: 49
Bin id,X coordinate of lower left corner,Y coordinate of lower left corner,Item's width,Item's height
1,-13.14,-5.140000000000001,9.83,4.87
1,-13.14,-0.14000000000000057,9.91,4.81
1,-9.14,-10.14,9.57,4.87
1,-9.14,4.859999999999999,9.54,4.86
1,-3.1400000000000006,-5.140000000000001,9.24,4.99
1,-3.1400000000000006,-0.14000000000000057,9.37,4.91
1,0.8599999999999994,4.859999999999999,8.78,4.96
1,0.8599999999999994,-10.14,7.94,4.97
1,6.859999999999999,-5.140000000000001,5.95,4.97
1,6.859999999999999,-0.14000000000000057,5.97,4.91
1,-5.140000000000001,-13.14,9.78,2.97
1,-5.140000000000001,9.86,9.48,2.99
2,-13.14,-5.140000000000001,9.9,4.64
2,-13.14,-0.14000000000000057,9.88,4.63
2,-9.14,-10.14,9.56,4.72
2,-9.14,4.859999999999999,9.74,4.6
2,-3.1400000000000006,-5.140000000000001,9.3,4.81
2,-3.1400000000000006,-0.14000000000000057,9.03,4.94
2,0.8599999999999994,4.859999999999999,8.9,4.85
2,0.8599999999999994,-10.14,7.98,4.82
2,-5.140000000000001,-13.14,9.94,2.79
2,-5.140000000000001,9.86,9.79,2.83
2,6.859999999999999,-5.140000000000001,5.55,4.99
2,6.859999999999999,-0.14000000000000057,5.63,4.9
3,-13.14,-5.140000000000001,9.0,4.94
3,-13.14,-0.14000000000000057,9.63,4.6
3,-9.14,-10.14,9.6,4.61
3,-9.14,4.859999999999999,9.66,4.58
3,-3.1400000000000006,-5.140000000000001,9.36,4.72
3,-3.1400000000000006,-0.14000000000000057,9.07,4.87
3,0.8599999999999994,4.859999999999999,8.75,4.85
3,0.8599999999999994,-10.14,7.75,4.87
3,-5.140000000000001,-13.14,9.9,2.78
3,-5.140000000000001,9.86,9.63,2.85
3,6.859999999999999,-5.140000000000001,5.9,4.65
3,6.859999999999999,-0.14000000000000057,5.47,4.87
4,-13.14,-5.140000000000001,9.54,4.6
4,-13.14,-0.14000000000000057,9.42,4.61
4,-9.14,-10.14,9.26,4.61
4,-9.14,4.859999999999999,9.15,4.66
4,-3.1400000000000006,-5.140000000000001,9.52,4.47
4,-3.1400000000000006,-0.14000000000000057,8.54,4.93
4,0.8599999999999994,4.859999999999999,8.58,4.88
4,0.8599999999999994,-10.14,7.65,4.87
4,5.859999999999999,-0.14000000000000057,6.79,4.96
4,-5.140000000000001,-13.14,9.69,2.82
4,-5.140000000000001,9.86,9.99,2.73
4,6.859999999999999,-5.140000000000001,5.76,4.57
5,-13.14,-5.140000000000001,9.02,4.66
5,-13.14,-0.14000000000000057,8.43,4.9
5,-9.14,-10.14,9.99,4.13
5,-9.14,4.859999999999999,9.37,4.4
5,-4.140000000000001,-0.14000000000000057,8.32,4.95
5,-3.1400000000000006,-5.140000000000001,9.41,4.37
5,0.8599999999999994,4.859999999999999,8.88,4.63
5,0.8599999999999994,-10.14,7.42,4.95
5,4.859999999999999,-0.14000000000000057,7.33,4.91
5,-5.140000000000001,-13.14,9.44,2.88
5,-5.140000000000001,9.86,9.16,2.96
5,6.859999999999999,-5.140000000000001,5.46,4.82
6,-13.14,-5.140000000000001,8.54,4.81
6,-13.14,-0.14000000000000057,8.84,4.64
6,-8.14,-11.14,8.17,5.0
6,-9.14,4.859999999999999,8.16,4.98
6,-4.140000000000001,-5.140000000000001,9.23,4.4
6,-4.140000000000001,-0.14000000000000057,8.67,4.68
6,-0.14000000000000057,4.859999999999999,8.97,4.51
6,0.8599999999999994,-10.14,7.49,4.76
6,4.859999999999999,-0.14000000000000057,7.94,4.48
6,5.859999999999999,-5.140000000000001,6.86,4.83
6,-5.140000000000001,9.86,9.6,2.81
6,-5.140000000000001,-13.14,9.88,1.99
7,-13.14,-5.140000000000001,8.77,4.55
7,-13.14,-0.14000000000000057,9.61,4.15
7,-9.14,-10.14,8.98,4.44
7,-10.14,4.859999999999999,9.95,3.98
7,-4.140000000000001,-5.140000000000001,8.52,4.64
7,-3.1400000000000006,-0.14000000000000057,8.59,4.6
7,-5.140000000000001,8.86,9.88,3.99
7,-0.14000000000000057,-10.14,8.08,4.83
7,-0.14000000000000057,4.859999999999999,9.63,3.99
7,4.859999999999999,-5.140000000000001,7.73,4.6
7,5.859999999999999,-0.14000000000000057,6.92,4.77
7,-5.140000000000001,-13.14,9.01,2.96
8,-13.14,-5.140000000000001,9.31,4.21
8,-13.14,-0.14000000000000057,9.44,4.15
8,-9.14,-10.14,8.71,4.48
8,-9.14,4.859999999999999,8.98,4.34
8,-3.1400000000000006,-5.140000000000001,8.81,4.41
8,-3.1400000000000006,-0.14000000000000057,8.76,4.4
8,-0.14000000000000057,4.859999999999999,9.53,4.04
8,-0.14000000000000057,-10.14,8.68,4.37
8,5.859999999999999,-5.140000000000001,6.87,4.76
8,5.859999999999999,-0.14000000000000057,6.98,4.65
8,-5.140000000000001,-13.14,9.17,2.9
8,-5.140000000000001,9.86,9.37,2.83
9,-13.14,-5.140000000000001,9.35,4.1
9,-13.14,-0.14000000000000057,9.47,4.03
9,-9.14,-10.14,9.21,4.14
9,-10.14,4.859999999999999,9.59,3.95
9,-3.1400000000000006,-5.140000000000001,8.18,4.62
9,-5.140000000000001,8.86,9.99,3.78
9,-3.1400000000000006,-0.14000000000000057,9.52,3.96
9,-0.14000000000000057,3.8599999999999994,9.97,3.78
9,0.8599999999999994,-10.14,7.64,4.64
9,5.859999999999999,-5.140000000000001,6.97,4.59
9,-5.140000000000001,-13.14,9.11,2.9
9,6.859999999999999,-0.14000000000000057,5.99,3.97
10,-13.14,-5.140000000000001,8.63,4.36
10,-13.14,-0.14000000000000057,9.79,3.84
10,-10.14,3.8599999999999994,9.39,4.0
10,-9.14,-10.14,8.38,4.48
10,-4.140000000000001,-5.140000000000001,8.61,4.35
10,-5.140000000000001,8.86,9.84,3.8
10,-0.14000000000000057,-10.14,8.44,4.4
10,-0.14000000000000057,-0.14000000000000057,9.03,4.1
10,-0.14000000000000057,4.859999999999999,9.97,3.7
10,4.859999999999999,-5.140000000000001,7.98,4.42
10,-5.140000000000001,-13.14,9.25,2.84
11,-13.14,-5.140000000000001,8.51,4.34
11,-13.14,-0.14000000000000057,8.94,4.13
11,-9.14,-10.14,8.14,4.52
11,-9.14,4.859999999999999,8.07,4.51
11,-4.140000000000001,-5.140000000000001,9.96,3.63
11,-4.140000000000001,-1.1400000000000006,8.46,4.27
11,-0.14000000000000057,-10.14,8.85,4.07
11,-0.14000000000000057,3.8599999999999994,9.81,3.67
11,4.859999999999999,-1.1400000000000006,7.67,4.56
11,-0.14000000000000057,7.859999999999999,5.89,4.46
11,5.859999999999999,-5.140000000000001,6.54,3.97
11,-5.140000000000001,-13.14,9.12,2.84
11,-7.140000000000001,9.86,6.82,1.95
12,-13.14,-5.140000000000001,8.19,4.39
12,-13.14,-0.14000000000000057,9.69,3.71
12,-10.14,3.8599999999999994,8.24,4.36
12,-9.14,-10.14,8.58,4.18
12,-4.140000000000001,-5.140000000000001,8.57,4.18
12,-1.1400000000000006,-0.14000000000000057,8.75,4.08
12,-1.1400000000000006,4.859999999999999,8.56,4.16
12,-0.14000000000000057,-9.14,9.7,3.67
12,4.859999999999999,-5.140000000000001,7.89,4.43
12,-5.140000000000001,-13.14,9.73,2.65
12,-5.140000000000001,9.86,9.11,2.82
12,7.859999999999999,-0.14000000000000057,5.75,1.89
13,-13.14,-5.140000000000001,8.64,4.07
13,-13.14,-0.14000000000000057,9.46,3.71
13,-10.14,3.8599999999999994,8.01,4.38
13,-10.14,-9.14,9.52,3.67
13,-4.140000000000001,-5.140000000000001,7.08,4.92
13,-5.140000000000001,-13.14,8.77,3.97
13,-1.1400000000000006,-0.14000000000000057,7.55,4.6
13,-1.1400000000000006,4.859999999999999,7.11,4.88
13,3.8599999999999994,-7.140000000000001,7.89,4.39
13,6.859999999999999,-2.1400000000000006,5.75,4.52
13,-5.140000000000001,9.86,8.67,2.96
13,-0.14000000000000057,-9.14,9.9,1.97
13,6.859999999999999,2.8599999999999994,5.65,2.96
14,-13.14,-5.140000000000001,7.99,4.33
14,-13.14,-0.14000000000000057,8.81,3.92
14,-11.14,3.8599999999999994,9.38,3.68
14,-9.14,-10.14,7.7,4.48
14,-5.140000000000001,-5.140000000000001,8.53,4.04
14,-5.140000000000001,7.859999999999999,7.03,4.89
14,-1.1400000000000006,-12.14,7.92,4.34
14,-4.140000000000001,-0.14000000000000057,9.27,3.69
14,2.8599999999999994,3.8599999999999994,7.29,4.69
14,3.8599999999999994,-5.140000000000001,8.6,3.97
14,5.859999999999999,-1.1400000000000006,6.52,4.89
14,-1.1400000000000006,-7.140000000000001,9.59,1.92
14,-7.140000000000001,-12.14,5.41,1.96
14,2.8599999999999994,8.86,5.77,1.8
15,-13.14,-5.140000000000001,9.93,3.43
15,-13.14,-1.1400000000000006,9.8,3.47
15,-11.14,2.8599999999999994,7.04,4.83
15,-9.14,-10.14,7.15,4.75
15,-5.140000000000001,7.859999999999999,8.26,4.11
15,-3.1400000000000006,-5.140000000000001,7.39,4.59
15,-3.1400000000000006,-0.14000000000000057,7.29,4.65
15,-1.1400000000000006,-10.14,9.55,3.54
15,4.859999999999999,-5.140000000000001,7.33,4.61
15,4.859999999999999,-0.14000000000000057,7.77,4.33
15,3.8599999999999994,4.859999999999999,6.76,3.83
15,-5.140000000000001,-13.14,9.87,2.6
15,-3.1400000000000006,4.859999999999999,6.68,2.96
16,-13.14,-5.140000000000001,9.1,3.71
16,-13.14,-1.1400000000000006,7.75,4.34
16,-10.14,3.8599999999999994,7.97,4.22
16,-10.14,-9.14,9.21,3.64
16,-5.140000000000001,-13.14,9.38,3.56
16,-5.140000000000001,-1.1400000000000006,7.64,4.37
16,-5.140000000000001,8.86,9.62,3.47
16,-2.1400000000000006,3.8599999999999994,7.04,4.73
16,-0.14000000000000057,-9.14,8.24,4.04
16,2.8599999999999994,-4.140000000000001,7.58,4.36
16,5.859999999999999,0.8599999999999994,6.58,4.83
16,-3.1400000000000006,-4.140000000000001,5.65,2.94
17,-13.14,-5.140000000000001,7.23,4.57
17,-13.14,-0.14000000000000057,9.56,3.45
17,-11.14,3.8599999999999994,9.08,3.63
17,-10.14,-9.14,9.36,3.51
17,-5.140000000000001,-5.140000000000001,7.25,4.53
17,-5.140000000000001,7.859999999999999,7.04,4.65
17,-5.140000000000001,-13.14,8.2,3.99
17,-1.1400000000000006,-0.14000000000000057,7.94,4.12
17,-0.14000000000000057,-9.14,8.67,3.77
17,2.8599999999999994,-5.140000000000001,9.0,3.63
17,2.8599999999999994,4.859999999999999,6.56,4.82
17,6.859999999999999,-1.1400000000000006,5.8,4.45
18,-13.14,-5.140000000000001,9.02,3.61
18,-13.14,-1.1400000000000006,9.92,3.28
18,-12.14,2.8599999999999994,9.98,3.25
18,-9.14,-10.14,7.64,4.24
18,-8.14,6.859999999999999,8.28,3.91
18,-3.1400000000000006,-5.140000000000001,8.71,3.71
18,-3.1400000000000006,-1.1400000000000006,9.53,3.39
18,-1.1400000000000006,-12.14,7.75,4.15
18,-2.1400000000000006,2.8599999999999994,8.44,3.81
18,0.8599999999999994,6.859999999999999,7.76,3.98
18,5.859999999999999,-7.140000000000001,5.46,4.71
18,6.859999999999999,-2.1400000000000006,6.41,3.98
18,6.859999999999999,1.8599999999999994,5.62,3.96
18,-5.140000000000001,10.86,9.64,1.91
18,-1.1400000000000006,-7.140000000000001,6.77,1.89
18,-7.140000000000001,-12.14,5.74,1.79
19,-13.14,-5.140000000000001,7.11,4.5
19,-13.14,-0.14000000000000057,7.35,4.35
19,-10.14,-9.14,8.44,3.77
19,-10.14,4.859999999999999,8.84,3.59
19,-5.140000000000001,-5.140000000000001,7.03,4.51
19,-5.140000000000001,-13.14,9.45,3.32
19,-5.140000000000001,-0.14000000000000057,6.56,4.75
19,-5.140000000000001,8.86,9.21,3.38
19,1.8599999999999994,-0.14000000000000057,7.03,4.42
19,2.8599999999999994,-9.14,6.92,4.47
19,-1.1400000000000006,4.859999999999999,7.99,3.85
19,2.8599999999999994,-4.140000000000001,8.33,3.69
20,-13.14,-5.140000000000001,7.64,4.02
20,-13.14,-0.14000000000000057,6.87,4.47
20,-9.14,-10.14,6.73,4.56
20,-10.14,4.859999999999999,8.33,3.65
20,-6.140000000000001,-0.14000000000000057,9.17,3.31
20,-5.140000000000001,-5.140000000000001,9.17,3.31
20,-5.140000000000001,8.86,8.48,3.57
20,-2.1400000000000006,-12.14,8.91,3.39
20,-1.1400000000000006,3.8599999999999994,8.46,3.57
20,3.8599999999999994,-1.1400000000000006,8.47,3.56
20,4.859999999999999,-5.140000000000001,7.97,3.78
20,-2.1400000000000006,-8.14,8.82,2.9
20,3.8599999999999994,7.859999999999999,5.1,1.96
21,-13.14,-5.140000000000001,7.08,4.25
21,-13.14,-0.14000000000000057,7.17,4.19
21,-10.14,-9.14,8.08,3.69
21,-9.14,4.859999999999999,7.01,4.24
21,-5.140000000000001,-13.14,7.94,3.73
21,-5.140000000000001,-5.140000000000001,8.73,3.39
21,-5.140000000000001,-1.1400000000000006,8.6,3.44
21,-1.1400000000000006,-9.14,9.36,3.15
21,-1.1400000000000006,2.8599999999999994,7.64,3.85
21,-1.1400000000000006,6.859999999999999,6.19,4.75
21,3.8599999999999994,-2.1400000000000006,9.58,3.04
21,3.8599999999999994,-5.140000000000001,8.27,2.99
21,6.859999999999999,1.8599999999999994,5.51,3.94
21,-7.140000000000001,9.86,5.23,1.82
22,-13.14,-5.140000000000001,8.2,3.55
22,-13.14,-1.1400000000000006,6.45,4.5
22,-10.14,3.8599999999999994,6.7,4.33
22,-9.14,-10.14,6.35,4.56
22,-6.140000000000001,-1.1400000000000006,8.71,3.32
22,-5.140000000000001,8.86,9.54,3.03
22,-4.140000000000001,-5.140000000000001,8.67,3.32
22,-3.1400000000000006,2.8599999999999994,6.89,4.17
22,-2.1400000000000006,-12.14,7.56,3.8
22,2.8599999999999994,-1.1400000000000006,7.27,3.95
22,3.8599999999999994,2.8599999999999994,6.13,4.68
22,4.859999999999999,-5.140000000000001,7.26,3.88
22,-2.1400000000000006,-8.14,9.67,2.63
23,-13.14,-5.140000000000001,8.55,3.35
23,-13.14,-1.1400000000000006,8.61,3.32
23,-12.14,2.8599999999999994,8.95,3.19
23,-10.14,-9.14,8.2,3.47
23,-7.140000000000001,6.859999999999999,6.39,4.4
23,-5.140000000000001,-13.14,9.09,3.08
23,-4.140000000000001,-5.140000000000001,7.92,3.51
23,-4.140000000000001,-1.1400000000000006,8.94,3.1
23,-3.1400000000000006,2.8599999999999994,8.98,3.08
23,-0.14000000000000057,6.859999999999999,6.54,4.22
23,-1.1400000000000006,-9.14,9.07,3.04
23,3.8599999999999994,-5.140000000000001,7.73,3.56
23,4.859999999999999,-1.1400000000000006,7.09,3.88
23,5.859999999999999,2.8599999999999994,5.7,3.76
24,-13.14,-5.140000000000001,8.93,3.08
24,-13.14,-1.1400000000000006,7.88,3.49
24,-12.14,2.8599999999999994,8.46,3.25
24,-9.14,-10.14,6.29,4.36
24,-7.140000000000001,6.859999999999999,6.09,4.5
24,-5.140000000000001,-1.1400000000000006,9.09,3.01
24,-4.140000000000001,-5.140000000000001,7.86,3.48
24,-2.1400000000000006,-13.14,6.27,4.35
24,-3.1400000000000006,2.8599999999999994,8.45,3.22
24,-0.14000000000000057,6.859999999999999,7.16,3.78
24,3.8599999999999994,-5.140000000000001,8.0,3.38
24,4.859999999999999,-1.1400000000000006,7.97,3.38
24,-2.1400000000000006,-8.14,9.09,2.74
24,5.859999999999999,2.8599999999999994,5.43,3.94
24,-0.14000000000000057,10.86,5.1,1.85
25,-13.14,-5.140000000000001,7.74,3.47
25,-13.14,-1.1400000000000006,8.88,3.02
25,-11.14,2.8599999999999994,6.22,4.29
25,-10.14,-9.14,8.09,3.29
25,-7.140000000000001,7.859999999999999,7.91,3.36
25,-5.140000000000001,-13.14,7.11,3.73
25,-5.140000000000001,-5.140000000000001,8.5,3.12
25,-4.140000000000001,-1.1400000000000006,8.26,3.21
25,-4.140000000000001,2.8599999999999994,7.87,3.34
25,-1.1400000000000006,-9.14,8.45,3.11
25,0.8599999999999994,6.859999999999999,7.43,3.53
25,3.8599999999999994,-5.140000000000001,8.14,3.22
25,3.8599999999999994,2.8599999999999994,7.39,3.54
25,4.859999999999999,-1.1400000000000006,7.05,3.67
26,-13.14,-5.140000000000001,8.31,3.15
26,-13.14,-1.1400000000000006,8.15,3.2
26,-12.14,2.8599999999999994,7.24,3.57
26,-10.14,-9.14,7.39,3.49
26,-7.140000000000001,6.859999999999999,6.28,4.1
26,-4.140000000000001,-5.140000000000001,6.34,4.05
26,-5.140000000000001,-13.14,7.38,3.47
26,-4.140000000000001,-0.14000000000000057,7.22,3.53
26,-2.1400000000000006,-9.14,7.45,3.42
26,-0.14000000000000057,3.8599999999999994,6.16,4.13
26,2.8599999999999994,-5.140000000000001,8.02,3.17
26,3.8599999999999994,-1.1400000000000006,5.18,4.9
26,-0.14000000000000057,8.86,5.64,3.77
26,5.859999999999999,-7.140000000000001,5.87,1.6
26,6.859999999999999,3.8599999999999994,5.37,1.74
27,-13.14,-5.140000000000001,6.68,3.79
27,-13.14,-1.1400000000000006,8.15,3.09
27,-11.14,2.8599999999999994,5.69,4.4
27,-9.14,-10.14,5.69,4.4
27,-7.140000000000001,7.859999999999999,6.83,3.66
27,-6.140000000000001,-5.140000000000001,7.86,3.18
27,-5.140000000000001,2.8599999999999994,5.81,4.3
27,-4.140000000000001,-1.1400000000000006,6.55,3.8
27,-3.1400000000000006,-13.14,6.56,3.79
27,-0.14000000000000057,7.859999999999999,5.48,4.53
27,-3.1400000000000006,-9.14,7.59,3.27
27,0.8599999999999994,2.8599999999999994,6.08,4.08
27,1.8599999999999994,-5.140000000000001,9.87,2.51
27,2.8599999999999994,-2.1400000000000006,6.36,3.89
27,4.859999999999999,-8.14,5.49,2.98
28,-13.14,-5.140000000000001,7.14,3.46
28,-13.14,-1.1400000000000006,6.43,3.82
28,-12.14,2.8599999999999994,7.74,3.17
28,-11.14,-8.14,9.09,2.69
28,-8.14,6.859999999999999,7.06,3.46
28,-5.140000000000001,-13.14,5.88,4.15
28,-6.140000000000001,-1.1400000000000006,8.24,2.96
28,-4.140000000000001,1.8599999999999994,5.68,4.28
28,-5.140000000000001,-5.140000000000001,6.11,3.96
28,-1.1400000000000006,-8.14,8.22,2.94
28,-0.14000000000000057,6.859999999999999,5.16,4.68
28,1.8599999999999994,-5.140000000000001,9.28,2.59
28,1.8599999999999994,1.8599999999999994,6.21,3.87
28,2.8599999999999994,-2.1400000000000006,8.37,2.87
28,0.8599999999999994,-12.14,5.74,3.66
29,-13.14,-5.140000000000001,5.46,4.4
29,-13.14,-0.14000000000000057,8.11,2.96
29,-11.14,2.8599999999999994,5.7,4.21
29,-11.14,-8.14,9.93,2.4
29,-7.140000000000001,-12.14,7.13,3.34
29,-7.140000000000001,-5.140000000000001,7.75,3.07
29,-5.140000000000001,2.8599999999999994,5.92,4.01
29,-5.140000000000001,7.859999999999999,5.07,4.68
29,-4.140000000000001,-1.1400000000000006,8.5,2.79
29,-1.1400000000000006,-8.14,9.17,2.58
29,0.8599999999999994,-5.140000000000001,9.12,2.59
29,0.8599999999999994,1.8599999999999994,7.61,3.1
29,0.8599999999999994,5.859999999999999,7.72,3.03
29,4.859999999999999,-2.1400000000000006,7.43,3.14
29,0.8599999999999994,-12.14,5.82,3.57
29,0.8599999999999994,9.86,5.43,1.67
30,-13.14,-5.140000000000001,9.5,2.46
30,-13.14,-2.1400000000000006,5.83,4.0
30,-12.14,2.8599999999999994,6.49,3.57
30,-9.14,-10.14,5.32,4.34
30,-8.14,6.859999999999999,7.17,3.22
30,-7.140000000000001,-2.1400000000000006,5.17,4.46
30,-5.140000000000001,2.8599999999999994,6.2,3.71
30,-3.1400000000000006,-13.14,7.49,3.07
30,-3.1400000000000006,-9.14,5.58,4.12
30,-1.1400000000000006,-4.140000000000001,5.45,4.21
30,-0.14000000000000057,6.859999999999999,5.68,4.03
30,1.8599999999999994,0.8599999999999994,7.91,2.89
30,2.8599999999999994,-9.14,5.65,4.04
30,4.859999999999999,-4.140000000000001,6.59,3.46
30,1.8599999999999994,3.8599999999999994,8.05,2.83
31,-13.14,-5.140000000000001,7.33,3.11
31,-13.14,-1.1400000000000006,5.06,4.5
31,-11.14,3.8599999999999994,6.42,3.54
31,-10.14,-9.14,6.38,3.55
31,-8.14,7.859999999999999,9.18,2.46
31,-7.140000000000001,-12.14,9.6,2.35
31,-7.140000000000001,-1.1400000000000006,5.43,4.15
31,-5.140000000000001,-5.140000000000001,7.12,3.15
31,-1.1400000000000006,-1.1400000000000006,5.13,4.36
31,1.8599999999999994,3.8599999999999994,5.44,4.11
31,-3.1400000000000006,-9.14,9.12,2.45
31,2.8599999999999994,-5.140000000000001,9.48,2.35
31,4.859999999999999,-2.1400000000000006,5.52,4.03
31,-4.140000000000001,3.8599999999999994,5.76,3.6
31,-5.140000000000001,10.86,9.11,1.99
31,1.8599999999999994,8.86,6.45,1.98
32,-13.14,-5.140000000000001,7.13,3.11
32,-13.14,-1.1400000000000006,8.2,2.7
32,-13.14,1.8599999999999994,7.8,2.83
32,-10.14,-9.14,6.42,3.43
32,-11.14,4.859999999999999,7.48,2.93
32,-7.140000000000001,7.859999999999999,6.06,3.61
32,-4.140000000000001,-5.140000000000001,5.09,4.29
32,-5.140000000000001,-13.14,7.06,3.09
32,-5.140000000000001,1.8599999999999994,8.14,2.68
32,-0.14000000000000057,4.859999999999999,5.23,4.14
32,-3.1400000000000006,-9.14,8.04,2.69
32,1.8599999999999994,-6.140000000000001,9.16,2.36
32,1.8599999999999994,-3.1400000000000006,9.04,2.39
32,3.8599999999999994,-0.14000000000000057,6.82,3.16
32,-0.14000000000000057,9.86,5.55,2.87
32,5.859999999999999,3.8599999999999994,5.66,2.8
32,-4.140000000000001,-0.14000000000000057,7.82,1.9
33,-13.14,-5.140000000000001,9.78,2.2
33,-13.14,-2.1400000000000006,7.32,2.92
33,-12.14,0.8599999999999994,5.25,4.07
33,-11.14,-8.14,7.38,2.89
33,-10.14,5.859999999999999,7.48,2.85
33,-7.140000000000001,-12.14,6.64,3.21
33,-7.140000000000001,8.86,7.39,2.88
33,-6.140000000000001,0.8599999999999994,6.25,3.4
33,-3.1400000000000006,-8.14,6.83,3.11
33,-5.140000000000001,-2.1400000000000006,9.23,2.3
33,-2.1400000000000006,4.859999999999999,8.46,2.5
33,-0.14000000000000057,-11.14,7.34,2.86
33,0.8599999999999994,0.8599999999999994,9.98,2.1
33,3.8599999999999994,-8.14,5.19,4.02
33,4.859999999999999,-2.1400000000000006,8.15,2.55
33,0.8599999999999994,7.859999999999999,5.61,3.69
33,-3.1400000000000006,-4.140000000000001,6.71,1.83
33,6.859999999999999,3.8599999999999994,5.23,1.64
34,-13.14,-5.140000000000001,5.08,4.1
34,-13.14,-0.14000000000000057,9.0,2.31
34,-12.14,2.8599999999999994,6.24,3.31
34,-11.14,-8.14,8.31,2.48
34,-9.14,6.859999999999999,7.23,2.85
34,-7.140000000000001,-12.14,6.07,3.39
34,-7.140000000000001,-5.140000000000001,5.81,3.54
34,-5.140000000000001,2.8599999999999994,7.46,2.75
34,-5.140000000000001,9.86,9.54,2.15
34,-3.1400000000000006,-1.1400000000000006,8.01,2.56
34,-2.1400000000000006,-8.14,9.27,2.21
34,-1.1400000000000006,-5.140000000000001,9.14,2.24
34,-1.1400000000000006,5.859999999999999,7.36,2.78
34,2.8599999999999994,1.8599999999999994,9.49,2.15
34,-0.14000000000000057,-11.14,7.5,2.71
34,5.859999999999999,-2.1400000000000006,5.2,3.85
35,-13.14,-5.140000000000001,8.74,2.32
35,-13.14,-2.1400000000000006,8.86,2.28
35,-13.14,0.8599999999999994,5.78,3.46
35,-10.14,-9.14,5.59,3.57
35,-11.14,4.859999999999999,7.64,2.61
35,-8.14,7.859999999999999,7.46,2.66
35,-7.140000000000001,0.8599999999999994,6.55,3.02
35,-5.140000000000001,-13.14,5.23,3.78
35,-4.140000000000001,-9.14,7.51,2.63
35,-4.140000000000001,-6.140000000000001,8.04,2.45
35,-4.140000000000001,-3.1400000000000006,6.37,3.09
35,-3.1400000000000006,4.859999999999999,7.05,2.79
35,-0.14000000000000057,0.8599999999999994,9.18,2.14
35,-0.14000000000000057,7.859999999999999,5.12,3.83
35,2.8599999999999994,-3.1400000000000006,6.42,3.05
35,4.859999999999999,-7.140000000000001,6.23,3.14
35,4.859999999999999,3.8599999999999994,6.74,2.87
35,0.8599999999999994,-12.14,5.8,2.63
35,3.8599999999999994,-9.14,5.75,1.44
36,-13.14,-5.140000000000001,8.18,2.39
36,-13.14,-2.1400000000000006,8.88,2.2
36,-13.14,0.8599999999999994,9.04,2.16
36,-12.14,3.8599999999999994,7.58,2.57
36,-11.14,-8.14,7.52,2.59
36,-9.14,6.859999999999999,7.81,2.49
36,-8.14,-11.14,8.1,2.39
36,-5.140000000000001,9.86,7.71,2.5
36,-4.140000000000001,-5.140000000000001,5.92,3.25
36,-4.140000000000001,3.8599999999999994,6.61,2.9
36,-3.1400000000000006,-8.14,6.87,2.79
36,-3.1400000000000006,-1.1400000000000006,6.38,3.0
36,-1.1400000000000006,6.859999999999999,6.46,2.96
36,1.8599999999999994,-5.140000000000001,8.53,2.24
36,2.8599999999999994,2.8599999999999994,7.95,2.4
36,3.8599999999999994,-2.1400000000000006,9.42,2.02
36,0.8599999999999994,-11.14,6.67,2.84
36,3.8599999999999994,-8.14,6.43,2.92
36,-5.140000000000001,-13.14,9.31,1.94
36,3.8599999999999994,0.8599999999999994,8.68,1.99
37,-13.14,-5.140000000000001,7.53,2.52
37,-13.14,-2.1400000000000006,7.81,2.42
37,-13.14,0.8599999999999994,5.55,3.4
37,-11.14,-8.14,9.07,2.08
37,-11.14,4.859999999999999,7.88,2.39
37,-7.140000000000001,-12.14,5.42,3.47
37,-7.140000000000001,0.8599999999999994,5.4,3.48
37,-8.14,7.859999999999999,7.64,2.45
37,-5.140000000000001,-5.140000000000001,5.45,3.43
37,-3.1400000000000006,4.859999999999999,6.9,2.7
37,-1.1400000000000006,-12.14,7.12,2.61
37,-1.1400000000000006,-9.14,6.75,2.75
37,-1.1400000000000006,-1.1400000000000006,6.25,2.97
37,-1.1400000000000006,1.8599999999999994,8.91,2.08
37,-0.14000000000000057,7.859999999999999,8.2,2.26
37,0.8599999999999994,-6.140000000000001,8.13,2.27
37,3.8599999999999994,4.859999999999999,6.83,2.7
37,5.859999999999999,-2.1400000000000006,7.56,2.43
37,-5.140000000000001,10.86,9.35,1.9
38,-13.14,-5.140000000000001,6.75,2.71
38,-13.14,-2.1400000000000006,5.39,3.39
38,-13.14,1.8599999999999994,7.63,2.38
38,-10.14,-9.14,5.62,3.23
38,-11.14,4.859999999999999,7.4,2.45
38,-7.140000000000001,-2.1400000000000006,5.3,3.42
38,-7.140000000000001,7.859999999999999,5.5,3.29
38,-5.140000000000001,-13.14,5.29,3.42
38,-6.140000000000001,-5.140000000000001,7.03,2.57
38,-4.140000000000001,-9.14,5.18,3.48
38,-3.1400000000000006,1.8599999999999994,5.09,3.54
38,-1.1400000000000006,-2.1400000000000006,5.61,3.19
38,-1.1400000000000006,5.859999999999999,5.36,3.33
38,1.8599999999999994,-9.14,7.14,2.49
38,1.8599999999999994,-6.140000000000001,7.18,2.47
38,-1.1400000000000006,9.86,6.35,2.79
38,2.8599999999999994,1.8599999999999994,6.71,2.64
38,4.859999999999999,-2.1400000000000006,8.45,2.09
38,4.859999999999999,4.859999999999999,5.75,3.05
38,0.8599999999999994,-12.14,5.98,2.55
39,-13.14,-5.140000000000001,8.01,2.2
39,-13.14,-2.1400000000000006,8.67,2.03
39,-13.14,0.8599999999999994,6.63,2.65
39,-12.14,3.8599999999999994,6.57,2.67
39,-11.14,-8.14,8.65,2.02
39,-9.14,6.859999999999999,7.94,2.2
39,-8.14,-11.14,8.29,2.1
39,-6.140000000000001,0.8599999999999994,6.54,2.66
39,-5.140000000000001,3.8599999999999994,6.58,2.63
39,-5.140000000000001,9.86,8.19,2.11
39,-4.140000000000001,-5.140000000000001,7.73,2.23
39,-4.140000000000001,-2.1400000000000006,7.14,2.41
39,0.8599999999999994,-12.14,5.37,3.2
39,-2.1400000000000006,-8.14,7.81,2.2
39,-1.1400000000000006,6.859999999999999,9.64,1.78
39,0.8599999999999994,0.8599999999999994,6.67,2.57
39,3.8599999999999994,-5.140000000000001,5.32,3.22
39,1.8599999999999994,3.8599999999999994,8.67,1.97
39,3.8599999999999994,-1.1400000000000006,9.08,1.88
39,-5.140000000000001,-13.14,5.92,1.38
39,5.859999999999999,-7.140000000000001,5.28,1.45
40,-13.14,-5.140000000000001,5.36,3.19
40,-13.14,-1.1400000000000006,6.59,2.59
40,-12.14,1.8599999999999994,5.5,3.1
40,-12.14,-7.140000000000001,9.14,1.86
40,-9.14,5.859999999999999,5.24,3.24
40,-8.14,-11.14,5.23,3.22
40,-7.140000000000001,-5.140000000000001,6.23,2.7
40,-6.140000000000001,-2.1400000000000006,7.93,2.12
40,-6.140000000000001,0.8599999999999994,7.53,2.23
40,-5.140000000000001,9.86,6.79,2.47
40,-3.1400000000000006,3.8599999999999994,5.13,3.26
40,-2.1400000000000006,-12.14,7.89,2.11
40,-3.1400000000000006,7.859999999999999,9.08,1.82
40,-2.1400000000000006,-9.14,7.17,2.3
40,-0.14000000000000057,-6.140000000000001,9.58,1.72
40,1.8599999999999994,-4.140000000000001,6.63,2.47
40,1.8599999999999994,-1.1400000000000006,7.72,2.12
40,2.8599999999999994,1.8599999999999994,7.13,2.28
40,2.8599999999999994,4.859999999999999,7.43,2.17
41,-13.14,-5.140000000000001,5.33,3.03
41,-13.14,-1.1400000000000006,9.08,1.77
41,-13.14,0.8599999999999994,8.89,1.8
41,-13.14,2.8599999999999994,8.15,1.96
41,-11.14,-8.14,7.16,2.23
41,-12.14,4.859999999999999,8.77,1.82
41,-10.14,6.859999999999999,8.22,1.94
41,-9.14,-10.14,8.62,1.84
41,-7.140000000000001,-5.140000000000001,7.54,2.1
41,-8.14,8.86,9.31,1.7
41,-7.140000000000001,-12.14,9.28,1.7
41,-4.140000000000001,0.8599999999999994,6.69,2.34
41,-3.1400000000000006,-8.14,7.45,2.1
41,-3.1400000000000006,-2.1400000000000006,6.86,2.28
41,-5.140000000000001,10.86,8.35,1.85
41,-3.1400000000000006,3.8599999999999994,8.21,1.88
41,-1.1400000000000006,5.859999999999999,6.67,2.3
41,-0.14000000000000057,-10.14,8.2,1.87
41,0.8599999999999994,-5.140000000000001,7.48,2.04
41,2.8599999999999994,0.8599999999999994,9.84,1.55
41,3.8599999999999994,-2.1400000000000006,8.86,1.72
41,4.859999999999999,-8.14,5.38,2.83
41,5.859999999999999,2.8599999999999994,6.45,2.36
41,1.8599999999999994,8.86,6.27,1.92
42,-13.14,-5.140000000000001,5.65,2.69
42,-13.14,-2.1400000000000006,8.66,1.75
42,-13.14,-0.14000000000000057,7.34,2.06
42,-12.14,2.8599999999999994,5.06,2.98
42,-12.14,-7.140000000000001,8.27,1.82
42,-10.14,5.859999999999999,7.46,2.01
42,-9.14,-10.14,6.27,2.39
42,-8.14,8.86,8.58,1.74
42,-7.140000000000001,-5.140000000000001,5.11,2.91
42,-6.140000000000001,2.8599999999999994,6.83,2.16
42,-7.140000000000001,-12.14,9.04,1.63
42,-5.140000000000001,-0.14000000000000057,5.13,2.87
42,-2.1400000000000006,-10.14,6.63,2.22
42,-5.140000000000001,10.86,8.17,1.8
42,-2.1400000000000006,5.859999999999999,6.9,2.13
42,-1.1400000000000006,-7.140000000000001,6.3,2.33
42,-1.1400000000000006,-4.140000000000001,6.35,2.31
42,0.8599999999999994,-1.1400000000000006,8.0,1.82
42,0.8599999999999994,0.8599999999999994,9.04,1.61
42,0.8599999999999994,2.8599999999999994,7.82,1.86
42,5.859999999999999,-5.140000000000001,6.51,2.23
42,4.859999999999999,4.859999999999999,5.95,2.42
42,0.8599999999999994,8.86,7.69,1.87
42,5.859999999999999,-7.140000000000001,5.59,1.36
43,-13.14,-5.140000000000001,9.58,1.51
43,-13.14,-3.1400000000000006,5.69,2.53
43,-13.14,-0.14000000000000057,5.23,2.75
43,-12.14,2.8599999999999994,7.12,2.02
43,-11.14,-8.14,5.06,2.83
43,-11.14,5.859999999999999,7.19,1.99
43,-8.14,-11.14,5.27,2.71
43,-8.14,7.859999999999999,5.05,2.82
43,-7.140000000000001,-3.1400000000000006,5.21,2.73
43,-7.140000000000001,-0.14000000000000057,6.16,2.3
43,-5.140000000000001,-8.14,6.66,2.12
43,-4.140000000000001,2.8599999999999994,5.7,2.47
43,-5.140000000000001,-13.14,7.52,1.87
43,-2.1400000000000006,-11.14,5.29,2.65
43,-2.1400000000000006,5.859999999999999,5.67,2.47
43,-2.1400000000000006,8.86,5.24,2.67
43,-1.1400000000000006,-5.140000000000001,5.04,2.76
43,-1.1400000000000006,-2.1400000000000006,9.89,1.4
43,-0.14000000000000057,-0.14000000000000057,5.59,2.47
43,1.8599999999999994,-8.14,7.32,1.88
43,1.8599999999999994,2.8599999999999994,5.89,2.33
43,3.8599999999999994,5.859999999999999,5.69,2.39
43,4.859999999999999,-6.140000000000001,5.22,2.56
43,5.859999999999999,-0.14000000000000057,7.07,1.89
44,-13.14,-5.140000000000001,8.29,1.65
44,-13.14,-3.1400000000000006,8.9,1.53
44,-13.14,-1.1400000000000006,9.19,1.47
44,-13.14,0.8599999999999994,6.63,2.01
44,-12.14,3.8599999999999994,5.24,2.54
44,-12.14,-7.140000000000001,8.29,1.6
44,-9.14,-10.14,5.62,2.35
44,-10.14,6.859999999999999,9.71,1.36
44,-7.140000000000001,8.86,5.74,2.29
44,-7.140000000000001,-12.14,8.6,1.52
44,-6.140000000000001,0.8599999999999994,7.92,1.64
44,-6.140000000000001,2.8599999999999994,7.69,1.68
44,-4.140000000000001,-5.140000000000001,6.0,2.15
44,-3.1400000000000006,-10.14,5.33,2.42
44,-3.1400000000000006,-2.1400000000000006,6.34,2.03
44,-6.140000000000001,4.859999999999999,8.51,1.51
44,-1.1400000000000006,8.86,6.09,2.1
44,1.8599999999999994,0.8599999999999994,5.28,2.42
44,2.8599999999999994,-10.14,5.97,2.14
44,-3.1400000000000006,-7.140000000000001,8.58,1.48
44,2.8599999999999994,-5.140000000000001,5.47,2.32
44,-0.14000000000000057,6.859999999999999,7.91,1.6
44,2.8599999999999994,3.8599999999999994,8.39,1.5
44,3.8599999999999994,-2.1400000000000006,7.44,1.69
44,5.859999999999999,-7.140000000000001,5.2,1.44
44,7.859999999999999,-0.14000000000000057,5.06,1.41
45,-13.14,-5.140000000000001,9.8,1.28
45,-13.14,-3.1400000000000006,5.56,2.25
45,-13.14,-0.14000000000000057,5.02,2.49
45,-13.14,2.8599999999999994,7.22,1.73
45,-11.14,-8.14,5.63,2.21
45,-12.14,4.859999999999999,8.46,1.47
45,-9.14,6.859999999999999,5.73,2.17
45,-9.14,-10.14,8.99,1.38
45,-7.140000000000001,-12.14,8.05,1.53
45,-7.140000000000001,-3.1400000000000006,8.08,1.52
45,-7.140000000000001,-1.1400000000000006,7.36,1.66
45,-5.140000000000001,-8.14,5.63,2.17
45,-5.140000000000001,0.8599999999999994,6.05,2.01
45,-5.140000000000001,9.86,5.79,2.1
45,-3.1400000000000006,-5.140000000000001,8.61,1.4
45,-3.1400000000000006,3.8599999999999994,8.13,1.48
45,-3.1400000000000006,5.859999999999999,5.72,2.1
45,0.8599999999999994,-8.14,9.16,1.31
45,-0.14000000000000057,-10.14,7.73,1.55
45,0.8599999999999994,-1.1400000000000006,7.04,1.7
45,0.8599999999999994,8.86,6.01,1.99
45,1.8599999999999994,-3.1400000000000006,7.89,1.51
45,1.8599999999999994,0.8599999999999994,5.28,2.25
45,2.8599999999999994,5.859999999999999,7.16,1.65
45,5.859999999999999,-5.140000000000001,6.6,1.79
45,5.859999999999999,3.8599999999999994,6.55,1.78
46,-13.14,-5.140000000000001,9.04,1.3
46,-13.14,-3.1400000000000006,6.4,1.82
46,-13.14,-1.1400000000000006,8.5,1.37
46,-13.14,0.8599999999999994,6.69,1.74
46,-12.14,2.8599999999999994,5.15,2.26
46,-12.14,-7.140000000000001,8.59,1.34
46,-11.14,5.859999999999999,7.91,1.44
46,-10.14,-9.14,6.42,1.77
46,-9.14,7.859999999999999,9.93,1.14
46,-8.14,-11.14,7.37,1.53
46,-6.140000000000001,0.8599999999999994,5.21,2.14
46,-5.140000000000001,9.86,5.54,2.01
46,-4.140000000000001,-3.1400000000000006,5.01,2.22
46,-6.140000000000001,3.8599999999999994,6.22,1.78
46,-5.140000000000001,-13.14,7.74,1.43
46,-3.1400000000000006,-9.14,6.47,1.71
46,-3.1400000000000006,-7.140000000000001,7.73,1.43
46,-3.1400000000000006,-5.140000000000001,7.09,1.55
46,-3.1400000000000006,5.859999999999999,8.51,1.27
46,-0.14000000000000057,-11.14,6.67,1.62
46,-0.14000000000000057,-0.14000000000000057,8.67,1.24
46,-0.14000000000000057,1.8599999999999994,7.61,1.41
46,0.8599999999999994,3.8599999999999994,8.3,1.28
46,0.8599999999999994,7.859999999999999,7.28,1.45
46,1.8599999999999994,-3.1400000000000006,8.42,1.25
46,4.859999999999999,-8.14,5.19,2.02
46,4.859999999999999,-5.140000000000001,7.87,1.33
46,0.8599999999999994,9.86,5.63,1.23
47,-13.14,-5.140000000000001,5.1,2.03
47,-13.14,-2.1400000000000006,9.07,1.14
47,-13.14,-0.14000000000000057,6.84,1.51
47,-13.14,1.8599999999999994,8.45,1.22
47,-12.14,-7.140000000000001,6.16,1.67
47,-12.14,3.8599999999999994,6.84,1.5
47,-11.14,5.859999999999999,9.96,1.02
47,-10.14,-9.14,7.97,1.27
47,-9.14,7.859999999999999,6.26,1.61
47,-8.14,-11.14,6.58,1.52
47,-7.140000000000001,-5.140000000000001,6.89,1.45
47,-7.140000000000001,9.86,8.62,1.15
47,-6.140000000000001,-0.14000000000000057,6.47,1.53
47,-5.140000000000001,-13.14,7.78,1.26
47,-5.140000000000001,-7.140000000000001,9.03,1.08
47,-5.140000000000001,3.8599999999999994,6.24,1.56
47,-4.140000000000001,1.8599999999999994,6.04,1.61
47,-3.1400000000000006,-3.1400000000000006,8.71,1.11
47,-2.1400000000000006,-9.14,7.43,1.3
47,-2.1400000000000006,7.859999999999999,7.18,1.34
47,-1.1400000000000006,-11.14,6.68,1.44
47,-1.1400000000000006,5.859999999999999,8.57,1.12
47,-0.14000000000000057,-5.140000000000001,8.22,1.15
47,0.8599999999999994,-1.1400000000000006,7.87,1.2
47,1.8599999999999994,3.8599999999999994,6.6,1.41
47,2.8599999999999994,0.8599999999999994,8.83,1.05
47,4.859999999999999,-7.140000000000001,6.68,1.34
47,5.859999999999999,-3.1400000000000006,6.1,1.45
48,-13.14,-5.140000000000001,8.5,1.08
48,-13.14,-3.1400000000000006,7.67,1.18
48,-13.14,-1.1400000000000006,7.74,1.16
48,-13.14,0.8599999999999994,7.93,1.13
48,-13.14,2.8599999999999994,8.61,1.04
48,-12.14,-7.140000000000001,7.77,1.15
48,-12.14,4.859999999999999,7.7,1.15
48,-10.14,-9.14,8.52,1.03
48,-10.14,6.859999999999999,8.35,1.05
48,-8.14,-11.14,6.3,1.39
48,-8.14,8.86,8.16,1.05
48,-5.140000000000001,-13.14,7.78,1.1
48,-5.140000000000001,-3.1400000000000006,8.22,1.03
48,-5.140000000000001,-1.1400000000000006,7.48,1.13
48,-5.140000000000001,0.8599999999999994,7.68,1.09
48,-5.140000000000001,10.86,7.19,1.16
48,-4.140000000000001,-7.140000000000001,6.56,1.27
48,-4.140000000000001,-5.140000000000001,7.47,1.11
48,-4.140000000000001,2.8599999999999994,6.17,1.33
48,-4.140000000000001,4.859999999999999,7.43,1.09
48,-1.1400000000000006,-11.14,7.21,1.08
48,-1.1400000000000006,-9.14,7.18,1.07
48,-1.1400000000000006,6.859999999999999,6.03,1.26
48,0.8599999999999994,8.86,6.65,1.14
48,2.8599999999999994,-7.140000000000001,7.11,1.04
48,2.8599999999999994,-1.1400000000000006,5.07,1.36
48,2.8599999999999994,0.8599999999999994,5.55,1.24
48,2.8599999999999994,2.8599999999999994,5.7,1.2
48,3.8599999999999994,-5.140000000000001,6.27,1.08
48,3.8599999999999994,-3.1400000000000006,5.87,1.15
48,3.8599999999999994,4.859999999999999,5.4,1.23
49,-13.14,-5.140000000000001,5.45,1.2
49,-13.14,-3.1400000000000006,6.31,1.03
49,-13.14,-1.1400000000000006,5.93,1.08
49,-13.14,0.8599999999999994,5.14,1.24
49,-13.14,2.8599999999999994,5.39,1.18
49,-12.14,-7.140000000000001,5.67,1.1
49,-12.14,4.859999999999999,5.65,1.07
49,-10.14,-9.14,5.11,1.09
49,-10.14,6.859999999999999,5.35,1.0
