Instance: CBPP
Bin radius: 14.14
Rotate enable: true
Bin num: 98
Bin id,X coordinate of lower left corner,Y coordinate of lower left corner,Item's width,Item's height
1,-13.14,-5.140000000000001,9.79,9.73
1,-3.1400000000000006,-12.14,9.65,9.87
1,-3.1400000000000006,-2.1400000000000006,9.53,9.95
1,6.859999999999999,-5.140000000000001,5.98,9.67
2,-13.14,-5.140000000000001,9.82,9.6
2,-3.1400000000000006,-12.14,9.86,9.55
2,-3.1400000000000006,-2.1400000000000006,9.83,9.51
2,6.859999999999999,-5.140000000000001,5.98,9.63
3,-13.14,-5.140000000000001,9.89,9.43
3,-3.1400000000000006,-12.14,9.8,9.42
3,-3.1400000000000006,-2.1400000000000006,9.27,9.94
3,6.859999999999999,-5.140000000000001,5.89,9.77
4,-13.14,-5.140000000000001,9.65,9.41
4,-3.1400000000000006,-12.14,9.96,9.03
4,-3.1400000000000006,-2.1400000000000006,9.79,9.18
4,6.859999999999999,-5.140000000000001,5.86,9.82
5,-13.14,-5.140000000000001,9.76,9.19
5,-3.1400000000000006,-12.14,9.21,9.68
5,-3.1400000000000006,-2.1400000000000006,9.81,9.08
5,6.859999999999999,-5.140000000000001,5.82,9.88
6,-13.14,-5.140000000000001,9.88,8.99
6,-3.1400000000000006,-12.14,9.82,9.04
6,-5.140000000000001,3.8599999999999994,9.79,8.91
6,4.859999999999999,-2.1400000000000006,6.87,8.96
6,-3.1400000000000006,-2.1400000000000006,7.99,5.89
7,-13.14,-5.140000000000001,9.29,9.38
7,-3.1400000000000006,-12.14,9.08,9.58
7,-3.1400000000000006,-2.1400000000000006,9.66,8.92
7,-5.140000000000001,6.859999999999999,9.61,5.97
7,6.859999999999999,-5.140000000000001,5.69,9.99
8,-13.14,-5.140000000000001,9.47,9.07
8,-3.1400000000000006,-12.14,8.99,9.55
8,-3.1400000000000006,-2.1400000000000006,9.84,8.68
8,6.859999999999999,-5.140000000000001,5.99,9.42
8,-5.140000000000001,6.859999999999999,9.73,5.78
9,-13.14,-5.140000000000001,9.8,8.7
9,-3.1400000000000006,-12.14,8.71,9.74
9,-3.1400000000000006,-2.1400000000000006,8.84,9.59
9,5.859999999999999,-5.140000000000001,6.98,9.89
9,-9.14,3.8599999999999994,5.96,5.84
10,-13.14,-5.140000000000001,8.91,9.45
10,-4.140000000000001,-12.14,9.56,8.78
10,-4.140000000000001,-3.1400000000000006,8.77,9.57
10,4.859999999999999,-3.1400000000000006,7.87,8.98
10,-5.140000000000001,6.859999999999999,9.56,5.88
11,-13.14,-5.140000000000001,9.25,8.93
11,-5.140000000000001,3.8599999999999994,9.88,8.36
11,-3.1400000000000006,-12.14,9.41,8.73
11,4.859999999999999,-3.1400000000000006,7.82,8.84
11,-3.1400000000000006,-3.1400000000000006,7.99,6.78
12,-13.14,-5.140000000000001,9.63,8.48
12,-3.1400000000000006,-12.14,8.53,9.52
12,-5.140000000000001,3.8599999999999994,9.41,8.62
12,5.859999999999999,-5.140000000000001,6.99,9.73
12,-3.1400000000000006,-2.1400000000000006,8.79,5.95
13,-13.14,-5.140000000000001,8.68,9.34
13,-4.140000000000001,-13.14,8.86,9.15
13,-4.140000000000001,-3.1400000000000006,8.28,9.77
13,4.859999999999999,-5.140000000000001,7.85,9.92
13,-5.140000000000001,6.859999999999999,9.51,5.9
14,-13.14,-5.140000000000001,9.27,8.68
14,-3.1400000000000006,-12.14,8.88,9.05
14,-3.1400000000000006,-2.1400000000000006,8.77,9.16
14,5.859999999999999,-5.140000000000001,6.99,9.58
14,-9.14,3.8599999999999994,5.85,5.77
15,-13.14,-5.140000000000001,9.26,8.65
15,-5.140000000000001,3.8599999999999994,9.75,8.21
15,-3.1400000000000006,-12.14,8.69,9.2
15,5.859999999999999,-5.140000000000001,6.7,9.8
15,-3.1400000000000006,-2.1400000000000006,8.72,5.94
16,-13.14,-5.140000000000001,8.15,9.78
16,-4.140000000000001,-13.14,8.39,9.47
16,-4.140000000000001,-3.1400000000000006,9.08,8.69
16,5.859999999999999,-5.140000000000001,6.59,9.89
16,-5.140000000000001,5.859999999999999,9.41,6.92
17,-13.14,-5.140000000000001,8.23,9.56
17,-4.140000000000001,-12.14,9.45,8.3
17,-4.140000000000001,-3.1400000000000006,8.82,8.89
17,4.859999999999999,-3.1400000000000006,7.93,8.68
17,-5.140000000000001,5.859999999999999,9.33,6.96
18,-13.14,-5.140000000000001,8.53,9.15
18,-4.140000000000001,-13.14,8.09,9.63
18,-4.140000000000001,-3.1400000000000006,9.2,8.38
18,-5.140000000000001,5.859999999999999,9.61,6.74
18,5.859999999999999,-5.140000000000001,6.78,9.54
19,-13.14,-5.140000000000001,9.7,7.94
19,-7.140000000000001,2.8599999999999994,9.05,8.5
19,-3.1400000000000006,-12.14,8.78,8.75
19,2.8599999999999994,-3.1400000000000006,9.97,7.7
19,-3.1400000000000006,-3.1400000000000006,5.53,5.94
19,2.8599999999999994,4.859999999999999,5.51,5.84
20,-13.14,-5.140000000000001,8.1,9.45
20,-4.140000000000001,-12.14,9.48,8.07
20,-5.140000000000001,4.859999999999999,9.72,7.87
20,-4.140000000000001,-3.1400000000000006,9.79,7.65
20,5.859999999999999,-5.140000000000001,6.83,9.46
21,-13.14,-5.140000000000001,8.74,8.75
21,-5.140000000000001,3.8599999999999994,8.79,8.67
21,-4.140000000000001,-13.14,8.48,8.95
21,3.8599999999999994,-4.140000000000001,8.43,9.0
21,-4.140000000000001,-4.140000000000001,7.98,7.67
22,-13.14,-5.140000000000001,8.85,8.55
22,-4.140000000000001,-13.14,8.16,9.27
22,-5.140000000000001,3.8599999999999994,9.06,8.32
22,4.859999999999999,-5.140000000000001,7.85,9.51
22,-4.140000000000001,-3.1400000000000006,8.77,6.91
23,-13.14,-5.140000000000001,9.16,8.22
23,-3.1400000000000006,-12.14,8.12,9.25
23,-5.140000000000001,3.8599999999999994,9.36,8.01
23,5.859999999999999,-5.140000000000001,6.6,9.76
23,-3.1400000000000006,-2.1400000000000006,8.68,5.89
24,-13.14,-5.140000000000001,8.53,8.78
24,-5.140000000000001,3.8599999999999994,9.14,8.18
24,-5.140000000000001,-13.14,9.52,7.84
24,-4.140000000000001,-5.140000000000001,9.67,7.71
24,5.859999999999999,-5.140000000000001,6.52,9.86
25,-13.14,-5.140000000000001,9.65,7.72
25,-7.140000000000001,2.8599999999999994,8.75,8.51
25,-5.140000000000001,-13.14,9.47,7.85
25,1.8599999999999994,-5.140000000000001,8.85,8.34
25,1.8599999999999994,3.8599999999999994,7.93,5.81
26,-13.14,-5.140000000000001,7.38,9.99
26,-5.140000000000001,-13.14,9.22,7.99
26,-5.140000000000001,-5.140000000000001,9.55,7.71
26,-5.140000000000001,2.8599999999999994,8.5,8.66
26,4.859999999999999,-5.140000000000001,7.54,9.75
27,-13.14,-5.140000000000001,7.85,9.35
27,-5.140000000000001,-13.14,9.94,7.38
27,-5.140000000000001,-5.140000000000001,8.23,8.89
27,-5.140000000000001,3.8599999999999994,9.32,7.82
27,4.859999999999999,-5.140000000000001,7.53,9.66
28,-13.14,-5.140000000000001,7.32,9.93
28,-5.140000000000001,-13.14,7.49,9.68
28,-5.140000000000001,-3.1400000000000006,8.1,8.92
28,3.8599999999999994,-5.140000000000001,8.36,8.64
28,-5.140000000000001,5.859999999999999,9.74,6.58
29,-13.14,-5.140000000000001,9.54,7.55
29,-7.140000000000001,2.8599999999999994,8.1,8.88
29,-3.1400000000000006,-12.14,8.33,8.6
29,1.8599999999999994,-3.1400000000000006,7.32,9.76
30,-13.14,-5.140000000000001,8.32,8.57
30,-4.140000000000001,-13.14,7.26,9.82
30,-5.140000000000001,3.8599999999999994,8.26,8.63
30,3.8599999999999994,-7.140000000000001,7.75,9.19
30,-4.140000000000001,-3.1400000000000006,7.82,6.86
30,3.8599999999999994,2.8599999999999994,5.89,6.65
31,-13.14,-5.140000000000001,8.57,8.31
31,-4.140000000000001,-13.14,7.34,9.7
31,-7.140000000000001,3.8599999999999994,9.98,7.13
31,2.8599999999999994,-3.1400000000000006,9.94,7.15
31,-4.140000000000001,-3.1400000000000006,6.69,6.81
31,2.8599999999999994,4.859999999999999,5.68,5.63
31,3.8599999999999994,-9.14,5.75,5.42
32,-13.14,-5.140000000000001,8.61,8.2
32,-5.140000000000001,3.8599999999999994,8.25,8.52
32,-4.140000000000001,-13.14,7.24,9.66
32,3.8599999999999994,-5.140000000000001,8.63,8.1
32,-4.140000000000001,-3.1400000000000006,7.73,6.9
32,3.8599999999999994,3.8599999999999994,5.9,5.23
33,-13.14,-5.140000000000001,9.06,7.71
33,-7.140000000000001,2.8599999999999994,8.35,8.34
33,-3.1400000000000006,-12.14,8.37,8.31
33,1.8599999999999994,-3.1400000000000006,7.17,9.7
34,-13.14,-5.140000000000001,7.0,9.93
34,-5.140000000000001,-13.14,7.63,9.11
34,-5.140000000000001,-3.1400000000000006,9.08,7.65
34,4.859999999999999,-5.140000000000001,7.08,9.79
34,-5.140000000000001,4.859999999999999,9.19,7.54
35,-13.14,-5.140000000000001,8.09,8.55
35,-5.140000000000001,3.8599999999999994,8.55,8.09
35,-4.140000000000001,-13.14,7.41,9.3
35,3.8599999999999994,-5.140000000000001,8.56,8.02
35,-4.140000000000001,-3.1400000000000006,7.85,6.79
35,3.8599999999999994,3.8599999999999994,5.2,5.93
36,-13.14,-5.140000000000001,8.58,8.0
36,-7.140000000000001,3.8599999999999994,8.8,7.8
36,-4.140000000000001,-13.14,7.87,8.68
36,-4.140000000000001,-4.140000000000001,8.95,7.61
36,4.859999999999999,-5.140000000000001,7.46,9.12
36,1.8599999999999994,4.859999999999999,6.88,5.69
37,-13.14,-5.140000000000001,8.77,7.74
37,-7.140000000000001,2.8599999999999994,7.56,8.96
37,-5.140000000000001,-13.14,9.38,7.22
37,-4.140000000000001,-5.140000000000001,9.62,7.03
37,5.859999999999999,-5.140000000000001,6.51,9.84
37,0.8599999999999994,4.859999999999999,7.77,5.89
38,-13.14,-5.140000000000001,7.8,8.66
38,-7.140000000000001,3.8599999999999994,8.75,7.67
38,-5.140000000000001,-13.14,7.09,9.46
38,1.8599999999999994,-3.1400000000000006,7.71,8.66
38,-5.140000000000001,-3.1400000000000006,6.55,6.93
38,2.8599999999999994,-9.14,6.96,5.5
39,-13.14,-5.140000000000001,8.1,8.24
39,-4.140000000000001,-13.14,7.14,9.33
39,-5.140000000000001,3.8599999999999994,8.27,8.03
39,3.8599999999999994,-7.140000000000001,7.65,8.59
39,-4.140000000000001,-3.1400000000000006,7.94,6.7
39,3.8599999999999994,1.8599999999999994,6.45,6.99
40,-13.14,-5.140000000000001,7.83,8.39
40,-5.140000000000001,-13.14,8.18,8.02
40,-7.140000000000001,3.8599999999999994,8.74,7.5
40,1.8599999999999994,-4.140000000000001,8.01,8.17
40,-5.140000000000001,-4.140000000000001,6.75,7.85
40,1.8599999999999994,4.859999999999999,6.39,5.96
41,-13.14,-5.140000000000001,7.62,8.58
41,-7.140000000000001,3.8599999999999994,8.24,7.91
41,-5.140000000000001,-13.14,7.22,9.02
41,1.8599999999999994,-3.1400000000000006,8.8,7.4
41,-5.140000000000001,-3.1400000000000006,6.55,6.83
41,2.8599999999999994,-10.14,5.97,6.25
41,1.8599999999999994,4.859999999999999,6.43,5.78
42,-13.14,-5.140000000000001,8.77,7.42
42,-8.14,2.8599999999999994,8.33,7.78
42,-5.140000000000001,-13.14,8.37,7.74
42,0.8599999999999994,-5.140000000000001,7.55,8.52
42,0.8599999999999994,3.8599999999999994,7.78,6.68
43,-13.14,-5.140000000000001,7.21,8.9
43,-5.140000000000001,-13.14,7.09,9.02
43,-7.140000000000001,3.8599999999999994,8.37,7.63
43,1.8599999999999994,-3.1400000000000006,6.88,9.27
43,-5.140000000000001,-3.1400000000000006,6.79,6.58
43,2.8599999999999994,-10.14,5.38,6.89
44,-13.14,-5.140000000000001,9.43,6.76
44,-7.140000000000001,1.8599999999999994,6.67,9.54
44,-3.1400000000000006,-13.14,6.46,9.82
44,-0.14000000000000057,-3.1400000000000006,6.81,9.29
44,6.859999999999999,-5.140000000000001,5.95,9.31
44,-0.14000000000000057,6.859999999999999,5.2,5.92
45,-13.14,-5.140000000000001,9.27,6.82
45,-9.14,1.8599999999999994,8.61,7.34
45,-5.140000000000001,-13.14,8.12,7.78
45,-3.1400000000000006,-5.140000000000001,9.87,6.4
45,-0.14000000000000057,1.8599999999999994,9.33,6.76
45,6.859999999999999,-5.140000000000001,5.41,6.85
46,-13.14,-5.140000000000001,8.77,7.18
46,-7.140000000000001,2.8599999999999994,7.57,8.31
46,-5.140000000000001,-13.14,8.31,7.57
46,0.8599999999999994,-5.140000000000001,7.35,8.52
46,0.8599999999999994,3.8599999999999994,7.52,6.9
47,-13.14,-5.140000000000001,6.25,9.99
47,-7.140000000000001,-12.14,9.7,6.42
47,-6.140000000000001,-5.140000000000001,7.5,8.28
47,-5.140000000000001,3.8599999999999994,7.48,8.28
47,2.8599999999999994,-9.14,6.63,9.32
47,2.8599999999999994,0.8599999999999994,7.86,7.73
48,-13.14,-5.140000000000001,7.65,8.07
48,-5.140000000000001,-13.14,6.59,9.36
48,-5.140000000000001,-3.1400000000000006,7.59,8.11
48,2.8599999999999994,-7.140000000000001,8.02,7.66
48,-5.140000000000001,5.859999999999999,9.41,6.49
48,4.859999999999999,0.8599999999999994,5.67,7.91
49,-13.14,-5.140000000000001,8.22,7.47
49,-7.140000000000001,2.8599999999999994,7.59,8.09
49,-5.140000000000001,-13.14,8.66,7.06
49,0.8599999999999994,-5.140000000000001,6.26,9.75
49,0.8599999999999994,4.859999999999999,7.54,5.93
50,-13.14,-5.140000000000001,7.6,8.01
50,-8.14,3.8599999999999994,9.25,6.58
50,-7.140000000000001,-12.14,9.15,6.64
50,1.8599999999999994,-5.140000000000001,6.71,9.04
50,-5.140000000000001,-5.140000000000001,6.94,8.7
50,1.8599999999999994,4.859999999999999,6.37,5.8
51,-13.14,-5.140000000000001,6.61,9.17
51,-6.140000000000001,-12.14,6.3,9.61
51,-6.140000000000001,-2.1400000000000006,7.79,7.77
51,-5.140000000000001,5.859999999999999,8.89,6.79
51,1.8599999999999994,-9.14,7.53,8.0
51,3.8599999999999994,-0.14000000000000057,6.87,8.72
52,-13.14,-5.140000000000001,8.32,7.21
52,-7.140000000000001,2.8599999999999994,7.48,8.0
52,-5.140000000000001,-13.14,8.25,7.25
52,-4.140000000000001,-5.140000000000001,7.72,7.74
52,3.8599999999999994,-8.14,6.43,9.24
52,0.8599999999999994,2.8599999999999994,7.46,7.96
53,-13.14,-5.140000000000001,9.14,6.47
53,-10.14,1.8599999999999994,8.57,6.9
53,-3.1400000000000006,-13.14,6.71,8.8
53,-1.1400000000000006,-4.140000000000001,7.85,7.51
53,-1.1400000000000006,3.8599999999999994,7.39,7.95
53,6.859999999999999,-5.140000000000001,5.84,9.48
54,-13.14,-5.140000000000001,6.94,8.45
54,-7.140000000000001,3.8599999999999994,8.15,7.19
54,-6.140000000000001,-12.14,7.73,7.56
54,1.8599999999999994,-10.14,6.81,8.57
54,1.8599999999999994,-1.1400000000000006,6.11,9.54
54,-6.140000000000001,-4.140000000000001,7.58,7.57
55,-13.14,-5.140000000000001,6.24,9.34
55,-6.140000000000001,-12.14,6.17,9.43
55,-6.140000000000001,-2.1400000000000006,6.81,8.52
55,0.8599999999999994,-11.14,6.65,8.7
55,0.8599999999999994,-2.1400000000000006,7.07,8.18
55,-5.140000000000001,6.859999999999999,9.55,5.79
56,-13.14,-5.140000000000001,8.92,6.45
56,-7.140000000000001,1.8599999999999994,6.14,9.35
56,-4.140000000000001,-13.14,6.56,8.72
56,-0.14000000000000057,-4.140000000000001,7.2,7.92
56,-0.14000000000000057,3.8599999999999994,8.23,6.91
56,2.8599999999999994,-10.14,5.58,5.51
57,-13.14,-5.140000000000001,7.63,7.47
57,-5.140000000000001,-13.14,6.1,9.33
57,-9.14,2.8599999999999994,8.5,6.68
57,-0.14000000000000057,-3.1400000000000006,6.67,8.51
57,6.859999999999999,-5.140000000000001,5.89,9.36
57,-0.14000000000000057,5.859999999999999,5.46,6.74
57,1.8599999999999994,-11.14,5.53,5.47
58,-13.14,-5.140000000000001,7.71,7.35
58,-9.14,2.8599999999999994,8.75,6.47
58,-5.140000000000001,-13.14,6.7,8.44
58,-5.140000000000001,-4.140000000000001,8.75,6.46
58,-0.14000000000000057,2.8599999999999994,8.13,6.95
58,3.8599999999999994,-5.140000000000001,8.34,6.77
58,1.8599999999999994,-11.14,5.51,5.38
59,-13.14,-5.140000000000001,9.0,6.27
59,-10.14,1.8599999999999994,8.41,6.69
59,-3.1400000000000006,-13.14,6.27,8.96
59,-1.1400000000000006,-4.140000000000001,8.22,6.82
59,-1.1400000000000006,2.8599999999999994,6.21,9.01
60,-13.14,-5.140000000000001,8.42,6.64
60,-10.14,1.8599999999999994,8.73,6.39
60,-4.140000000000001,-13.14,6.46,8.62
60,-1.1400000000000006,-4.140000000000001,6.72,8.27
60,5.859999999999999,-5.140000000000001,6.0,9.26
60,-1.1400000000000006,4.859999999999999,9.81,5.61
61,-13.14,-5.140000000000001,9.01,6.15
61,-8.14,1.8599999999999994,6.56,8.43
61,-3.1400000000000006,-13.14,6.7,8.22
61,-1.1400000000000006,-4.140000000000001,8.9,6.18
61,-1.1400000000000006,2.8599999999999994,9.91,5.55
62,-13.14,-5.140000000000001,6.34,8.66
62,-9.14,3.8599999999999994,9.17,5.96
62,-8.14,-11.14,9.86,5.53
62,-6.140000000000001,-5.140000000000001,9.08,5.99
62,0.8599999999999994,0.8599999999999994,6.18,8.79
62,3.8599999999999994,-8.14,6.67,8.14
63,-13.14,-5.140000000000001,6.43,8.44
63,-6.140000000000001,-12.14,6.5,8.33
63,-6.140000000000001,-3.1400000000000006,6.37,8.49
63,0.8599999999999994,-11.14,6.33,8.53
63,0.8599999999999994,-2.1400000000000006,7.25,7.44
63,-5.140000000000001,5.859999999999999,8.9,6.06
64,-13.14,-5.140000000000001,9.38,5.74
64,-12.14,0.8599999999999994,9.11,5.91
64,-7.140000000000001,-12.14,8.29,6.48
64,-5.140000000000001,6.859999999999999,9.96,5.39
64,-3.1400000000000006,-5.140000000000001,9.21,5.81
64,-2.1400000000000006,0.8599999999999994,9.92,5.39
64,1.8599999999999994,-11.14,5.42,5.36
64,6.859999999999999,-5.140000000000001,5.1,5.48
65,-13.14,-5.140000000000001,7.35,7.27
65,-10.14,2.8599999999999994,9.29,5.75
65,-7.140000000000001,-12.14,8.57,6.21
65,-5.140000000000001,-5.140000000000001,8.46,6.28
65,-0.14000000000000057,1.8599999999999994,9.74,5.45
65,3.8599999999999994,-5.140000000000001,8.19,6.48
65,1.8599999999999994,-11.14,5.31,5.2
66,-13.14,-5.140000000000001,6.0,8.84
66,-8.14,3.8599999999999994,8.17,6.49
66,-6.140000000000001,-12.14,5.74,9.2
66,-0.14000000000000057,-11.14,7.27,7.26
66,-0.14000000000000057,-3.1400000000000006,8.19,6.44
66,0.8599999999999994,3.8599999999999994,7.42,6.96
66,-6.140000000000001,-2.1400000000000006,5.4,5.11
67,-13.14,-5.140000000000001,5.67,9.29
67,-8.14,-11.14,9.87,5.33
67,-7.140000000000001,-5.140000000000001,8.24,6.38
67,-7.140000000000001,1.8599999999999994,5.4,9.7
67,-1.1400000000000006,1.8599999999999994,5.69,9.2
67,1.8599999999999994,-11.14,5.62,9.3
67,4.859999999999999,-1.1400000000000006,5.75,9.07
68,-13.14,-5.140000000000001,6.02,8.68
68,-6.140000000000001,-12.14,6.03,8.66
68,-6.140000000000001,-3.1400000000000006,6.3,8.27
68,-7.140000000000001,5.859999999999999,9.22,5.65
68,0.8599999999999994,-12.14,5.46,9.54
68,0.8599999999999994,-2.1400000000000006,8.48,6.14
68,2.8599999999999994,4.859999999999999,5.29,5.2
69,-13.14,-5.140000000000001,7.2,7.23
69,-5.140000000000001,-13.14,5.27,9.86
69,-5.140000000000001,-3.1400000000000006,5.31,9.77
69,0.8599999999999994,-11.14,6.38,8.12
69,0.8599999999999994,-2.1400000000000006,7.19,7.19
69,-5.140000000000001,6.859999999999999,9.47,5.42
70,-13.14,-5.140000000000001,7.93,6.5
70,-11.14,1.8599999999999994,9.81,5.23
70,-5.140000000000001,-13.14,6.33,8.1
70,-1.1400000000000006,-4.140000000000001,5.6,9.15
70,4.859999999999999,-7.140000000000001,6.02,8.5
70,-1.1400000000000006,5.859999999999999,7.44,5.99
71,-13.14,-5.140000000000001,9.08,5.63
71,-9.14,0.8599999999999994,6.15,8.31
71,-7.140000000000001,-12.14,8.35,6.1
71,-3.1400000000000006,-5.140000000000001,9.43,5.39
71,-2.1400000000000006,0.8599999999999994,6.29,8.07
71,6.859999999999999,-5.140000000000001,5.46,9.26
71,1.8599999999999994,-11.14,5.36,5.12
72,-13.14,-5.140000000000001,7.65,6.63
72,-9.14,1.8599999999999994,6.75,7.5
72,-5.140000000000001,-13.14,5.94,8.51
72,-5.140000000000001,-4.140000000000001,9.28,5.44
72,-2.1400000000000006,1.8599999999999994,6.36,7.93
72,4.859999999999999,-7.140000000000001,6.51,7.74
72,4.859999999999999,0.8599999999999994,5.86,7.58
73,-13.14,-5.140000000000001,7.36,6.84
73,-10.14,1.8599999999999994,8.26,6.08
73,-7.140000000000001,-12.14,7.66,6.55
73,-5.140000000000001,-5.140000000000001,9.99,5.02
73,-1.1400000000000006,0.8599999999999994,5.81,8.6
73,4.859999999999999,-8.14,5.06,9.86
73,4.859999999999999,1.8599999999999994,5.65,6.5
74,-13.14,-5.140000000000001,7.28,6.85
74,-9.14,1.8599999999999994,6.24,7.98
74,-5.140000000000001,-13.14,5.35,9.3
74,-2.1400000000000006,-3.1400000000000006,8.78,5.66
74,-2.1400000000000006,2.8599999999999994,8.02,6.19
74,0.8599999999999994,-9.14,8.97,5.53
74,6.859999999999999,-3.1400000000000006,5.59,8.82
75,-13.14,-5.140000000000001,7.07,7.02
75,-9.14,2.8599999999999994,8.14,6.09
75,-5.140000000000001,-13.14,5.02,9.87
75,-5.140000000000001,-3.1400000000000006,9.01,5.48
75,-0.14000000000000057,2.8599999999999994,6.76,7.28
75,4.859999999999999,-8.14,5.13,9.59
76,-13.14,-5.140000000000001,5.66,8.68
76,-7.140000000000001,-12.14,5.03,9.76
76,-9.14,3.8599999999999994,8.48,5.78
76,-7.140000000000001,-2.1400000000000006,8.3,5.9
76,-1.1400000000000006,-10.14,9.47,5.17
76,-0.14000000000000057,3.8599999999999994,8.06,6.07
76,1.8599999999999994,-4.140000000000001,7.74,6.32
77,-13.14,-5.140000000000001,7.49,6.5
77,-8.14,1.8599999999999994,5.77,8.43
77,-7.140000000000001,-12.14,7.09,6.86
77,-5.140000000000001,-5.140000000000001,8.38,5.8
77,-2.1400000000000006,0.8599999999999994,9.35,5.19
77,3.8599999999999994,-7.140000000000001,7.22,6.72
77,-2.1400000000000006,6.859999999999999,7.8,5.69
78,-13.14,-5.140000000000001,5.42,8.95
78,-8.14,3.8599999999999994,7.16,6.77
78,-7.140000000000001,-12.14,5.59,8.67
78,-1.1400000000000006,-13.14,5.9,8.2
78,-1.1400000000000006,-4.140000000000001,6.22,7.75
78,-0.14000000000000057,3.8599999999999994,7.87,6.11
78,5.859999999999999,-7.140000000000001,5.65,8.48
78,-7.140000000000001,-3.1400000000000006,5.7,6.42
79,-13.14,-5.140000000000001,7.19,6.66
79,-10.14,1.8599999999999994,7.03,6.8
79,-5.140000000000001,-13.14,6.38,7.49
79,-2.1400000000000006,-5.140000000000001,5.38,8.84
79,-2.1400000000000006,3.8599999999999994,7.16,6.64
79,3.8599999999999994,-9.14,5.07,9.35
79,5.859999999999999,0.8599999999999994,5.1,5.34
80,-13.14,-5.140000000000001,7.15,6.63
80,-9.14,1.8599999999999994,6.46,7.33
80,-8.14,-11.14,9.04,5.22
80,-5.140000000000001,-5.140000000000001,7.35,6.4
80,-2.1400000000000006,1.8599999999999994,7.17,6.56
80,2.8599999999999994,-10.14,5.06,9.28
80,5.859999999999999,-0.14000000000000057,5.32,6.86
81,-13.14,-5.140000000000001,5.09,9.22
81,-7.140000000000001,-12.14,7.58,6.16
81,-8.14,4.859999999999999,8.64,5.39
81,-7.140000000000001,-5.140000000000001,7.21,6.45
81,0.8599999999999994,-12.14,5.29,8.78
81,0.8599999999999994,-3.1400000000000006,9.06,5.12
81,0.8599999999999994,2.8599999999999994,6.28,7.38
82,-13.14,-5.140000000000001,6.39,7.25
82,-6.140000000000001,-12.14,5.13,9.03
82,-10.14,2.8599999999999994,8.75,5.29
82,-1.1400000000000006,-2.1400000000000006,8.19,5.65
82,-1.1400000000000006,3.8599999999999994,8.91,5.19
82,-0.14000000000000057,-10.14,8.95,5.16
83,-13.14,-5.140000000000001,8.98,5.12
83,-10.14,0.8599999999999994,6.19,7.42
83,-7.140000000000001,-12.14,7.57,6.05
83,-3.1400000000000006,-5.140000000000001,6.3,7.25
83,-3.1400000000000006,2.8599999999999994,8.38,5.45
83,3.8599999999999994,-5.140000000000001,8.35,5.43
83,0.8599999999999994,-11.14,6.39,5.71
83,5.859999999999999,0.8599999999999994,5.18,5.19
84,-13.14,-5.140000000000001,6.05,7.46
84,-10.14,2.8599999999999994,8.29,5.44
84,-6.140000000000001,-12.14,5.46,8.25
84,-1.1400000000000006,-3.1400000000000006,5.16,8.71
84,-0.14000000000000057,-12.14,5.09,8.81
84,4.859999999999999,-3.1400000000000006,5.15,8.68
84,-1.1400000000000006,5.859999999999999,7.69,5.77
85,-13.14,-5.140000000000001,6.36,7.01
85,-8.14,2.8599999999999994,6.2,7.19
85,-7.140000000000001,-12.14,7.29,6.11
85,-6.140000000000001,-5.140000000000001,6.13,7.23
85,-1.1400000000000006,2.8599999999999994,5.18,8.55
85,0.8599999999999994,-11.14,6.03,7.34
85,0.8599999999999994,-3.1400000000000006,8.18,5.41
85,4.859999999999999,2.8599999999999994,5.08,5.26
86,-13.14,-5.140000000000001,8.69,5.09
86,-10.14,0.8599999999999994,6.02,7.32
86,-5.140000000000001,-13.14,5.62,7.82
86,-4.140000000000001,-5.140000000000001,7.89,5.57
86,-3.1400000000000006,0.8599999999999994,5.31,8.27
86,2.8599999999999994,0.8599999999999994,5.4,8.12
86,3.8599999999999994,-8.14,6.61,6.62
87,-13.14,-5.140000000000001,5.72,7.61
87,-7.140000000000001,-12.14,5.12,8.5
87,-7.140000000000001,-3.1400000000000006,5.08,8.54
87,-7.140000000000001,5.859999999999999,7.26,5.97
87,-1.1400000000000006,-13.14,5.48,7.9
87,-1.1400000000000006,-5.140000000000001,5.94,7.24
87,0.8599999999999994,2.8599999999999994,6.53,6.58
87,4.859999999999999,-7.140000000000001,6.75,6.36
88,-13.14,-5.140000000000001,5.81,7.37
88,-10.14,2.8599999999999994,8.11,5.27
88,-7.140000000000001,-12.14,6.47,6.59
88,-7.140000000000001,-5.140000000000001,6.88,6.19
88,-1.1400000000000006,1.8599999999999994,7.98,5.33
88,-0.14000000000000057,-11.14,7.1,5.97
88,6.859999999999999,-5.140000000000001,5.42,7.8
88,-0.14000000000000057,-5.140000000000001,6.68,6.29
89,-13.14,-5.140000000000001,5.25,8.03
89,-9.14,3.8599999999999994,8.11,5.19
89,-8.14,-11.14,7.69,5.47
89,-7.140000000000001,-5.140000000000001,8.28,5.08
89,-0.14000000000000057,-11.14,7.55,5.57
89,-0.14000000000000057,0.8599999999999994,5.69,7.39
89,1.8599999999999994,-5.140000000000001,8.16,5.14
89,5.859999999999999,0.8599999999999994,5.13,5.07
90,-13.14,-5.140000000000001,6.36,6.57
90,-11.14,1.8599999999999994,7.99,5.22
90,-8.14,-11.14,7.55,5.52
90,-6.140000000000001,-5.140000000000001,6.64,6.25
90,-3.1400000000000006,1.8599999999999994,5.17,8.02
90,0.8599999999999994,-12.14,5.85,7.08
90,2.8599999999999994,-4.140000000000001,6.34,6.53
90,2.8599999999999994,2.8599999999999994,6.16,6.69
91,-13.14,-5.140000000000001,6.55,6.27
91,-11.14,1.8599999999999994,7.95,5.16
91,-8.14,-11.14,7.63,5.36
91,-6.140000000000001,-5.140000000000001,6.37,6.41
91,-3.1400000000000006,1.8599999999999994,5.04,8.1
91,-0.14000000000000057,-12.14,6.56,6.2
91,0.8599999999999994,-5.140000000000001,6.6,6.16
91,2.8599999999999994,1.8599999999999994,6.09,6.67
92,-13.14,-5.140000000000001,8.08,5.02
92,-12.14,0.8599999999999994,7.81,5.19
92,-8.14,-11.14,7.16,5.64
92,-4.140000000000001,-5.140000000000001,6.7,6.0
92,-4.140000000000001,1.8599999999999994,6.12,6.5
92,2.8599999999999994,-10.14,5.47,7.27
92,2.8599999999999994,-2.1400000000000006,7.66,5.18
92,2.8599999999999994,3.8599999999999994,5.48,6.61
93,-13.14,-5.140000000000001,5.21,7.56
93,-10.14,2.8599999999999994,7.32,5.35
93,-8.14,-11.14,7.69,5.09
93,-7.140000000000001,-5.140000000000001,6.38,6.13
93,-2.1400000000000006,1.8599999999999994,5.18,7.55
93,-0.14000000000000057,-11.14,7.7,5.07
93,-0.14000000000000057,-5.140000000000001,6.19,6.3
93,3.8599999999999994,1.8599999999999994,5.01,7.75
93,6.859999999999999,-5.140000000000001,5.39,6.71
94,-13.14,-5.140000000000001,6.07,6.35
94,-9.14,1.8599999999999994,5.45,7.07
94,-8.14,-11.14,7.37,5.2
94,-6.140000000000001,-5.140000000000001,6.25,6.12
94,-3.1400000000000006,1.8599999999999994,5.19,7.29
94,0.8599999999999994,-12.14,5.19,7.21
94,2.8599999999999994,-4.140000000000001,5.18,7.19
94,2.8599999999999994,3.8599999999999994,6.76,5.35
95,-13.14,-5.140000000000001,5.01,7.43
95,-10.14,2.8599999999999994,7.24,5.06
95,-8.14,-11.14,7.27,5.03
95,-7.140000000000001,-5.140000000000001,6.49,5.57
95,-2.1400000000000006,0.8599999999999994,6.55,5.49
95,-2.1400000000000006,6.859999999999999,7.07,5.08
95,-0.14000000000000057,-12.14,6.07,5.91
95,-0.14000000000000057,-6.140000000000001,5.3,6.73
95,4.859999999999999,0.8599999999999994,6.18,5.77
95,5.859999999999999,-6.140000000000001,5.45,6.54
96,-13.14,-5.140000000000001,5.03,7.08
96,-9.14,2.8599999999999994,5.31,6.69
96,-8.14,-11.14,6.61,5.35
96,-7.140000000000001,-5.140000000000001,5.55,6.35
96,-3.1400000000000006,1.8599999999999994,6.83,5.15
96,-1.1400000000000006,-13.14,5.03,6.97
96,-1.1400000000000006,-6.140000000000001,5.63,6.2
96,3.8599999999999994,0.8599999999999994,6.4,5.44
96,4.859999999999999,-8.14,5.19,6.7
97,-13.14,-5.140000000000001,5.36,6.46
97,-10.14,1.8599999999999994,5.31,6.5
97,-8.14,-11.14,6.34,5.43
97,-7.140000000000001,-5.140000000000001,5.57,6.16
97,-4.140000000000001,1.8599999999999994,6.27,5.47
97,-1.1400000000000006,-13.14,5.21,6.57
97,-1.1400000000000006,-6.140000000000001,6.6,5.15
97,2.8599999999999994,-0.14000000000000057,6.07,5.59
97,5.859999999999999,-7.140000000000001,5.43,6.13
98,-13.14,-5.140000000000001,6.03,5.36
98,-12.14,0.8599999999999994,6.2,5.13
98,-8.14,-11.14,6.26,5.08
98,-5.140000000000001,-5.140000000000001,5.28,6.01
98,-5.140000000000001,1.8599999999999994,5.2,6.0
98,-1.1400000000000006,-12.14,6.0,5.15
