Instance: s150
Bin radius: 15.56
Rho: 1/2
Rotate enable: false
Packed item area: 703.2314000000003
Packed item count: 111
X coordinate of lower left corner,Y coordinate of lower left corner,Item's width,Item's height
-1.515,-15.4860703537082,3.03,3.03
-3.7850000000000006,-15.092626510982111,2.27,2.27
-7.595000000000001,-13.580485079701681,3.81,3.81
-11.135000000000002,-10.86854981126737,3.54,3.54
-13.465000000000002,-7.797908373403728,2.33,2.33
-14.995000000000001,-4.154945848022571,1.53,1.53
-14.585,-5.274945848022571,1.12,1.12
-12.535000000000002,-9.197908373403727,1.4,1.4
-9.135000000000002,-12.40854981126737,1.54,1.54
-4.785,-14.580485079701681,1.0,1.0
1.5150000000000001,-14.943941079915968,2.82,2.82
4.335000000000001,-13.233267737033056,3.85,3.85
4.335,-14.483267737033056,1.25,1.25
8.185000000000002,-11.42341345658118,2.38,2.38
8.185,-12.49341345658118,1.07,1.07
10.565000000000001,-7.586921312363797,3.02,3.02
10.565000000000001,-9.156921312363798,1.57,1.57
10.565000000000001,-10.196921312363799,1.04,1.04
13.585,-1.7167920666172773,1.88,1.88
13.585,-3.296792066617277,1.58,1.58
13.585,-4.496792066617277,1.2,1.2
-3.7850000000000006,-12.822626510982111,2.2,2.2
-1.5850000000000004,-12.456070353708201,3.1,3.1
1.5149999999999997,-12.123941079915967,2.77,2.77
-3.7450000000000006,-10.622626510982112,2.16,2.16
-7.5950000000000015,-9.77048507970168,3.75,3.75
4.3850000000000025,-9.383267737033057,3.8,3.8
-1.5850000000000004,-9.356070353708201,3.02,3.02
1.4550000000000014,-9.353941079915968,2.93,2.93
8.205000000000002,-9.043413456581181,2.36,2.36
-3.8450000000000015,-8.462626510982112,2.18,2.18
-11.135000000000002,-7.3285498112673695,3.51,3.51
8.205000000000002,-6.683413456581182,2.36,2.36
1.4950000000000014,-6.423941079915968,2.89,2.89
-1.6549999999999985,-6.336070353708202,3.15,3.15
-3.7949999999999986,-6.282626510982112,2.14,2.14
-7.625000000000002,-6.020485079701681,3.79,3.79
4.385000000000002,-5.583267737033057,3.62,3.62
-13.465000000000002,-5.467908373403728,2.33,2.33
10.585000000000003,-4.566921312363798,3.0,3.0
8.035000000000004,-4.323413456581182,2.55,2.55
-3.8350000000000017,-4.142626510982112,2.18,2.18
-11.135000000000002,-3.8185498112673697,3.51,3.51
1.5550000000000015,-3.533941079915968,2.83,2.83
-1.5849999999999986,-3.186070353708202,3.14,3.14
-13.415000000000001,-3.137908373403728,2.28,2.28
-15.335,-2.6249458480225707,1.92,1.92
-7.625000000000002,-2.2304850797016806,3.69,3.69
4.385000000000002,-1.963267737033057,3.6,3.6
-3.935000000000002,-1.9626265109821115,2.32,2.32
7.985000000000001,-1.7734134565811823,2.59,2.59
10.575000000000001,-1.5669213123637977,2.76,2.76
-13.225000000000001,-0.857908373403728,2.09,2.09
-15.255,-0.7049458480225708,2.03,2.03
1.7050000000000014,-0.703941079915968,2.68,2.68
-11.085,-0.3085498112673699,3.46,3.46
-1.5949999999999984,-0.04607035370820167,3.3,3.3
13.335,0.16320793338272255,1.94,1.94
-3.935000000000002,0.35737348901788835,2.34,2.34
7.985000000000001,0.8165865434188175,2.51,2.51
10.495000000000001,1.193078687636202,2.69,2.69
-13.025,1.2320916265962718,1.94,1.94
-15.025,1.325054151977429,2.0,2.0
-7.625000000000001,1.4595149202983193,3.62,3.62
4.385000000000002,1.6367322629669432,3.6,3.6
1.7250000000000014,1.9760589200840322,2.66,2.66
13.185,2.1032079333827225,1.86,1.86
-4.005000000000001,2.697373489017888,1.89,1.89
-10.965,3.15145018873263,3.34,3.34
-12.795,3.1720916265962718,1.83,1.83
-1.8249999999999984,3.253929646291798,3.55,3.55
-14.595,3.325054151977429,1.8,1.8
7.985000000000001,3.3265865434188173,2.51,2.51
10.495000000000001,3.883078687636202,2.69,2.69
13.185,3.963207933382723,1.37,1.37
-3.504999999999998,4.587373489017888,1.68,1.68
1.7250000000000014,4.636058920084032,2.62,2.62
-12.615,5.002091626596272,1.65,1.65
-7.625,5.079514920298319,4.01,4.01
-14.035,5.125054151977429,1.42,1.42
4.3450000000000015,5.236732262966943,3.31,3.31
7.655000000000001,5.836586543418817,2.46,2.46
-3.615,6.267373489017888,1.76,1.76
-10.895,6.49145018873263,3.27,3.27
10.115000000000002,6.573078687636202,2.45,2.45
-12.395,6.652091626596272,1.5,1.5
-13.434999999999999,6.652091626596272,1.04,1.04
-1.8550000000000002,6.803929646291798,3.5,3.5
1.6449999999999998,7.256058920084032,2.49,2.49
-3.555,8.027373489017888,1.7,1.7
-12.274999999999999,8.152091626596272,1.38,1.38
7.655000000000001,8.296586543418817,2.46,2.46
4.375000000000002,8.546732262966943,3.28,3.28
10.115000000000002,9.023078687636202,1.39,1.39
-7.625,9.089514920298319,3.99,3.99
-3.635,9.727373489017888,1.67,1.67
1.9450000000000016,9.746058920084032,2.43,2.43
-9.095,9.76145018873263,1.47,1.47
-10.655000000000001,9.76145018873263,1.56,1.56
-1.1349999999999985,10.303929646291799,3.08,3.08
7.655000000000001,10.756586543418816,1.57,1.57
-9.045,11.23145018873263,1.42,1.42
-3.5649999999999986,11.397373489017887,2.43,2.43
6.0550000000000015,11.826732262966942,1.6,1.6
4.505000000000002,11.826732262966942,1.55,1.55
1.9450000000000016,12.176058920084031,1.48,1.48
-4.965,13.079514920298319,1.4,1.4
-6.1049999999999995,13.079514920298319,1.14,1.14
-1.1349999999999985,13.383929646291799,1.44,1.44
0.3050000000000015,13.383929646291799,1.52,1.52
1.8250000000000015,13.656058920084032,1.46,1.46
