Instance: s200
Bin radius: 14.21
Rho: 1/3
Rotate enable: false
Packed item area: 581.5571999999997
Packed item count: 118
X coordinate of lower left corner,Y coordinate of lower left corner,Item's width,Item's height
-1.105,-14.166971271235077,2.21,2.21
-3.4750000000000005,-13.778551266370497,2.37,2.37
-6.245000000000001,-12.764171535983055,2.77,2.77
-9.265,-10.774222709782828,3.02,3.02
-12.065000000000001,-7.507321426447652,2.8,2.8
-14.015,-2.34603388722329,1.95,1.95
-13.645000000000001,-3.9260338872232907,1.58,1.58
-13.175,-5.036033887223291,1.11,1.11
-10.865,-9.107321426447653,1.6,1.6
-7.3050000000000015,-11.834222709782829,1.06,1.06
1.105,-14.029934960647537,1.15,1.15
2.2550000000000003,-13.548537743978132,2.03,2.03
4.285,-12.236154420405132,2.94,2.94
7.225,-9.9602146061217,2.91,2.91
7.225,-11.2902146061217,1.33,1.33
10.135,-7.426363511167498,1.98,1.98
10.135,-8.506363511167498,1.08,1.08
12.114999999999998,-2.518705024412357,1.87,1.87
12.115,-3.998705024412357,1.48,1.48
12.115,-5.098705024412357,1.1,1.1
1.2150000000000003,-12.879934960647537,1.04,1.04
-1.1050000000000004,-11.956971271235076,2.3,2.3
1.1949999999999994,-11.839934960647536,1.03,1.03
2.2249999999999996,-11.518537743978133,2.06,2.06
-3.475000000000001,-11.408551266370498,2.37,2.37
1.1949999999999994,-10.809934960647537,1.03,1.03
-6.245000000000001,-9.994171535983055,2.69,2.69
1.2049999999999996,-9.779934960647537,1.02,1.02
-1.0450000000000004,-9.656971271235076,2.25,2.25
2.2249999999999996,-9.458537743978132,1.87,1.87
4.095,-9.296154420405133,3.13,3.13
-3.555000000000001,-9.038551266370497,2.51,2.51
-9.265,-7.7542227097828285,2.78,2.78
1.2149999999999999,-7.588537743978132,2.88,2.88
-0.9750000000000001,-7.406971271235076,2.19,2.19
-6.485000000000001,-7.3041715359830555,2.86,2.86
7.274999999999999,-7.050214606121699,2.86,2.86
-3.6250000000000013,-6.528551266370497,2.63,2.63
4.184999999999999,-6.166154420405133,3.09,3.09
10.144999999999998,-5.4463635111674975,1.97,1.97
-0.9950000000000014,-5.216971271235076,2.14,2.14
-9.265,-4.974222709782829,2.78,2.78
1.154999999999999,-4.708537743978132,3.03,3.03
-12.065000000000001,-4.707321426447653,2.8,2.8
-6.485000000000001,-4.444171535983056,2.78,2.78
7.274999999999999,-4.1902146061217,2.85,2.85
-3.7050000000000014,-3.8985512663704975,2.66,2.66
10.274999999999999,-3.4763635111674978,1.84,1.84
-1.0450000000000013,-3.076971271235076,2.12,2.12
4.184999999999999,-3.0761544204051328,3.09,3.09
-9.235000000000001,-2.1942227097828293,2.75,2.75
-11.785,-1.9073214264476528,2.55,2.55
1.0749999999999988,-1.6785377439781324,3.11,3.11
-6.485000000000001,-1.6641715359830562,2.72,2.72
10.224999999999998,-1.6363635111674977,1.89,1.89
7.494999999999997,-1.3402146061216995,2.73,2.73
-3.765000000000001,-1.2385512663704974,2.7,2.7
-1.0650000000000008,-0.956971271235076,2.09,2.09
12.114999999999998,-0.6487050244123571,1.91,1.91
-14.065,-0.39603388722329025,2.28,2.28
4.184999999999999,0.013845579594867097,3.2,3.2
10.224999999999998,0.2536364888325022,1.77,1.77
-9.095,0.5557772902171707,2.61,2.61
-11.555,0.642678573552347,2.46,2.46
-6.485000000000001,1.055828464016944,2.58,2.58
-1.0650000000000008,1.1330287287649239,2.12,2.12
11.994999999999997,1.2612949755876428,1.7,1.7
7.384999999999999,1.3897853938783005,2.57,2.57
1.0549999999999993,1.4314622560218675,3.1,3.1
-3.905000000000001,1.4614487336295028,2.6,2.6
-13.275,1.8839661127767096,1.72,1.72
9.954999999999998,2.0236364888325022,1.73,1.73
11.684999999999999,2.9612949755876428,1.68,1.68
-11.555,3.102678573552347,2.4,2.4
-9.155,3.1657772902171706,2.43,2.43
4.154999999999999,3.2138455795948673,3.14,3.14
-1.305000000000001,3.253028728764924,2.36,2.36
-13.065,3.6039661127767095,1.51,1.51
-6.725,3.635828464016944,2.55,2.55
10.114999999999998,3.7536364888325022,1.57,1.57
7.295,3.9597853938783003,2.43,2.43
-4.175,4.061448733629502,2.5,2.5
1.0549999999999988,4.531462256021868,3.1,3.1
11.684999999999999,4.641294975587643,1.18,1.18
-12.735,5.113966112776709,1.18,1.18
9.725,5.323636488832502,1.81,1.81
-11.555,5.5026785735523465,2.34,2.34
-9.215,5.595777290217171,2.45,2.45
-1.4650000000000012,5.613028728764924,2.52,2.52
-6.765,6.185828464016944,2.45,2.45
4.154999999999999,6.353845579594868,3.14,3.14
7.295,6.3897853938783005,2.43,2.43
-4.3149999999999995,6.561448733629502,2.33,2.33
9.725,7.133636488832503,1.4,1.4
1.0549999999999988,7.631462256021868,3.1,3.1
-10.535,7.842678573552346,1.32,1.32
-9.215,8.04577729021717,1.78,1.78
-1.975000000000001,8.133028728764923,3.03,3.03
-7.435,8.635828464016944,3.08,3.08
7.295,8.8197853938783,1.62,1.62
8.915,8.8197853938783,1.16,1.16
-4.3549999999999995,8.891448733629502,1.76,1.76
4.154999999999999,9.493845579594868,1.6,1.6
5.754999999999999,9.493845579594868,1.54,1.54
-8.735,9.82577729021717,1.3,1.3
-4.3549999999999995,10.651448733629502,1.53,1.53
1.0549999999999988,10.731462256021867,1.56,1.56
2.614999999999999,10.731462256021867,1.5,1.5
5.754999999999999,11.033845579594868,1.21,1.21
4.264999999999999,11.093845579594868,1.49,1.49
-0.3850000000000011,11.163028728764923,1.44,1.44
-1.865000000000001,11.163028728764923,1.48,1.48
-5.665000000000001,11.715828464016944,1.31,1.31
-3.345000000000002,12.181448733629502,1.48,1.48
2.614999999999999,12.231462256021867,1.36,1.36
1.2749999999999988,12.291462256021868,1.34,1.34
-0.05500000000000127,12.603028728764922,1.33,1.33
-1.2350000000000012,12.643028728764923,1.18,1.18
