Instance: r150
Bin radius: 11.63
Rho: 1/3
Rotate enable: false
Bin num: 4
Lower bound: 4
Opt: true
Gap: 0.0
Bin id,X coordinate of lower left corner,Y coordinate of lower left corner,Item's width,Item's height
1,-1.455,-11.538625351401267,2.91,4.21
1,-5.655,-10.162572262965712,4.2,2.96
1,-8.165,-8.281888371621537,2.51,4.69
1,-10.764999999999999,-4.401326504589276,2.6,1.73
1,-9.725,-5.421326504589276,1.56,1.02
1,-9.334999999999999,-6.551326504589276,1.17,1.13
1,1.4549999999999996,-10.799892360574713,2.86,3.57
1,4.3149999999999995,-10.281910085193317,1.12,1.95
1,5.435,-9.145090212786315,1.75,2.46
1,7.185,-2.374589438197693,4.2,1.29
1,7.185,-3.5045894381976934,3.87,1.13
1,7.185,-4.834589438197693,3.19,1.33
1,7.185,-5.9245894381976925,2.7,1.09
1,7.185,-7.4245894381976925,1.58,1.5
1,4.3149999999999995,-8.331910085193318,1.12,1.48
1,-1.455,-7.328625351401267,2.91,2.04
1,1.455,-7.229892360574713,2.85,1.54
1,-5.654999999999999,-7.202572262965712,4.14,2.38
1,4.305,-6.8519100851933175,1.11,1.6
1,5.415,-6.6850902127863145,1.77,1.98
1,1.545,-5.689892360574713,2.76,4.41
1,-1.455,-5.288625351401267,3.0,3.13
1,4.305,-5.251910085193318,1.11,1.9
1,-5.515,-4.822572262965712,4.06,1.93
1,5.535,-4.705090212786315,1.65,3.56
1,-8.165,-3.591888371621537,2.65,4.79
1,4.315,-3.351910085193318,1.22,1.59
1,-5.514999999999999,-2.8925722629657127,4.06,2.48
1,-11.315,-2.6713265045892762,3.15,4.17
1,-1.4549999999999992,-2.158625351401267,2.99,4.11
1,4.425,-1.7619100851933178,1.11,3.63
1,1.535000000000001,-1.2798923605747126,2.89,4.38
1,5.535,-1.145090212786315,1.52,4.88
1,7.055,-1.084589438197693,4.51,1.94
1,-5.424999999999999,-0.4125722629657127,3.97,4.92
1,7.055,0.8554105618023069,4.12,1.96
1,-8.165,1.198111628378463,2.74,4.02
1,-11.055,1.4986734954107237,2.89,1.86
1,4.465,1.868089914806682,1.07,4.22
1,-1.4549999999999987,1.9513746485987333,2.73,4.88
1,7.055,2.815410561802307,3.59,1.5
1,1.2750000000000012,3.1001076394252873,3.19,3.41
1,-10.454999999999998,3.3586734954107236,2.29,1.65
1,5.535,3.734909787213685,1.48,2.67
1,7.015000000000001,4.315410561802307,2.59,1.51
1,-5.424999999999999,4.507427737034288,3.97,2.89
1,-9.594999999999999,5.008673495410724,1.43,1.34
1,-8.155,5.2181116283784625,2.73,2.05
1,7.015000000000001,5.825410561802307,2.1,1.36
1,4.565,6.404909787213684,2.45,2.27
1,1.2850000000000006,6.5101076394252875,3.28,1.12
1,-1.4449999999999994,6.831374648598733,2.73,4.37
1,-8.024999999999999,7.268111628378462,2.6,1.1
1,-5.354999999999999,7.397427737034288,3.91,2.76
1,1.2850000000000006,7.630107639425288,3.18,2.78
1,-6.624999999999998,8.368111628378463,1.27,1.17
2,-1.68,-11.508018943328171,3.36,1.57
2,-3.3599999999999994,-11.134060355503738,1.68,4.04
2,-7.02,-9.272351373842563,3.66,1.86
2,-9.51,-6.6945350846791465,2.49,3.44
2,-11.459999999999999,-1.981236987338983,1.95,1.65
2,-11.05,-3.431236987338983,1.54,1.45
2,1.6800000000000002,-10.427578817731373,3.47,1.99
2,5.15,-9.061611335739357,2.14,2.18
2,7.29,-6.929740254872475,2.05,2.72
2,9.34,-1.361763562443946,2.21,2.45
2,9.34,-2.7617635624439454,1.94,1.4
2,-1.6799999999999995,-9.93801894332817,3.3,2.47
2,1.6900000000000004,-8.437578817731373,3.46,2.22
2,-1.6799999999999995,-7.46801894332817,3.37,3.57
2,-7.02,-7.412351373842562,3.65,3.48
2,-3.3599999999999994,-7.094060355503738,1.68,2.57
2,5.199999999999999,-6.881611335739358,2.09,3.98
2,1.6900000000000006,-6.217578817731372,3.51,4.1
2,-3.2299999999999995,-4.524060355503739,1.55,3.19
2,7.289999999999999,-4.209740254872475,2.05,3.87
2,-6.91,-3.9323513738425624,3.68,2.05
2,-1.6799999999999995,-3.8980189433281702,3.32,4.68
2,-9.51,-3.2545350846791465,2.54,4.8
2,5.26,-2.9016113357393576,2.03,4.59
2,1.75,-2.1175788177313724,3.51,2.03
2,-6.97,-1.8823513738425626,3.71,4.0
2,-3.26,-1.334060355503739,1.53,2.67
2,7.289999999999999,-0.33974025487247506,1.99,4.45
2,-11.42,-0.3312369873389831,1.91,2.09
2,1.6599999999999997,-0.08757881773137255,3.6,2.26
2,-1.72,0.7819810566718295,3.38,3.99
2,9.28,1.0882364375560543,1.92,1.44
2,-3.13,1.335939644496261,1.41,2.87
2,-9.45,1.5454649153208533,2.48,4.5
2,5.279999999999999,1.6883886642606423,2.01,3.73
2,-10.739999999999998,1.7587630126610168,1.29,2.54
2,-6.969999999999999,2.1176486261574374,3.84,4.96
2,1.9499999999999993,2.1724211822686272,3.33,1.78
2,9.28,2.528236437556054,1.26,2.24
2,2.0099999999999993,3.952421182268627,3.27,2.29
2,7.289999999999999,4.110259745127525,1.86,2.57
2,-3.129999999999999,4.205939644496262,1.27,3.3
2,-1.859999999999999,4.77198105667183,3.78,1.26
2,5.3999999999999995,5.418388664260642,1.89,2.78
2,-1.859999999999999,6.03198105667183,3.77,4.72
2,1.910000000000001,6.242421182268627,3.17,3.82
2,-8.059999999999999,7.077648626157437,4.93,1.28
2,-6.52,8.357648626157436,4.66,1.22
3,-2.47,-11.364682133698242,4.94,3.55
3,-6.720000000000001,-9.492022966681024,4.25,4.9
3,-11.24,-2.986519713646642,4.52,1.78
3,-9.84,-4.696519713646642,3.12,1.71
3,-9.16,-6.966519713646642,2.44,2.27
3,2.4699999999999998,-9.568949785634787,4.14,1.88
3,6.6099999999999985,-2.6244999523718917,4.72,3.8
3,6.609999999999999,-3.7144999523718916,4.3,1.09
3,6.609999999999999,-6.024499952371892,3.17,2.31
3,-2.4700000000000006,-7.814682133698242,4.86,1.84
3,2.4999999999999973,-7.6889497856347875,4.11,4.91
3,-2.3900000000000023,-5.974682133698242,4.89,3.02
3,-6.720000000000001,-4.592022966681023,4.31,1.65
3,-2.3000000000000016,-2.9546821336982423,4.8,2.5
3,-6.720000000000001,-2.9420229666810234,4.42,4.48
3,2.4999999999999982,-2.7789497856347873,4.11,4.92
3,-11.32,-1.2065197136466421,4.6,3.15
3,-2.1700000000000017,-0.4546821336982423,4.67,1.27
3,-2.200000000000002,0.8153178663017577,4.7,4.99
3,6.6099999999999985,1.1755000476281081,4.41,1.35
3,-6.710000000000002,1.537977033318977,4.51,1.97
3,-10.780000000000001,1.9434802863533578,4.07,1.8
3,2.4999999999999982,2.1410502143652126,3.92,4.47
3,6.419999999999998,2.525500047628108,4.38,1.76
3,-6.700000000000001,3.5079770333189773,4.5,4.33
3,-9.040000000000001,3.743480286353358,2.34,3.29
3,6.419999999999998,4.285500047628108,2.46,3.14
3,-2.200000000000001,5.805317866301758,4.61,3.85
3,2.4099999999999993,6.611050214365212,3.02,3.61
3,-4.070000000000001,7.837977033318977,1.87,2.97
4,-11.467897584125874,-1.935,1.82,3.87
4,-10.657761256474084,-4.655000000000001,4.96,2.72
4,-9.28368865268542,-7.005000000000001,4.24,2.35
4,-6.586704411160411,-9.585,4.53,2.58
4,-2.0567044111604105,-11.446696770907899,2.3,3.86
4,0.24329558883958935,-11.507537354299277,1.44,3.5
4,1.6832955888395893,-10.94468299270541,2.25,3.82
4,3.9332955888395893,-9.675323045927898,2.52,4.98
4,6.453295588839589,-2.1299417781294436,4.98,4.1
4,6.453295588839589,-6.139941778129444,2.67,4.01
4,0.6132955888395892,-8.007537354299277,1.07,4.59
4,-2.0567044111604105,-7.586696770907899,2.67,4.88
4,1.6832955888395893,-7.124682992705409,1.83,4.24
4,-4.946704411160411,-7.005000000000001,2.89,3.52
4,3.7832955888395894,-4.695323045927898,2.67,3.27
4,-0.8167044111604094,-2.7066967709078993,4.6,2.44
