Instance: r150
Bin radius: 16.45
Rho: 2/3
Rotate enable: false
Bin num: 2
Lower bound: 2
Opt: true
Gap: 0.0
Bin id,X coordinate of lower left corner,Y coordinate of lower left corner,Item's width,Item's height
1,-1.455,-16.38552638763857,2.91,4.21
1,-5.655,-15.447442344932055,4.2,2.96
1,-8.165000000000001,-14.280590849121053,2.51,4.69
1,-10.765,-12.438539906275173,2.6,1.73
1,-13.625,-9.217476606967873,2.86,3.57
1,-14.745000000000001,-7.292974358929278,1.12,1.95
1,-16.265,-2.460137191296443,1.52,4.88
1,-16.015,-3.630137191296443,1.27,1.17
1,-12.325000000000001,-10.237476606967872,1.56,1.02
1,1.455,-16.134759837072256,1.75,2.46
1,3.205,-14.689059704419476,4.2,1.29
1,3.205,-15.819059704419477,1.17,1.13
1,7.405,-11.718168585576842,4.14,2.38
1,7.405,-12.808168585576842,2.7,1.09
1,11.545,-9.823160133073266,1.65,3.56
1,13.195,-7.024021284136315,1.68,4.04
1,14.875,-2.324064327853242,1.41,2.87
1,14.875,-3.8040643278532413,1.12,1.48
1,1.455,-13.674759837072255,1.58,1.5
1,3.1550000000000002,-13.399059704419475,4.25,4.9
1,-5.655000000000001,-12.487442344932056,4.12,1.96
1,-1.535000000000001,-12.17552638763857,2.99,4.11
1,1.4549999999999992,-12.174759837072255,1.68,2.57
1,-10.765,-10.708539906275172,2.6,1.1
1,-5.595000000000001,-10.527442344932055,4.06,1.93
1,-10.765,-9.608539906275173,2.59,1.51
1,1.4549999999999992,-9.604759837072255,1.54,1.45
1,-8.175,-9.590590849121053,2.54,4.8
1,7.405,-9.338168585576842,4.14,1.88
1,-5.635000000000001,-8.597442344932055,4.06,2.48
1,2.994999999999999,-8.499059704419475,4.41,1.35
1,1.4649999999999992,-8.154759837072255,1.53,2.67
1,-10.695,-8.098539906275173,2.52,4.98
1,-1.535000000000001,-8.06552638763857,3.0,3.13
1,7.475000000000001,-7.458168585576842,4.07,1.8
1,2.994999999999999,-7.149059704419475,4.42,4.48
1,11.645,-6.263160133073265,1.55,3.19
1,-5.635000000000001,-6.117442344932055,3.97,4.92
1,7.414999999999999,-5.658168585576842,4.11,4.91
1,-13.585,-5.647476606967873,2.89,4.38
1,1.5149999999999992,-5.4847598370722555,1.48,2.67
1,-15.535,-5.280137191296443,1.95,1.65
1,-1.6650000000000005,-4.93552638763857,3.18,2.78
1,-8.125,-4.790590849121053,2.49,3.44
1,-14.745000000000001,-3.6301371912964435,1.11,1.6
1,-10.695,-3.1185399062751724,2.48,4.5
1,11.524999999999999,-3.0731601330732654,1.44,3.5
1,12.964999999999998,-2.9840212841363147,1.91,2.09
1,1.5149999999999997,-2.8147598370722555,1.43,1.34
1,3.0349999999999993,-2.6690597044194746,4.38,1.76
1,-1.6650000000000005,-2.1555263876385706,3.15,4.17
1,-14.745000000000001,-2.0301371912964434,1.07,4.22
1,1.4849999999999994,-1.4747598370722554,1.29,2.54
1,-8.215,-1.3505908491210534,2.45,2.27
1,-13.675,-1.2674766069678727,2.89,1.86
1,-5.635000000000002,-1.197442344932055,3.97,2.89
1,2.7749999999999995,-0.9090597044194746,4.51,1.94
1,13.015,-0.8940212841363149,1.86,2.57
1,7.284999999999999,-0.7481685855768418,4.24,2.35
1,11.745000000000001,0.4268398669267346,1.27,3.3
1,14.875,0.5459356721467583,1.22,1.59
1,-13.675,0.5925233930321274,2.91,2.04
1,-7.975000000000001,0.9194091508789466,2.34,3.29
1,2.7749999999999995,1.0309402955805254,4.51,1.97
1,1.5149999999999995,1.0652401629277446,1.26,2.24
1,-10.705000000000002,1.3814600937248276,2.73,4.88
1,7.445000000000001,1.6018314144231582,4.3,1.09
1,13.015,1.675978715863685,1.82,3.87
1,-5.635000000000002,1.692557655067945,3.92,4.47
1,-1.7150000000000016,2.0144736123614293,3.19,3.41
1,14.835,2.1359356721467586,1.11,1.9
1,-14.745000000000001,2.1898628087035563,1.07,4.59
1,-13.675,2.6325233930321277,2.89,3.52
1,7.435000000000001,2.6918314144231585,4.31,1.65
1,2.7749999999999995,3.0009402955805253,4.66,1.22
1,1.4749999999999983,3.3052401629277446,1.11,3.63
1,-7.975000000000001,4.209409150878947,2.29,1.65
1,2.584999999999998,4.220940295580525,4.72,3.8
1,7.304999999999998,4.341831414423158,4.94,3.55
1,-1.7150000000000016,5.42447361236143,3.19,1.33
1,12.244999999999997,5.545978715863685,2.14,2.18
1,-7.975000000000001,5.859409150878946,2.3,3.86
1,-13.675,6.152523393032128,2.85,1.54
1,-5.675000000000002,6.162557655067944,3.87,1.13
1,-10.735000000000001,6.2614600937248275,2.76,4.41
1,-1.8050000000000015,6.75447361236143,3.28,1.12
1,-5.675000000000002,7.292557655067944,3.84,4.96
1,-12.945,7.692523393032128,2.21,2.45
1,-1.8350000000000017,7.87447361236143,4.11,4.92
1,7.304999999999998,7.891831414423158,4.6,3.15
1,2.2749999999999986,8.020940295580525,4.89,3.02
1,-7.925000000000002,9.719409150878946,2.25,3.82
1,-10.025,10.671460093724829,2.1,1.36
1,2.2749999999999986,11.040940295580524,4.96,2.72
1,7.2349999999999985,11.041831414423157,3.12,1.71
1,-5.675000000000002,12.252557655067944,3.78,1.26
1,-1.635000000000002,12.794473612361429,3.91,2.76
1,-5.295000000000003,13.512557655067944,3.66,1.86
1,2.274999999999998,13.760940295580525,3.36,1.57
2,-1.735,-16.358247919627576,3.47,1.99
2,-4.385,-15.854787131967429,2.65,4.79
2,-6.435,-15.139130589303997,2.05,2.72
2,-10.954999999999998,-12.271531078068458,4.52,1.78
2,-14.415,-7.925293369964294,3.46,2.22
2,-16.185,-2.9407949605506354,1.77,1.98
2,-12.894999999999998,-9.325293369964294,1.94,1.4
2,-8.354999999999999,-13.711531078068457,1.92,1.44
2,1.7349999999999999,-15.832443746939383,2.73,4.37
2,4.465,-14.788187008555171,2.74,4.02
2,7.204999999999999,-12.658889169275477,3.3,2.47
2,10.504999999999999,-8.380839755060348,3.65,3.48
2,14.155,-3.153010466205269,1.99,4.45
2,-1.7349999999999999,-14.368247919627576,3.37,3.57
2,-6.434999999999999,-12.419130589303997,2.05,3.87
2,1.795,-11.462443746939382,2.67,4.01
2,-4.384999999999999,-11.064787131967428,2.44,2.27
2,-1.8850000000000002,-10.798247919627576,3.68,2.05
2,4.465,-10.768187008555172,2.67,4.88
2,-10.954999999999998,-10.491531078068459,4.5,4.33
2,7.184999999999999,-10.188889169275477,3.32,4.68
2,-4.384999999999999,-8.794787131967428,2.46,3.14
2,-1.924999999999999,-8.748247919627577,3.6,2.26
2,-6.414999999999999,-8.549130589303996,2.03,4.59
2,1.7349999999999999,-7.452443746939382,2.73,2.05
2,-1.855,-6.488247919627577,3.59,1.5
2,-10.945,-6.1615310780684585,4.53,2.58
2,4.465,-5.888187008555172,2.67,3.27
2,-14.115,-5.250794960550635,3.17,2.31
2,-4.385,-5.654787131967428,2.01,3.73
2,7.135,-5.508889169275477,3.33,1.78
2,2.375,-5.402443746939382,2.09,3.98
2,-2.2350000000000003,-4.988247919627577,4.61,3.85
2,10.465,-4.42301046620527,4.67,1.27
2,-6.2749999999999995,-3.959130589303996,1.89,2.78
2,7.135,-3.728889169275477,3.27,2.29
2,-10.875,-3.5815310780684584,4.6,2.44
2,10.445,-3.1530104662052696,3.71,4.0
2,-14.415,-2.9407949605506354,3.51,2.03
2,4.465,-2.618187008555172,1.87,2.97
2,-4.0649999999999995,-1.924787131967428,1.83,4.24
2,6.675000000000001,-1.4388891692754768,3.77,4.72
2,-8.925,-1.1415310780684584,4.86,1.84
2,-2.2349999999999994,-1.138247919627577,4.8,2.5
2,-13.905000000000001,-0.9107949605506356,4.98,4.1
2,3.165000000000001,0.35181299144482825,3.51,4.1
2,-8.925,0.6984689219315416,4.7,4.99
2,10.445,0.8469895337947304,3.38,3.99
2,-1.7649999999999988,1.361752080372423,4.93,1.28
2,-4.2250000000000005,2.641752080372423,3.17,3.82
2,-1.0550000000000006,2.641752080372423,3.02,3.61
